/home/jshaw/scratch/2022_sketched_distance/references/SGB_genome_fastas_part2/2276/Bengtsson-PalmeJ_2015__TRAVELRES25__bin.12.fa	/home/jshaw/scratch/2022_sketched_distance/references/SGB_genome_fastas_part2/2276/Bengtsson-PalmeJ_2015__TRAVELRES5__bin.98.fa	/home/jshaw/scratch/2022_sketched_distance/references/SGB_genome_fastas_part2/2276/Bengtsson-PalmeJ_2015__TRAVELRES6__bin.43.fa	/home/jshaw/scratch/2022_sketched_distance/references/SGB_genome_fastas_part2/2276/LeChatelierE_2013__MH0431__bin.38.fa	/home/jshaw/scratch/2022_sketched_distance/references/SGB_genome_fastas_part2/2276/LeChatelierE_2013__MH0457__bin.50.fa	/home/jshaw/scratch/2022_sketched_distance/references/SGB_genome_fastas_part2/2276/LiJ_2014__V1.FI17__bin.65.fa	/home/jshaw/scratch/2022_sketched_distance/references/SGB_genome_fastas_part2/2276/RaymondF_2016__P13E90__bin.60.fa	/home/jshaw/scratch/2022_sketched_distance/references/SGB_genome_fastas_part2/2276/RaymondF_2016__P7C0__bin.4.fa	/home/jshaw/scratch/2022_sketched_distance/references/SGB_genome_fastas_part2/2276/RaymondF_2016__P7C7__bin.43.fa	/home/jshaw/scratch/2022_sketched_distance/references/SGB_genome_fastas_part2/2276/XieH_2016__YSZC12003_35387__bin.38.fa	/home/jshaw/scratch/2022_sketched_distance/references/SGB_genome_fastas_part2/2276/XieH_2016__YSZC12003_35506__bin.67.fa	/home/jshaw/scratch/2022_sketched_distance/references/SGB_genome_fastas_part2/2276/XieH_2016__YSZC12003_35549__bin.60.fa	/home/jshaw/scratch/2022_sketched_distance/references/SGB_genome_fastas_part2/2276/XieH_2016__YSZC12003_35552__bin.42.fa	/home/jshaw/scratch/2022_sketched_distance/references/SGB_genome_fastas_part2/2276/XieH_2016__YSZC12003_35991__bin.74.fa	/home/jshaw/scratch/2022_sketched_distance/references/SGB_genome_fastas_part2/2276/XieH_2016__YSZC12003_36049__bin.84.fa	/home/jshaw/scratch/2022_sketched_distance/references/SGB_genome_fastas_part2/2276/XieH_2016__YSZC12003_36058__bin.134.fa	/home/jshaw/scratch/2022_sketched_distance/references/SGB_genome_fastas_part2/2276/XieH_2016__YSZC12003_36525__bin.33.fa	/home/jshaw/scratch/2022_sketched_distance/references/SGB_genome_fastas_part2/2276/XieH_2016__YSZC12003_36534__bin.4.fa	/home/jshaw/scratch/2022_sketched_distance/references/SGB_genome_fastas_part2/2276/XieH_2016__YSZC12003_37102__bin.80.fa	/home/jshaw/scratch/2022_sketched_distance/references/SGB_genome_fastas_part2/2276/XieH_2016__YSZC12003_37171__bin.15.fa	/home/jshaw/scratch/2022_sketched_distance/references/SGB_genome_fastas_part2/2276/XieH_2016__YSZC12003_37182R1__bin.91.fa	/home/jshaw/scratch/2022_sketched_distance/references/SGB_genome_fastas_part2/2276/XieH_2016__YSZC12003_37192R1__bin.125.fa	/home/jshaw/scratch/2022_sketched_distance/references/SGB_genome_fastas_part2/2276/XieH_2016__YSZC12003_37314__bin.26.fa	/home/jshaw/scratch/2022_sketched_distance/references/SGB_genome_fastas_part2/2276/XieH_2016__YSZC12003_37332__bin.99.fa	/home/jshaw/scratch/2022_sketched_distance/references/SGB_genome_fastas_part2/2276/XieH_2016__YSZC12003_37348__bin.73.fa	/home/jshaw/scratch/2022_sketched_distance/references/SGB_genome_fastas_part2/2276/XieH_2016__YSZC12003_37399__bin.34.fa	/home/jshaw/scratch/2022_sketched_distance/references/SGB_genome_fastas_part2/2276/XieH_2016__YSZC12003_37798__bin.1.fa	/home/jshaw/scratch/2022_sketched_distance/references/SGB_genome_fastas_part2/2276/ZeeviD_2015__PNP_Main_140__bin.60.fa	/home/jshaw/scratch/2022_sketched_distance/references/SGB_genome_fastas_part2/2276/ZeeviD_2015__PNP_Main_524__bin.3.fa	/home/jshaw/scratch/2022_sketched_distance/references/SGB_genome_fastas_part2/2276/ZeeviD_2015__PNP_Main_589__bin.51.fa	/home/jshaw/scratch/2022_sketched_distance/references/SGB_genome_fastas_part2/2276/ZeeviD_2015__PNP_Main_712__bin.58.fa	/home/jshaw/scratch/2022_sketched_distance/references/SGB_genome_fastas_part2/2276/ZellerG_2014__CCIS16561622ST-4-0__bin.101.fa
1.0	0.9826536642227444	0.981811986648223	0.9825362052676274	0.9824057378283189	0.9832251533312727	0.9813348545752019	0.9613205522551934	0.9602265789557121	0.982781274408888	0.9823629854931032	0.9830268251586094	0.9831489139018174	0.9833008879933767	0.9838476591305916	0.9834465979411734	0.9604729343234727	0.9840763919167206	0.9611995005241399	0.9877001801454599	0.9843509787281227	0.9851290897538904	0.9611407984703346	0.9819921592633271	0.9830470980430664	0.9942760012813768	0.981875394831783	0.9826109685609105	0.9810837165862222	0.9826782893782804	0.9806608118090073	0.9840766285186194
0.9826536642227444	1.0	0.9991679716537015	0.9890710859858093	0.9895654278567241	0.9873054542466874	0.990109299811664	0.9634691306679457	0.9634047190169781	0.9906164086837097	0.9879171810457499	0.9912258156294026	0.9908670720142307	0.9907280495610846	0.9877041106553016	0.990080897362869	0.9627533940049725	0.9891588630278002	0.9634047190169781	0.9811225263883678	0.9793195624182256	0.9844552757179472	0.9661825894074212	0.9911158473263446	0.9909225175584202	0.979491214931196	0.9916078480119542	0.9876405330073679	0.9869575517492084	0.9855819243585564	0.9833931969808314	0.9796888657329935
0.981811986648223	0.9991679716537015	1.0	0.9899643816421662	0.9901670296413309	0.9908969542406408	0.990459201334289	0.9632329943977815	0.9627315028153793	0.9903748124962193	0.9914474929494296	0.9905902943544335	0.9899639130767768	0.990566421256145	0.9910030112097227	0.9910049644599952	0.9631776895585982	0.9912808120190285	0.9646744535053507	0.9815841448753416	0.9818610811924792	0.9833310802848728	0.9652161781131419	0.9914663502716957	0.9911332705505216	0.9829303532971427	0.9910747173981603	0.9908818107560695	0.990738730438943	0.9890890348814677	0.9870260618907828	0.9831511198115729
0.9825362052676274	0.9890710859858093	0.9899643816421662	1.0	0.9917049583682512	0.9907436592450336	0.9892201137796829	0.9634090274986504	0.962198029096929	0.9919286072841575	0.9891364213191737	0.9918045447170937	0.9908205341174064	0.9922244719688097	0.988786265107079	0.9901739818393813	0.9625050899429469	0.9896419727871187	0.962198029096929	0.9806022135267501	0.9803588268998795	0.9848264556706795	0.9654800316128582	0.9900693481388625	0.9913035851532451	0.981427311855355	0.9897004951941468	0.9901130151025438	0.9884052113361802	0.9867784714153741	0.9853298477575295	0.9823364776991903
0.9824057378283189	0.9895654278567241	0.9901670296413309	0.9917049583682512	1.0	0.9929356875935774	0.9899320556428945	0.9636725973928291	0.962755293423326	0.9936133868746323	0.9904110347464374	0.9926282863106699	0.9916369241982534	0.99377101424484	0.9900317458225726	0.9922996287184476	0.9624631754594892	0.99148321816869	0.963043776045088	0.980438175569008	0.9814742538571046	0.9840453013555862	0.9653786398630995	0.9902420992004617	0.9929022360026082	0.9828077014905854	0.9897383794776682	0.9912126117151101	0.9899241484772766	0.988856382289462	0.9866256403653916	0.9829493505340728
0.9832251533312727	0.9873054542466874	0.9908969542406408	0.9907436592450336	0.9929356875935774	1.0	0.9896501889928326	0.9622772608483366	0.9606718488668706	0.9930433580144812	0.9829342132390805	0.9933642838963689	0.9912771079349294	0.993186375945739	0.9773995822855819	0.9922455168482772	0.9616259179939787	0.9900448858021303	0.9614373633124077	0.9815412380415357	0.9795505827634267	0.9852379479507997	0.9639813095292774	0.9903183913274823	0.9980553407271369	0.9755928392175333	0.9905123742137173	0.9782394904736804	0.9802453274359063	0.985778310830525	0.9844568853463749	0.9702430771208931
0.9813348545752019	0.990109299811664	0.990459201334289	0.9892201137796829	0.9899320556428945	0.9896501889928326	1.0	0.963818948154106	0.9629031938999368	0.9901590069116766	0.9934277403121814	0.9896270051851987	0.9907072949575573	0.9903594395429121	0.9933666923721721	0.989418573503688	0.9631921825348112	0.9901973414171242	0.9645036436948209	0.9805067089507218	0.9804684500473115	0.9838643511963566	0.9666785542992158	0.9924171463345111	0.9896260229105195	0.9814700086038304	0.9931597983513489	0.9901615929263965	0.9964042324129739	0.9880588283044317	0.9865636020749242	0.9816417773284923
0.9613205522551934	0.9634691306679457	0.9632329943977815	0.9634090274986504	0.9636725973928291	0.9622772608483366	0.963818948154106	1.0	0.9983560066631433	0.9613754497344653	0.9638459645522354	0.9629152403411457	0.9622440234924298	0.9625303591299589	0.9643827307827294	0.9634342345061224	0.9929355057284309	0.962655004388409	0.982575752899918	0.9604576376375906	0.9618159430673447	0.9613190144122009	0.9825858505788438	0.9626704484868417	0.963043567155703	0.9630190580714549	0.9633144787043274	0.9644417066886205	0.9633938657019532	0.9646539277748305	0.9648401937729025	0.9600048273359616
0.9602265789557121	0.9634047190169781	0.9627315028153793	0.962198029096929	0.962755293423326	0.9606718488668706	0.9629031938999368	0.9983560066631433	1.0	0.960872838532857	0.9624783712728823	0.9617862588696859	0.9606972399571985	0.9609916367612356	0.9629654480530763	0.9620429798546984	0.9915615603785464	0.9609605422322813	0.9816131503558445	0.9596197158907337	0.9606257582285685	0.9610474796411119	0.981917482747641	0.9617943860113667	0.9617374726001356	0.9616323023031033	0.9625782251086366	0.9634648117802317	0.962101247650541	0.9630171571545882	0.9638564593793719	0.960277712791321
0.982781274408888	0.9906164086837097	0.9903748124962193	0.9919286072841575	0.9936133868746323	0.9930433580144812	0.9901590069116766	0.9613754497344653	0.960872838532857	1.0	0.9910948664359216	0.9931671002166281	0.9899734144279758	0.9944684808381103	0.9911938829261993	0.9944272221035536	0.9625000048626816	0.9928421937480724	0.9635181910539006	0.9813848108097697	0.9820006196942251	0.9822152745594982	0.9645236826961987	0.9910593094045419	0.9937751508430608	0.9837365067597215	0.9898092158725338	0.9917721062791005	0.9902197189535902	0.9894349643077687	0.9873004492103039	0.9830840013321632
0.9823629854931032	0.9879171810457499	0.9914474929494296	0.9891364213191737	0.9904110347464374	0.9829342132390805	0.9934277403121814	0.9638459645522354	0.9624783712728823	0.9910948664359216	1.0	0.9909656997197429	0.9917016057108309	0.9916065422201521	0.9860556178370774	0.9900138192328286	0.9634718833670917	0.9902130245097761	0.9645813100117233	0.9800560527967778	0.9786742398854903	0.9835596718917281	0.965794055303701	0.9955507266831537	0.9913836583023086	0.9750447892437216	0.9936373123373069	0.9840448963285007	0.985025684891745	0.9854109167006114	0.9837213554980241	0.9747922507280239
0.9830268251586094	0.9912258156294026	0.9905902943544335	0.9918045447170937	0.9926282863106699	0.9933642838963689	0.9896270051851987	0.9629152403411457	0.9617862588696859	0.9931671002166281	0.9909656997197429	1.0	0.9901619690112977	0.9932546985247837	0.9912319252980945	0.9933095396999589	0.9631776895585982	0.9920831045732138	0.9645036436948209	0.9820119142332929	0.9825871114127223	0.9837386219909341	0.9656264002929573	0.9905739268682546	0.9937751508430608	0.9837762987116478	0.9898092158725338	0.9918644415173437	0.9894924841116562	0.9890600429391865	0.9877826711520566	0.9832849457936075
0.9831489139018174	0.9908670720142307	0.9899639130767768	0.9908205341174064	0.9916369241982534	0.9912771079349294	0.9907072949575573	0.9622440234924298	0.9606972399571985	0.9899734144279758	0.9917016057108309	0.9901619690112977	1.0	0.9905929516734258	0.9920208635578611	0.9919066435618361	0.9624428797943628	0.9940309924424826	0.9642744763647952	0.9823695571169074	0.982893406533842	0.9837721695524834	0.9640479657891861	0.9914187225379535	0.9912802796004802	0.9834164205873474	0.9905452207663166	0.9920483419843883	0.9906742984117799	0.9892336134240394	0.987692790958658	0.983683176443285
0.9833008879933767	0.9907280495610846	0.990566421256145	0.9922244719688097	0.99377101424484	0.993186375945739	0.9903594395429121	0.9625303591299589	0.9609916367612356	0.9944684808381103	0.9916065422201521	0.9932546985247837	0.9905929516734258	1.0	0.9910412738788112	0.9941513163403594	0.9630657310870498	0.9930112173257956	0.9641592770842942	0.9820119142332929	0.982621285981674	0.9836625791349455	0.965198636884566	0.9917742688075668	0.9940236015195092	0.9840534986401861	0.9903993268212619	0.9921399101049446	0.990512666158263	0.9896065777576606	0.9879021310252969	0.9838804925055634
0.9838476591305916	0.9877041106553016	0.9910030112097227	0.988786265107079	0.9900317458225726	0.9773995822855819	0.9933666923721721	0.9643827307827294	0.9629654480530763	0.9911938829261993	0.9860556178370774	0.9912319252980945	0.9920208635578611	0.9910412738788112	1.0	0.9900711500761561	0.9637703489843108	0.9905015202350663	0.9642959588414476	0.981937364398251	0.981429051725856	0.9848781035991164	0.9654061311529067	0.9929361755797338	0.9908110301971691	0.97675572524225	0.9936859458393121	0.9793378211908457	0.9851078512875208	0.9856527753913289	0.9839900946062241	0.9701432475191963
0.9834465979411734	0.990080897362869	0.9910049644599952	0.9901739818393813	0.9922996287184476	0.9922455168482772	0.989418573503688	0.9634342345061224	0.9620429798546984	0.9944272221035536	0.9900138192328286	0.9933095396999589	0.9919066435618361	0.9941513163403594	0.9900711500761561	1.0	0.9631965684129004	0.9908722414732832	0.9629571298868392	0.9810959465787333	0.9808672850332832	0.9849147834411892	0.9652188612413277	0.9911063746566855	0.9933095396999589	0.9823124494514542	0.9907500684467063	0.990403415404069	0.9888853117448348	0.9879690074370436	0.9866875618485093	0.9824051437736815
0.9604729343234727	0.9627533940049725	0.9631776895585982	0.9625050899429469	0.9624631754594892	0.9616259179939787	0.9631921825348112	0.9929355057284309	0.9915615603785464	0.9625000048626816	0.9634718833670917	0.9631776895585982	0.9624428797943628	0.9630657310870498	0.9637703489843108	0.9631965684129004	1.0	0.9619129431476999	0.9814781277098658	0.9601379511272713	0.9599449188416348	0.9600701541780304	0.9828319603151717	0.9620303524041032	0.962574752829686	0.9622560510681011	0.9627496349739141	0.9637937546941124	0.9628679011170858	0.9642213959964481	0.9644135093930875	0.9568384831505886
0.9840763919167206	0.9891588630278002	0.9912808120190285	0.9896419727871187	0.99148321816869	0.9900448858021303	0.9901973414171242	0.962655004388409	0.9609605422322813	0.9928421937480724	0.9902130245097761	0.9920831045732138	0.9940309924424826	0.9930112173257956	0.9905015202350663	0.9908722414732832	0.9619129431476999	1.0	0.9615353722455139	0.9820906699579377	0.9818261034153826	0.9855283579971391	0.9642644572573972	0.9922560407639666	0.9918344734043365	0.982848636466548	0.9910004634211562	0.9911184346768598	0.989088947396978	0.9881484048791453	0.9861888940554228	0.9824051437736815
0.9611995005241399	0.9634047190169781	0.9646744535053507	0.962198029096929	0.963043776045088	0.9614373633124077	0.9645036436948209	0.982575752899918	0.9816131503558445	0.9635181910539006	0.9645813100117233	0.9645036436948209	0.9642744763647952	0.9641592770842942	0.9642959588414476	0.9629571298868392	0.9814781277098658	0.9615353722455139	1.0	0.9589044208439695	0.9608940911206598	0.9623187415708924	0.9905004269076622	0.9631034626934903	0.9635181910539006	0.9596847102845854	0.9645606811823151	0.9654934277734223	0.9633938657019532	0.9624962784029872	0.9637313480399835	0.9583167362237379
0.9877001801454599	0.9811225263883678	0.9815841448753416	0.9806022135267501	0.980438175569008	0.9815412380415357	0.9805067089507218	0.9604576376375906	0.9596197158907337	0.9813848108097697	0.9800560527967778	0.9820119142332929	0.9823695571169074	0.9820119142332929	0.981937364398251	0.9810959465787333	0.9601379511272713	0.9820906699579377	0.9589044208439695	1.0	0.9828255880158748	0.9845583304549299	0.9608999029633145	0.9810161799478316	0.9808472368969822	0.9880928397513773	0.9810498640665128	0.9821186994380794	0.9795817535349219	0.980681422266022	0.9787077517663183	0.9817119146661756
0.9843509787281227	0.9793195624182256	0.9818610811924792	0.9803588268998795	0.9814742538571046	0.9795505827634267	0.9804684500473115	0.9618159430673447	0.9606257582285685	0.9820006196942251	0.9786742398854903	0.9825871114127223	0.982893406533842	0.982621285981674	0.981429051725856	0.9808672850332832	0.9599449188416348	0.9818261034153826	0.9608940911206598	0.9828255880158748	1.0	0.9868158189576685	0.9612924221825695	0.9812968998965086	0.9818261034153826	0.9832955779222459	0.9810469776134927	0.9809832535485578	0.9780547635228175	0.9796159838943487	0.9776651990131319	0.9810036815078007
0.9851290897538904	0.9844552757179472	0.9833310802848728	0.9848264556706795	0.9840453013555862	0.9852379479507997	0.9838643511963566	0.9613190144122009	0.9610474796411119	0.9822152745594982	0.9835596718917281	0.9837386219909341	0.9837721695524834	0.9836625791349455	0.9848781035991164	0.9849147834411892	0.9600701541780304	0.9855283579971391	0.9623187415708924	0.9845583304549299	0.9868158189576685	1.0	0.961268520476577	0.9839032281052706	0.9847300062570277	0.985781681370007	0.9840788036906696	0.985080643104985	0.9839349854357845	0.9849570554760839	0.9830265897829176	0.9979657936427717
0.9611407984703346	0.9661825894074212	0.9652161781131419	0.9654800316128582	0.9653786398630995	0.9639813095292774	0.9666785542992158	0.9825858505788438	0.981917482747641	0.9645236826961987	0.965794055303701	0.9656264002929573	0.9640479657891861	0.965198636884566	0.9654061311529067	0.9652188612413277	0.9828319603151717	0.9642644572573972	0.9905004269076622	0.9608999029633145	0.9612924221825695	0.961268520476577	1.0	0.9653232806344879	0.9646878529184517	0.9623331734970136	0.9648451594993103	0.9667117429886468	0.9653455732925187	0.9655616453378862	0.9666073425866458	0.9595910854473713
0.9819921592633271	0.9911158473263446	0.9914663502716957	0.9900693481388625	0.9902420992004617	0.9903183913274823	0.9924171463345111	0.9626704484868417	0.9617943860113667	0.9910593094045419	0.9955507266831537	0.9905739268682546	0.9914187225379535	0.9917742688075668	0.9929361755797338	0.9911063746566855	0.9620303524041032	0.9922560407639666	0.9631034626934903	0.9810161799478316	0.9812968998965086	0.9839032281052706	0.9653232806344879	1.0	0.9906882768701757	0.9823955132947938	0.9928869889336172	0.9911184346768598	0.9925850677443445	0.9888855538173142	0.9867802260350247	0.9821987120413179
0.9830470980430664	0.9909225175584202	0.9911332705505216	0.9913035851532451	0.9929022360026082	0.9980553407271369	0.9896260229105195	0.963043567155703	0.9617374726001356	0.9937751508430608	0.9913836583023086	0.9937751508430608	0.9912802796004802	0.9940236015195092	0.9908110301971691	0.9933095396999589	0.962574752829686	0.9918344734043365	0.9635181910539006	0.9808472368969822	0.9818261034153826	0.9847300062570277	0.9646878529184517	0.9906882768701757	1.0	0.9837762987116478	0.990463511153571	0.9913065210778248	0.9896924158945608	0.9889729138253704	0.986964774938511	0.9832849457936075
0.9942760012813768	0.979491214931196	0.9829303532971427	0.981427311855355	0.9828077014905854	0.9755928392175333	0.9814700086038304	0.9630190580714549	0.9616323023031033	0.9837365067597215	0.9750447892437216	0.9837762987116478	0.9834164205873474	0.9840534986401861	0.97675572524225	0.9823124494514542	0.9622560510681011	0.982848636466548	0.9596847102845854	0.9880928397513773	0.9832955779222459	0.985781681370007	0.9623331734970136	0.9823955132947938	0.9837762987116478	1.0	0.9828895203589156	0.9760000166281829	0.9743987899656554	0.980517557664138	0.9785250813012683	0.9762324975163248
0.981875394831783	0.9916078480119542	0.9910747173981603	0.9897004951941468	0.9897383794776682	0.9905123742137173	0.9931597983513489	0.9633144787043274	0.9625782251086366	0.9898092158725338	0.9936373123373069	0.9898092158725338	0.9905452207663166	0.9903993268212619	0.9936859458393121	0.9907500684467063	0.9627496349739141	0.9910004634211562	0.9645606811823151	0.9810498640665128	0.9810469776134927	0.9840788036906696	0.9648451594993103	0.9928869889336172	0.990463511153571	0.9828895203589156	1.0	0.9910239884071139	0.994160114794952	0.988622075900986	0.9866875618485093	0.983016745098364
0.9826109685609105	0.9876405330073679	0.9908818107560695	0.9901130151025438	0.9912126117151101	0.9782394904736804	0.9901615929263965	0.9644417066886205	0.9634648117802317	0.9917721062791005	0.9840448963285007	0.9918644415173437	0.9920483419843883	0.9921399101049446	0.9793378211908457	0.990403415404069	0.9637937546941124	0.9911184346768598	0.9654934277734223	0.9821186994380794	0.9809832535485578	0.985080643104985	0.9667117429886468	0.9911184346768598	0.9913065210778248	0.9760000166281829	0.9910239884071139	1.0	0.9833954560141617	0.9863037369025822	0.9839277689093855	0.9658736690468731
0.9810837165862222	0.9869575517492084	0.990738730438943	0.9884052113361802	0.9899241484772766	0.9802453274359063	0.9964042324129739	0.9633938657019532	0.962101247650541	0.9902197189535902	0.985025684891745	0.9894924841116562	0.9906742984117799	0.990512666158263	0.9851078512875208	0.9888853117448348	0.9628679011170858	0.989088947396978	0.9633938657019532	0.9795817535349219	0.9780547635228175	0.9839349854357845	0.9653455732925187	0.9925850677443445	0.9896924158945608	0.9743987899656554	0.994160114794952	0.9833954560141617	1.0	0.98517758405493	0.9833761891787294	0.9751369168637346
0.9826782893782804	0.9855819243585564	0.9890890348814677	0.9867784714153741	0.988856382289462	0.985778310830525	0.9880588283044317	0.9646539277748305	0.9630171571545882	0.9894349643077687	0.9854109167006114	0.9890600429391865	0.9892336134240394	0.9896065777576606	0.9856527753913289	0.9879690074370436	0.9642213959964481	0.9881484048791453	0.9624962784029872	0.980681422266022	0.9796159838943487	0.9849570554760839	0.9655616453378862	0.9888855538173142	0.9889729138253704	0.980517557664138	0.988622075900986	0.9863037369025822	0.98517758405493	1.0	0.985800417836467	0.9808601757498948
0.9806608118090073	0.9833931969808314	0.9870260618907828	0.9853298477575295	0.9866256403653916	0.9844568853463749	0.9865636020749242	0.9648401937729025	0.9638564593793719	0.9873004492103039	0.9837213554980241	0.9877826711520566	0.987692790958658	0.9879021310252969	0.9839900946062241	0.9866875618485093	0.9644135093930875	0.9861888940554228	0.9637313480399835	0.9787077517663183	0.9776651990131319	0.9830265897829176	0.9666073425866458	0.9867802260350247	0.986964774938511	0.9785250813012683	0.9866875618485093	0.9839277689093855	0.9833761891787294	0.985800417836467	1.0	0.9798375966684658
0.9840766285186194	0.9796888657329935	0.9831511198115729	0.9823364776991903	0.9829493505340728	0.9702430771208931	0.9816417773284923	0.9600048273359616	0.960277712791321	0.9830840013321632	0.9747922507280239	0.9832849457936075	0.983683176443285	0.9838804925055634	0.9701432475191963	0.9824051437736815	0.9568384831505886	0.9824051437736815	0.9583167362237379	0.9817119146661756	0.9810036815078007	0.9979657936427717	0.9595910854473713	0.9821987120413179	0.9832849457936075	0.9762324975163248	0.983016745098364	0.9658736690468731	0.9751369168637346	0.9808601757498948	0.9798375966684658	1.0
