/home/jshaw/scratch/2022_sketched_distance/references/SGB_genome_fastas_part5/14499/BritoIL_2016__M1.15.ST__bin.10.fa	/home/jshaw/scratch/2022_sketched_distance/references/SGB_genome_fastas_part5/14499/BritoIL_2016__M1.22.ST__bin.19.fa	/home/jshaw/scratch/2022_sketched_distance/references/SGB_genome_fastas_part5/14499/BritoIL_2016__M1.25.ST__bin.54.fa	/home/jshaw/scratch/2022_sketched_distance/references/SGB_genome_fastas_part5/14499/BritoIL_2016__M1.37.ST__bin.8.fa	/home/jshaw/scratch/2022_sketched_distance/references/SGB_genome_fastas_part5/14499/BritoIL_2016__M1.48.ST__bin.68.fa	/home/jshaw/scratch/2022_sketched_distance/references/SGB_genome_fastas_part5/14499/BritoIL_2016__M1.52.ST__bin.64.fa	/home/jshaw/scratch/2022_sketched_distance/references/SGB_genome_fastas_part5/14499/BritoIL_2016__M1.62.ST__bin.5.fa	/home/jshaw/scratch/2022_sketched_distance/references/SGB_genome_fastas_part5/14499/BritoIL_2016__M1.63.ST__bin.17.fa	/home/jshaw/scratch/2022_sketched_distance/references/SGB_genome_fastas_part5/14499/BritoIL_2016__M1.64.ST__bin.18.fa	/home/jshaw/scratch/2022_sketched_distance/references/SGB_genome_fastas_part5/14499/BritoIL_2016__M1.6.ST__bin.26.fa	/home/jshaw/scratch/2022_sketched_distance/references/SGB_genome_fastas_part5/14499/BritoIL_2016__M1.7.ST__bin.4.fa	/home/jshaw/scratch/2022_sketched_distance/references/SGB_genome_fastas_part5/14499/BritoIL_2016__M2.11.ST__bin.81.fa	/home/jshaw/scratch/2022_sketched_distance/references/SGB_genome_fastas_part5/14499/BritoIL_2016__M2.31.ST__bin.51.fa	/home/jshaw/scratch/2022_sketched_distance/references/SGB_genome_fastas_part5/14499/BritoIL_2016__M2.32.ST__bin.1.fa	/home/jshaw/scratch/2022_sketched_distance/references/SGB_genome_fastas_part5/14499/BritoIL_2016__M2.51.ST__bin.51.fa	/home/jshaw/scratch/2022_sketched_distance/references/SGB_genome_fastas_part5/14499/BritoIL_2016__M2.57.ST__bin.48.fa	/home/jshaw/scratch/2022_sketched_distance/references/SGB_genome_fastas_part5/14499/BritoIL_2016__M2.58.ST__bin.42.fa	/home/jshaw/scratch/2022_sketched_distance/references/SGB_genome_fastas_part5/14499/BritoIL_2016__M2.5.ST__bin.36.fa	/home/jshaw/scratch/2022_sketched_distance/references/SGB_genome_fastas_part5/14499/BritoIL_2016__W1.14.ST__bin.49.fa	/home/jshaw/scratch/2022_sketched_distance/references/SGB_genome_fastas_part5/14499/BritoIL_2016__W1.18.ST__bin.39.fa	/home/jshaw/scratch/2022_sketched_distance/references/SGB_genome_fastas_part5/14499/BritoIL_2016__W1.20.ST__bin.32.fa	/home/jshaw/scratch/2022_sketched_distance/references/SGB_genome_fastas_part5/14499/BritoIL_2016__W1.2.ST__bin.40.fa	/home/jshaw/scratch/2022_sketched_distance/references/SGB_genome_fastas_part5/14499/BritoIL_2016__W1.37.ST__bin.26.fa	/home/jshaw/scratch/2022_sketched_distance/references/SGB_genome_fastas_part5/14499/BritoIL_2016__W1.6.ST__bin.25.fa	/home/jshaw/scratch/2022_sketched_distance/references/SGB_genome_fastas_part5/14499/BritoIL_2016__W1.8.ST__bin.52.fa	/home/jshaw/scratch/2022_sketched_distance/references/SGB_genome_fastas_part5/14499/BritoIL_2016__W2.13.ST__bin.17.fa	/home/jshaw/scratch/2022_sketched_distance/references/SGB_genome_fastas_part5/14499/BritoIL_2016__W2.36.ST__bin.37.fa	/home/jshaw/scratch/2022_sketched_distance/references/SGB_genome_fastas_part5/14499/BritoIL_2016__W2.46.ST__bin.8.fa	/home/jshaw/scratch/2022_sketched_distance/references/SGB_genome_fastas_part5/14499/BritoIL_2016__W2.4.ST__bin.28.fa	/home/jshaw/scratch/2022_sketched_distance/references/SGB_genome_fastas_part5/14499/BritoIL_2016__W2.53.ST__bin.13.fa	/home/jshaw/scratch/2022_sketched_distance/references/SGB_genome_fastas_part5/14499/BritoIL_2016__W2.65.ST__bin.29.fa	/home/jshaw/scratch/2022_sketched_distance/references/SGB_genome_fastas_part5/14499/BritoIL_2016__W3.17.ST__bin.69.fa	/home/jshaw/scratch/2022_sketched_distance/references/SGB_genome_fastas_part5/14499/BritoIL_2016__W3.1.ST__bin.28.fa	/home/jshaw/scratch/2022_sketched_distance/references/SGB_genome_fastas_part5/14499/BritoIL_2016__W3.23.ST__bin.68.fa	/home/jshaw/scratch/2022_sketched_distance/references/SGB_genome_fastas_part5/14499/BritoIL_2016__WL.13.ST__bin.55.fa	/home/jshaw/scratch/2022_sketched_distance/references/SGB_genome_fastas_part5/14499/BritoIL_2016__WL.15.ST__bin.42.fa	/home/jshaw/scratch/2022_sketched_distance/references/SGB_genome_fastas_part5/14499/BritoIL_2016__WL.17.ST__bin.1.fa	/home/jshaw/scratch/2022_sketched_distance/references/SGB_genome_fastas_part5/14499/BritoIL_2016__WL.1.ST__bin.13.fa	/home/jshaw/scratch/2022_sketched_distance/references/SGB_genome_fastas_part5/14499/BritoIL_2016__WL.20.ST__bin.78.fa	/home/jshaw/scratch/2022_sketched_distance/references/SGB_genome_fastas_part5/14499/BritoIL_2016__WL.26.ST__bin.2.fa	/home/jshaw/scratch/2022_sketched_distance/references/SGB_genome_fastas_part5/14499/BritoIL_2016__WL.9.ST__bin.11.fa
1.0	0.9757673985012406	0.9701300462342476	0.9738230207174413	0.9684194195956884	0.9770214568322555	0.9736285277818367	0.9803065621646618	0.9773130548798057	0.971616626439726	0.9708464635690432	0.9745895467070064	0.9808840938435488	0.9793389197793506	0.972705153085593	0.9795021977215591	0.9704185198909667	0.9743360430465666	0.9752147851118395	0.9666130427675357	0.9749661314000196	0.9646993453472424	0.9762508500680052	0.9732360096646069	0.9761908100221578	0.9687990774773253	0.9641808171838204	0.9662065896860342	0.9772549437291747	0.9687990774773253	0.9764303084299398	0.9744630421820266	0.9703466423303552	0.9749036695862235	0.9742723567679811	0.9699848386627584	0.9773710625561063	0.9670941138649647	0.974715560522639	0.9646135026744836	0.9745263560259138
0.9757673985012406	1.0	0.9734778281917188	0.9698684430897886	0.9753886747148257	0.9706342181448114	0.9700135630045443	0.9693619144482788	0.973837678264685	0.9760857366563734	0.9731632036928437	0.9739653677742711	0.9701884636846684	0.971526903297888	0.9665054163324042	0.9728129744460027	0.9696976446543508	0.9698809789730525	0.9703512678377196	0.9668381412509488	0.970874792910441	0.9743562910970883	0.9696897624716078	0.9703106435639233	0.9700658204556046	0.9754607498321111	0.968007616888138	0.976142553940561	0.9697449348925674	0.9729755240053508	0.9690931738434648	0.9675098023963041	0.9746879100248546	0.9714777107767845	0.9685801772728733	0.9683937916514032	0.9700658204556046	0.9686579813381683	0.9713366094773376	0.9708868641136751	0.9728031967272283
0.9701300462342476	0.9734778281917188	1.0	0.9691612930572636	0.9658798795495073	0.9741801444251308	0.9709811436306558	0.9748152247737362	0.9706252735262784	0.9692734497807864	0.9656719540054302	0.9675623017196688	0.9753866749297425	0.9735868709030352	0.9734778281917188	0.9759482544268125	0.9680826484164353	0.9702050831241571	0.9725920347657282	0.9635152542953023	0.972982549394217	0.9680973249114115	0.9742335446541825	0.9730379552823665	0.9743932205127062	0.9663035835396754	0.9605524364322668	0.9653674044965126	0.9717966017739661	0.9629904922263379	0.969962500317303	0.9709221030474844	0.9669666978092863	0.9705057750405212	0.9714496312839509	0.9671664574840216	0.9732586372484204	0.9651108278892917	0.969840522987382	0.9630734261547486	0.9700840191995596
0.9738230207174413	0.9698684430897886	0.9691612930572636	1.0	0.9672713357439908	0.9709949542609522	0.965801506765144	0.9706704209611078	0.9707387029397873	0.9723208792402532	0.9697034591075077	0.9687133983641383	0.9715891602701969	0.9709487911379209	0.9679497451647919	0.9729201824554803	0.9667459649628375	0.9683527273313509	0.9698684430897886	0.9633339148790583	0.9708562668862989	0.9730002975528925	0.9697248295442114	0.9710410516370124	0.9714530005065347	0.9704379410003623	0.96502144249991	0.9698127032743363	0.9692901199857674	0.9695772352106244	0.9686020599083477	0.9702483227839215	0.9696875111178549	0.9676953013667031	0.9696768162244248	0.965200802804053	0.9724384643140559	0.9649054903201516	0.9686516961829912	0.9676527705735243	0.9698657300390656
0.9684194195956884	0.9753886747148257	0.9658798795495073	0.9672713357439908	1.0	0.9715305300524345	0.9688700889662166	0.970722402907834	0.9678727416383193	0.9672701336450265	0.9661697745047388	0.9672713357439908	0.9714772779825173	0.9711020408735389	0.9682282760528197	0.9730379552823665	0.9671496968406263	0.9691576578004124	0.9694426893759323	0.962149636874937	0.9737910001360917	0.9673992606216051	0.9715305300524345	0.9710480787552478	0.9727317735126756	0.9647214859197312	0.9602745773441964	0.9656048494607179	0.9720582900932453	0.9626983846396389	0.9705583275309042	0.9703382578477878	0.9652705306929967	0.9672105736583629	0.9686381759674899	0.9625739340683898	0.9703382578477878	0.9629232786554365	0.9717426670108515	0.9610909580294159	0.9704484798344308
0.9770214568322555	0.9706342181448114	0.9741801444251308	0.9709949542609522	0.9715305300524345	1.0	0.972428171520502	0.9714799237691188	0.9746845857638811	0.9766396298531699	0.9746072407960403	0.9783154938302823	0.9714052444707582	0.9716085202552367	0.9705627936038267	0.9716671455643536	0.9733158553033875	0.9733717233684754	0.9697908636067701	0.9704395678448635	0.9704559517807623	0.9760804841971327	0.9719863029781163	0.9690352503606415	0.9709618038000845	0.9767105989880437	0.9701301700648021	0.9764824200180305	0.9728080303527307	0.9747315823743194	0.9721974844022351	0.9700149351565152	0.9741857676257624	0.9722703287179267	0.9729189032741237	0.9713470312746698	0.9693337801937845	0.9730049537139264	0.9720504570358088	0.9722458695601427	0.9735086674377287
0.9736285277818367	0.9700135630045443	0.9709811436306558	0.965801506765144	0.9688700889662166	0.972428171520502	1.0	0.9716872560474887	0.9726235079545782	0.9726612516123636	0.9726672157611221	0.9720685584608426	0.9721686020618703	0.9724712317128617	0.969545942679838	0.9741892150882765	0.9671845300335411	0.970336919130745	0.9711986486201583	0.9658992853636721	0.9723850540494574	0.9722667295904539	0.9701062808665171	0.9707025535103058	0.9698273258107655	0.9735791513254003	0.9658139153876524	0.9729124099302942	0.9697805983953992	0.9687779207121019	0.9686383775382851	0.9692620881101142	0.9734694611895155	0.9698317673619576	0.9706570745595948	0.9680777679235355	0.9711090132430957	0.9662434997066136	0.968686785262976	0.9677858912552623	0.9690752111271816
0.9803065621646618	0.9693619144482788	0.9748152247737362	0.9706704209611078	0.970722402907834	0.9714799237691188	0.9716872560474887	1.0	0.9918739744956613	0.9764393031176294	0.9771712979457048	0.9758948033059015	0.9967767073346545	0.9746040652094663	0.9703075935961598	0.975364206124772	0.9717469297094179	0.9718389948565017	0.971088271861103	0.9699984070942922	0.9711669821980612	0.974545462575672	0.9708993664213541	0.9715965014942607	0.9702904565153408	0.9777597378140749	0.9717983715648558	0.9757415039247902	0.9726538363464322	0.974261999505163	0.9716325664751072	0.9708509858718786	0.9763393969143208	0.9727024364858694	0.9693943362263078	0.9694761343018504	0.9736626367700499	0.9698007000512855	0.9717584226006633	0.9726484137371796	0.9741564007269973
0.9773130548798057	0.973837678264685	0.9706252735262784	0.9707387029397873	0.9678727416383193	0.9746845857638811	0.9726235079545782	0.9918739744956613	1.0	0.9734418293283187	0.9727227016406983	0.9727803546615379	0.9921477173939285	0.9751914769496208	0.9716183341873244	0.9791475922661325	0.9698883841658044	0.9729190804908292	0.9737421992287328	0.9670182108975733	0.9784518270964716	0.9716539369619512	0.9743109063470103	0.9746381102363656	0.9748236147918582	0.9739874886499611	0.9683712055825777	0.9721487547161575	0.9751457212301679	0.9702384718062729	0.9739328772893425	0.9744515403727294	0.9730529307419431	0.9730658626158378	0.9724747050585606	0.9660624665465077	0.9764471777395158	0.9678318540085742	0.9742638926871071	0.9675190982088435	0.9725243819541503
0.971616626439726	0.9760857366563734	0.9692734497807864	0.9723208792402532	0.9672701336450265	0.9766396298531699	0.9726612516123636	0.9764393031176294	0.9734418293283187	1.0	0.9799144714689435	0.9728301070483613	0.9764895005014232	0.9774775310916738	0.9734418293283187	0.9786249315782098	0.9713366094773376	0.9764895005014232	0.9755738817977787	0.9668000219379689	0.9760857366563734	0.9696697290845825	0.9760857366563734	0.9766396298531699	0.9776231843873463	0.9710783473212681	0.9654992641032423	0.9705652216754905	0.9745253443606514	0.9693360481903184	0.9740962676578666	0.9754705370141296	0.9722638013918647	0.9751585170154147	0.9744720187476389	0.9708031557013461	0.9772823082734974	0.9688952905031704	0.9744186054472129	0.9633795549562594	0.9740422322383591
0.9708464635690432	0.9731632036928437	0.9656719540054302	0.9697034591075077	0.9661697745047388	0.9746072407960403	0.9726672157611221	0.9771712979457048	0.9727227016406983	0.9799144714689435	1.0	0.9713640963454476	0.9768311047084876	0.9763884247278026	0.974659509779471	0.9777463460208038	0.9699459771294409	0.9726672157611221	0.9743973197668269	0.9644974378664029	0.9755354563780924	0.9701052817317064	0.9732724007511767	0.9740266611312469	0.97332686175753	0.9678115949617528	0.9632060477611523	0.9679611036584015	0.9737055506483565	0.9665746281998058	0.9722198763287043	0.9742918482905982	0.9689024658203773	0.972888591862644	0.9715945241639283	0.9692128946366183	0.9743973197668269	0.9670406163659848	0.973866502934249	0.9618987109876109	0.9743446268429824
0.9745895467070064	0.9739653677742711	0.9675623017196688	0.9687133983641383	0.9672713357439908	0.9783154938302823	0.9720685584608426	0.9758948033059015	0.9727803546615379	0.9728301070483613	0.9713640963454476	1.0	0.9756655467957648	0.9781879926152076	0.9726796213914546	0.979276790489424	0.9712881581129481	0.9718105085432863	0.9745896327140614	0.967611353145822	0.9764385160300683	0.9708888719256419	0.9740138165411503	0.9736731468373161	0.9742549818855443	0.9693192753459048	0.9621708031532462	0.9705652216754905	0.9744943694935262	0.9695164466501157	0.9735260438119463	0.9753418480906976	0.9680170903261911	0.9721199227290372	0.9739653677742711	0.9692225739308977	0.9742549818855443	0.9687703714669095	0.9724264103498009	0.9664984893159287	0.9722224076572997
0.9808840938435488	0.9701884636846684	0.9753866749297425	0.9715891602701969	0.9714772779825173	0.9714052444707582	0.9721686020618703	0.9967767073346545	0.9921477173939285	0.9764895005014232	0.9768311047084876	0.9756655467957648	1.0	0.9749735735771492	0.9700072927203228	0.9753009508022321	0.9717469297094179	0.9718389948565017	0.9704632048452878	0.970293181883303	0.9726201274299787	0.9757186338847291	0.9708173820497876	0.9710551848894317	0.9707637123529593	0.97739637012451	0.9716680336128526	0.9757415039247902	0.9726924536473812	0.973998156219549	0.971673246094229	0.9701831962849069	0.976809590753802	0.9724005669378255	0.9698981684994797	0.9692217039331659	0.9741485618530753	0.9691824146062199	0.9718839027003592	0.9724765065536167	0.9741564007269973
0.9793389197793506	0.971526903297888	0.9735868709030352	0.9709487911379209	0.9711020408735389	0.9716085202552367	0.9724712317128617	0.9746040652094663	0.9751914769496208	0.9774775310916738	0.9763884247278026	0.9781879926152076	0.9749735735771492	1.0	0.9699641640267951	0.9758793749820955	0.9702965189628153	0.9693946581866607	0.9715677374875568	0.9680663357573799	0.9723737945757162	0.9741660113293246	0.9705732142331857	0.9718521443281024	0.9730045106529842	0.9754053038591691	0.9716026674247994	0.9749833153831328	0.9711983626399936	0.9736786876117658	0.9699786385322543	0.9696772000000808	0.9762445375376622	0.9720082714931618	0.9702347962918385	0.9727054434266197	0.9726512437620405	0.9688162074160532	0.969004289971213	0.9704004685408011	0.9724446218019422
0.972705153085593	0.9665054163324042	0.9734778281917188	0.9679497451647919	0.9682282760528197	0.9705627936038267	0.969545942679838	0.9703075935961598	0.9716183341873244	0.9734418293283187	0.974659509779471	0.9726796213914546	0.9700072927203228	0.9699641640267951	1.0	0.9730099078595743	0.9668561669542747	0.9684912362839773	0.9689114244908302	0.9661782714797008	0.9703502669950397	0.9739105579738814	0.9712336475507601	0.9701363347139327	0.9674054788860463	0.9694529102461773	0.964698905712483	0.971890151468497	0.967029563919274	0.9702979190682781	0.9666970033197155	0.968955980344247	0.9709978599710087	0.968928075517425	0.968417209172248	0.9681306539109188	0.968642790679913	0.9669758774230732	0.9666380046797016	0.9683129484902632	0.9694234450358931
0.9795021977215591	0.9728129744460027	0.9759482544268125	0.9729201824554803	0.9730379552823665	0.9716671455643536	0.9741892150882765	0.975364206124772	0.9791475922661325	0.9786249315782098	0.9777463460208038	0.979276790489424	0.9753009508022321	0.9758793749820955	0.9730099078595743	1.0	0.9755776260444964	0.9734504210466391	0.9724355242890405	0.9703420508522671	0.9736146364644597	0.9777178846713677	0.9739822100802208	0.9711161180906311	0.9726546572227079	0.9764429467718165	0.9725060061291844	0.9779693892516862	0.972846464557299	0.9766915253885896	0.972515927188833	0.9727844171216772	0.9790202675034488	0.9754185307137839	0.9727667476957398	0.9733863503013949	0.9700049691898354	0.9734639481340582	0.972870626447006	0.9732149434153321	0.9760658769234278
0.9704185198909667	0.9696976446543508	0.9680826484164353	0.9667459649628375	0.9671496968406263	0.9733158553033875	0.9671845300335411	0.9717469297094179	0.9698883841658044	0.9713366094773376	0.9699459771294409	0.9712881581129481	0.9717469297094179	0.9702965189628153	0.9668561669542747	0.9755776260444964	1.0	0.9688814833818524	0.9708359128128288	0.9625042178830212	0.9710298478930831	0.970249171822035	0.9708845056406672	0.9720762109070774	0.9710298478930831	0.9687791383476329	0.9664341406363873	0.9688288968580928	0.9707385077065106	0.9693945254135337	0.9695967447548022	0.9691387555400669	0.9666411329261865	0.9686221453097356	0.970395261884793	0.9623147230931383	0.9715096625044002	0.9651422199904366	0.9677779788379308	0.9662904306033542	0.9678847152359173
0.9743360430465666	0.9698809789730525	0.9702050831241571	0.9683527273313509	0.9691576578004124	0.9733717233684754	0.970336919130745	0.9718389948565017	0.9729190804908292	0.9764895005014232	0.9726672157611221	0.9718105085432863	0.9718389948565017	0.9693946581866607	0.9684912362839773	0.9734504210466391	0.9688814833818524	1.0	0.969171160519644	0.9687403944745302	0.9728554816409078	0.9739746099893347	0.9710868584598218	0.9719214974716507	0.9706613285623386	0.9741609302050022	0.9686591562380803	0.9740859205278936	0.9700996382124464	0.9733019557713678	0.9688556430954538	0.9715068668452832	0.9739317545190398	0.9701119729505412	0.9702301275245075	0.9705724315503447	0.9722086133550393	0.9692862872073845	0.9693221479097687	0.9681819890142671	0.9715304336021824
0.9752147851118395	0.9703512678377196	0.9725920347657282	0.9698684430897886	0.9694426893759323	0.9697908636067701	0.9711986486201583	0.971088271861103	0.9737421992287328	0.9755738817977787	0.9743973197668269	0.9745896327140614	0.9704632048452878	0.9715677374875568	0.9689114244908302	0.9724355242890405	0.9708359128128288	0.969171160519644	1.0	0.9684828041015489	0.9675584614704837	0.973653078527902	0.9714272622887199	0.9684030117120597	0.9695902267284952	0.9728069020106417	0.9701301700648021	0.9773168789239823	0.9704970352135666	0.9736251358065054	0.970047592076413	0.969895890431131	0.9745380806920951	0.9712989079711443	0.9708019523810011	0.9701284294074258	0.9696742132736439	0.9690259767871875	0.9700813170633303	0.9716030205650227	0.9731578498582676
0.9666130427675357	0.9668381412509488	0.9635152542953023	0.9633339148790583	0.962149636874937	0.9704395678448635	0.9658992853636721	0.9699984070942922	0.9670182108975733	0.9668000219379689	0.9644974378664029	0.967611353145822	0.970293181883303	0.9680663357573799	0.9661782714797008	0.9703420508522671	0.9625042178830212	0.9687403944745302	0.9684828041015489	1.0	0.9696011463487173	0.9629498888007219	0.9687916668684946	0.9680138972890953	0.9687916668684946	0.968436906889463	0.9629503505276074	0.967887723205918	0.9678032869951654	0.9659154835100129	0.9672706653765378	0.9675380756880447	0.9653371378485565	0.9641134005686331	0.9680138972890953	0.9684984490270061	0.969551143700445	0.964305928183123	0.9654478171838144	0.9642808149882162	0.9656743427747824
0.9749661314000196	0.970874792910441	0.972982549394217	0.9708562668862989	0.9737910001360917	0.9704559517807623	0.9723850540494574	0.9711669821980612	0.9784518270964716	0.9760857366563734	0.9755354563780924	0.9764385160300683	0.9726201274299787	0.9723737945757162	0.9703502669950397	0.9736146364644597	0.9710298478930831	0.9728554816409078	0.9675584614704837	0.9696011463487173	1.0	0.9742929883021219	0.9712252428602758	0.9706117110218476	0.9721636363931436	0.9750145114585702	0.9712738426069456	0.9738423673855436	0.9707438985486775	0.9713497046641916	0.9704300574411338	0.9678867098939525	0.9742363326614515	0.9724438636438747	0.9697310955101902	0.9717274901046963	0.9702601920859267	0.9693898269362713	0.9712515834615004	0.9707659489796195	0.9748752106175022
0.9646993453472424	0.9743562910970883	0.9680973249114115	0.9730002975528925	0.9673992606216051	0.9760804841971327	0.9722667295904539	0.974545462575672	0.9716539369619512	0.9696697290845825	0.9701052817317064	0.9708888719256419	0.9757186338847291	0.9741660113293246	0.9739105579738814	0.9777178846713677	0.970249171822035	0.9739746099893347	0.973653078527902	0.9629498888007219	0.9742929883021219	1.0	0.9751064566023973	0.976556775296899	0.9763789819909622	0.9655434497757873	0.9572493233886366	0.9626786335887538	0.9741023361646534	0.967163174099912	0.9734586195333264	0.9756579321965367	0.9688556430954538	0.972468445374112	0.9746709676311165	0.9638378697740873	0.9763195010727846	0.9668456783219765	0.9730002975528925	0.9642728217455104	0.9730002975528925
0.9762508500680052	0.9696897624716078	0.9742335446541825	0.9697248295442114	0.9715305300524345	0.9719863029781163	0.9701062808665171	0.9708993664213541	0.9743109063470103	0.9760857366563734	0.9732724007511767	0.9740138165411503	0.9708173820497876	0.9705732142331857	0.9712336475507601	0.9739822100802208	0.9708845056406672	0.9710868584598218	0.9714272622887199	0.9687916668684946	0.9712252428602758	0.9751064566023973	1.0	0.9724579209330837	0.9715478717072739	0.9749019880251718	0.9692978080201186	0.9757415039247902	0.9699437645019396	0.973998156219549	0.9695304973806224	0.971103423335402	0.9743372271486647	0.9720082714931618	0.9691756902482757	0.9684984490270061	0.9742417522857043	0.9701054635857796	0.9689128959622899	0.9727055141646718	0.9712510690298513
0.9732360096646069	0.9703106435639233	0.9730379552823665	0.9710410516370124	0.9710480787552478	0.9690352503606415	0.9707025535103058	0.9715965014942607	0.9746381102363656	0.9766396298531699	0.9740266611312469	0.9736731468373161	0.9710551848894317	0.9718521443281024	0.9701363347139327	0.9711161180906311	0.9720762109070774	0.9719214974716507	0.9684030117120597	0.9680138972890953	0.9706117110218476	0.976556775296899	0.9724579209330837	1.0	0.9711194086128433	0.9760644969194429	0.970874792910441	0.9754519815292318	0.9717924029781181	0.9758516721431205	0.9717544523780456	0.9707201454488721	0.9753293041145265	0.9722703287179267	0.9699398021838663	0.9705724315503447	0.969260704495235	0.9712478255868529	0.9718003033301809	0.9718968068876279	0.9732898513886056
0.9761908100221578	0.9700658204556046	0.9743932205127062	0.9714530005065347	0.9727317735126756	0.9709618038000845	0.9698273258107655	0.9702904565153408	0.9748236147918582	0.9776231843873463	0.97332686175753	0.9742549818855443	0.9707637123529593	0.9730045106529842	0.9674054788860463	0.9726546572227079	0.9710298478930831	0.9706613285623386	0.9695902267284952	0.9687916668684946	0.9721636363931436	0.9763789819909622	0.9715478717072739	0.9711194086128433	1.0	0.975126646656169	0.9703349548159851	0.9752770225745091	0.9723432306390503	0.9729207978806946	0.9716325664751072	0.9695077048519363	0.9758623101556507	0.9726594839738044	0.9684497285748427	0.9692727505397393	0.9732489574162219	0.9693380985452485	0.9714214127951093	0.9695941344503132	0.9744966464047498
0.9687990774773253	0.9754607498321111	0.9663035835396754	0.9704379410003623	0.9647214859197312	0.9767105989880437	0.9735791513254003	0.9777597378140749	0.9739874886499611	0.9710783473212681	0.9678115949617528	0.9693192753459048	0.97739637012451	0.9754053038591691	0.9694529102461773	0.9764429467718165	0.9687791383476329	0.9741609302050022	0.9728069020106417	0.968436906889463	0.9750145114585702	0.9655434497757873	0.9749019880251718	0.9760644969194429	0.975126646656169	1.0	0.9714715379176369	0.9683255235354319	0.9772393919585619	0.9686426807553916	0.9763891512132312	0.9737547824172402	0.9762812925990971	0.9744479566324471	0.9742185387917992	0.971204921834706	0.9772393919585619	0.9680213815005886	0.9723833309702922	0.9651052914969676	0.9726260487680252
0.9641808171838204	0.968007616888138	0.9605524364322668	0.96502144249991	0.9602745773441964	0.9701301700648021	0.9658139153876524	0.9717983715648558	0.9683712055825777	0.9654992641032423	0.9632060477611523	0.9621708031532462	0.9716680336128526	0.9716026674247994	0.964698905712483	0.9725060061291844	0.9664341406363873	0.9686591562380803	0.9701301700648021	0.9629503505276074	0.9712738426069456	0.9572493233886366	0.9692978080201186	0.970874792910441	0.9703349548159851	0.9714715379176369	1.0	0.9621095430714106	0.9727595448878034	0.9663572625336192	0.9716680336128526	0.9692274670755322	0.9664341406363873	0.9706734076926301	0.9697859535084475	0.9666636803010824	0.9726330233476524	0.9658920999923398	0.9685155019505668	0.9595216052150981	0.9689445616248149
0.9662065896860342	0.976142553940561	0.9653674044965126	0.9698127032743363	0.9656048494607179	0.9764824200180305	0.9729124099302942	0.9757415039247902	0.9721487547161575	0.9705652216754905	0.9679611036584015	0.9705652216754905	0.9757415039247902	0.9749833153831328	0.971890151468497	0.9779693892516862	0.9688288968580928	0.9740859205278936	0.9773168789239823	0.967887723205918	0.9738423673855436	0.9626786335887538	0.9757415039247902	0.9754519815292318	0.9752770225745091	0.9683255235354319	0.9621095430714106	1.0	0.9763695252305569	0.9743276603763493	0.9760284718251367	0.9807047284724315	0.9710351403317313	0.9741465244115594	0.9763129306451362	0.9711017180146593	0.9768744967119046	0.9728494545313141	0.9741465244115594	0.967887723205918	0.9711681590437824
0.9772549437291747	0.9697449348925674	0.9717966017739661	0.9692901199857674	0.9720582900932453	0.9728080303527307	0.9697805983953992	0.9726538363464322	0.9751457212301679	0.9745253443606514	0.9737055506483565	0.9744943694935262	0.9726924536473812	0.9711983626399936	0.967029563919274	0.972846464557299	0.9707385077065106	0.9700996382124464	0.9704970352135666	0.9678032869951654	0.9707438985486775	0.9741023361646534	0.9699437645019396	0.9717924029781181	0.9723432306390503	0.9772393919585619	0.9727595448878034	0.9763695252305569	1.0	0.9738920156341847	0.9961457012519644	0.9707028852385599	0.9738295901833723	0.9734240575899443	0.9717129432133782	0.970178065049921	0.976166236173817	0.9721145504588663	0.970432497292551	0.9729329156297007	0.9728922242598077
0.9687990774773253	0.9729755240053508	0.9629904922263379	0.9695772352106244	0.9626983846396389	0.9747315823743194	0.9687779207121019	0.974261999505163	0.9702384718062729	0.9693360481903184	0.9665746281998058	0.9695164466501157	0.973998156219549	0.9736786876117658	0.9702979190682781	0.9766915253885896	0.9693945254135337	0.9733019557713678	0.9736251358065054	0.9659154835100129	0.9713497046641916	0.967163174099912	0.973998156219549	0.9758516721431205	0.9729207978806946	0.9686426807553916	0.9663572625336192	0.9743276603763493	0.9738920156341847	1.0	0.9730301579415302	0.9792241455205221	0.9665220218125702	0.9730847000044517	0.9737855268749924	0.9715788651547199	0.9751433669215558	0.9680221086369601	0.9702384718062729	0.9667738271874521	0.9718064155096959
0.9764303084299398	0.9690931738434648	0.969962500317303	0.9686020599083477	0.9705583275309042	0.9721974844022351	0.9686383775382851	0.9716325664751072	0.9739328772893425	0.9740962676578666	0.9722198763287043	0.9735260438119463	0.971673246094229	0.9699786385322543	0.9666970033197155	0.972515927188833	0.9695967447548022	0.9688556430954538	0.970047592076413	0.9672706653765378	0.9704300574411338	0.9734586195333264	0.9695304973806224	0.9717544523780456	0.9716325664751072	0.9763891512132312	0.9716680336128526	0.9760284718251367	0.9961457012519644	0.9730301579415302	1.0	0.9700048153536107	0.9728426424353255	0.9727881711860586	0.9712641319393474	0.9698290047704522	0.9754671765104438	0.9707065076738065	0.9694574212490316	0.9710673939666552	0.9718533419696531
0.9744630421820266	0.9675098023963041	0.9709221030474844	0.9702483227839215	0.9703382578477878	0.9700149351565152	0.9692620881101142	0.9708509858718786	0.9744515403727294	0.9754705370141296	0.9742918482905982	0.9753418480906976	0.9701831962849069	0.9696772000000808	0.968955980344247	0.9727844171216772	0.9691387555400669	0.9715068668452832	0.969895890431131	0.9675380756880447	0.9678867098939525	0.9756579321965367	0.971103423335402	0.9707201454488721	0.9695077048519363	0.9737547824172402	0.9692274670755322	0.9807047284724315	0.9707028852385599	0.9792241455205221	0.9700048153536107	1.0	0.9758623101556507	0.9728736798022816	0.9685367529136254	0.9683413354454027	0.9701729827320887	0.9709536841716226	0.9711663335552334	0.9759598035591043	0.9727139240969492
0.9703466423303552	0.9746879100248546	0.9669666978092863	0.9696875111178549	0.9652705306929967	0.9741857676257624	0.9734694611895155	0.9763393969143208	0.9730529307419431	0.9722638013918647	0.9689024658203773	0.9680170903261911	0.976809590753802	0.9762445375376622	0.9709978599710087	0.9790202675034488	0.9666411329261865	0.9739317545190398	0.9745380806920951	0.9653371378485565	0.9742363326614515	0.9688556430954538	0.9743372271486647	0.9753293041145265	0.9758623101556507	0.9762812925990971	0.9664341406363873	0.9710351403317313	0.9738295901833723	0.9665220218125702	0.9728426424353255	0.9758623101556507	1.0	0.9788891426756569	0.9737783871860767	0.969745600603837	0.9764811695731379	0.9682002539709691	0.9738807125417573	0.9646490059235772	0.9724713241213295
0.9749036695862235	0.9714777107767845	0.9705057750405212	0.9676953013667031	0.9672105736583629	0.9722703287179267	0.9698317673619576	0.9727024364858694	0.9730658626158378	0.9751585170154147	0.972888591862644	0.9721199227290372	0.9724005669378255	0.9720082714931618	0.968928075517425	0.9754185307137839	0.9686221453097356	0.9701119729505412	0.9712989079711443	0.9641134005686331	0.9724438636438747	0.972468445374112	0.9720082714931618	0.9722703287179267	0.9726594839738044	0.9744479566324471	0.9706734076926301	0.9741465244115594	0.9734240575899443	0.9730847000044517	0.9727881711860586	0.9728736798022816	0.9788891426756569	1.0	0.9705736535987005	0.9681306539109188	0.9731288611881831	0.9693898269362713	0.9693116623035171	0.968702668973539	0.9708274493215393
0.9742723567679811	0.9685801772728733	0.9714496312839509	0.9696768162244248	0.9686381759674899	0.9729189032741237	0.9706570745595948	0.9693943362263078	0.9724747050585606	0.9744720187476389	0.9715945241639283	0.9739653677742711	0.9698981684994797	0.9702347962918385	0.968417209172248	0.9727667476957398	0.970395261884793	0.9702301275245075	0.9708019523810011	0.9680138972890953	0.9697310955101902	0.9746709676311165	0.9691756902482757	0.9699398021838663	0.9684497285748427	0.9742185387917992	0.9697859535084475	0.9763129306451362	0.9717129432133782	0.9737855268749924	0.9712641319393474	0.9685367529136254	0.9737783871860767	0.9705736535987005	1.0	0.973115700399695	0.9714040061758016	0.9701054635857796	0.9684055522982987	0.9716619913896702	0.9723091270085423
0.9699848386627584	0.9683937916514032	0.9671664574840216	0.965200802804053	0.9625739340683898	0.9713470312746698	0.9680777679235355	0.9694761343018504	0.9660624665465077	0.9708031557013461	0.9692128946366183	0.9692225739308977	0.9692217039331659	0.9727054434266197	0.9681306539109188	0.9733863503013949	0.9623147230931383	0.9705724315503447	0.9701284294074258	0.9684984490270061	0.9717274901046963	0.9638378697740873	0.9684984490270061	0.9705724315503447	0.9692727505397393	0.971204921834706	0.9666636803010824	0.9711017180146593	0.970178065049921	0.9715788651547199	0.9698290047704522	0.9683413354454027	0.969745600603837	0.9681306539109188	0.973115700399695	1.0	0.9694761343018504	0.9654357033445565	0.9661699007936164	0.9642808149882162	0.9673822425927244
0.9773710625561063	0.9700658204556046	0.9732586372484204	0.9724384643140559	0.9703382578477878	0.9693337801937845	0.9711090132430957	0.9736626367700499	0.9764471777395158	0.9772823082734974	0.9743973197668269	0.9742549818855443	0.9741485618530753	0.9726512437620405	0.968642790679913	0.9700049691898354	0.9715096625044002	0.9722086133550393	0.9696742132736439	0.969551143700445	0.9702601920859267	0.9763195010727846	0.9742417522857043	0.969260704495235	0.9732489574162219	0.9772393919585619	0.9726330233476524	0.9768744967119046	0.976166236173817	0.9751433669215558	0.9754671765104438	0.9701729827320887	0.9764811695731379	0.9731288611881831	0.9714040061758016	0.9694761343018504	1.0	0.9693898269362713	0.9715482027977109	0.9737717489655413	0.9744966464047498
0.9670941138649647	0.9686579813381683	0.9651108278892917	0.9649054903201516	0.9629232786554365	0.9730049537139264	0.9662434997066136	0.9698007000512855	0.9678318540085742	0.9688952905031704	0.9670406163659848	0.9687703714669095	0.9691824146062199	0.9688162074160532	0.9669758774230732	0.9734639481340582	0.9651422199904366	0.9692862872073845	0.9690259767871875	0.964305928183123	0.9693898269362713	0.9668456783219765	0.9701054635857796	0.9712478255868529	0.9693380985452485	0.9680213815005886	0.9658920999923398	0.9728494545313141	0.9721145504588663	0.9680221086369601	0.9707065076738065	0.9709536841716226	0.9682002539709691	0.9693898269362713	0.9701054635857796	0.9654357033445565	0.9693898269362713	1.0	0.9676919832465597	0.9620578475277741	0.9673634478848647
0.974715560522639	0.9713366094773376	0.969840522987382	0.9686516961829912	0.9717426670108515	0.9720504570358088	0.968686785262976	0.9717584226006633	0.9742638926871071	0.9744186054472129	0.973866502934249	0.9724264103498009	0.9718839027003592	0.969004289971213	0.9666380046797016	0.972870626447006	0.9677779788379308	0.9693221479097687	0.9700813170633303	0.9654478171838144	0.9712515834615004	0.9730002975528925	0.9689128959622899	0.9718003033301809	0.9714214127951093	0.9723833309702922	0.9685155019505668	0.9741465244115594	0.970432497292551	0.9702384718062729	0.9694574212490316	0.9711663335552334	0.9738807125417573	0.9693116623035171	0.9684055522982987	0.9661699007936164	0.9715482027977109	0.9676919832465597	1.0	0.9695312676630115	0.9733775549690157
0.9646135026744836	0.9708868641136751	0.9630734261547486	0.9676527705735243	0.9610909580294159	0.9722458695601427	0.9677858912552623	0.9726484137371796	0.9675190982088435	0.9633795549562594	0.9618987109876109	0.9664984893159287	0.9724765065536167	0.9704004685408011	0.9683129484902632	0.9732149434153321	0.9662904306033542	0.9681819890142671	0.9716030205650227	0.9642808149882162	0.9707659489796195	0.9642728217455104	0.9727055141646718	0.9718968068876279	0.9695941344503132	0.9651052914969676	0.9595216052150981	0.967887723205918	0.9729329156297007	0.9667738271874521	0.9710673939666552	0.9759598035591043	0.9646490059235772	0.968702668973539	0.9716619913896702	0.9642808149882162	0.9737717489655413	0.9620578475277741	0.9695312676630115	1.0	0.9685083968057132
0.9745263560259138	0.9728031967272283	0.9700840191995596	0.9698657300390656	0.9704484798344308	0.9735086674377287	0.9690752111271816	0.9741564007269973	0.9725243819541503	0.9740422322383591	0.9743446268429824	0.9722224076572997	0.9741564007269973	0.9724446218019422	0.9694234450358931	0.9760658769234278	0.9678847152359173	0.9715304336021824	0.9731578498582676	0.9656743427747824	0.9748752106175022	0.9730002975528925	0.9712510690298513	0.9732898513886056	0.9744966464047498	0.9726260487680252	0.9689445616248149	0.9711681590437824	0.9728922242598077	0.9718064155096959	0.9718533419696531	0.9727139240969492	0.9724713241213295	0.9708274493215393	0.9723091270085423	0.9673822425927244	0.9744966464047498	0.9673634478848647	0.9733775549690157	0.9685083968057132	1.0
