/home/jshaw/scratch/2022_sketched_distance/references/SGB_genome_fastas_part5/15172/BackhedF_2015__SID133_M__bin.53.fa	/home/jshaw/scratch/2022_sketched_distance/references/SGB_genome_fastas_part5/15172/CosteaPI_2017__SID713A087-11-0-0__bin.51.fa	/home/jshaw/scratch/2022_sketched_distance/references/SGB_genome_fastas_part5/15172/FengQ_2015__SID31223__bin.25.fa	/home/jshaw/scratch/2022_sketched_distance/references/SGB_genome_fastas_part5/15172/FerrettiP_2018__CA_C10009MS2134FE_t0M15__bin.20.fa	/home/jshaw/scratch/2022_sketched_distance/references/SGB_genome_fastas_part5/15172/KarlssonFH_2013__S195__bin.8.fa	/home/jshaw/scratch/2022_sketched_distance/references/SGB_genome_fastas_part5/15172/LeChatelierE_2013__MH0009__bin.33.fa	/home/jshaw/scratch/2022_sketched_distance/references/SGB_genome_fastas_part5/15172/LeChatelierE_2013__MH0313__bin.71.fa	/home/jshaw/scratch/2022_sketched_distance/references/SGB_genome_fastas_part5/15172/LeChatelierE_2013__MH0422__bin.90.fa	/home/jshaw/scratch/2022_sketched_distance/references/SGB_genome_fastas_part5/15172/LiJ_2014__MH0367__bin.73.fa	/home/jshaw/scratch/2022_sketched_distance/references/SGB_genome_fastas_part5/15172/LiJ_2014__MH0381__bin.36.fa	/home/jshaw/scratch/2022_sketched_distance/references/SGB_genome_fastas_part5/15172/LouisS_2016__AS66_12__bin.19.fa	/home/jshaw/scratch/2022_sketched_distance/references/SGB_genome_fastas_part5/15172/LouisS_2016__AS66_18__bin.31.fa	/home/jshaw/scratch/2022_sketched_distance/references/SGB_genome_fastas_part5/15172/NielsenHB_2014__MH0009__bin.20.fa	/home/jshaw/scratch/2022_sketched_distance/references/SGB_genome_fastas_part5/15172/NielsenHB_2014__V1_UC48_0__bin.17.fa	/home/jshaw/scratch/2022_sketched_distance/references/SGB_genome_fastas_part5/15172/NielsenHB_2014__V1_UC49_0__bin.29.fa	/home/jshaw/scratch/2022_sketched_distance/references/SGB_genome_fastas_part5/15172/VogtmannE_2016__MMRS94549160ST-27-0-0__bin.73.fa	/home/jshaw/scratch/2022_sketched_distance/references/SGB_genome_fastas_part5/15172/XieH_2016__YSZC12003_35549__bin.15.fa	/home/jshaw/scratch/2022_sketched_distance/references/SGB_genome_fastas_part5/15172/XieH_2016__YSZC12003_35550__bin.129.fa	/home/jshaw/scratch/2022_sketched_distance/references/SGB_genome_fastas_part5/15172/XieH_2016__YSZC12003_35740__bin.65.fa	/home/jshaw/scratch/2022_sketched_distance/references/SGB_genome_fastas_part5/15172/XieH_2016__YSZC12003_36051__bin.12.fa	/home/jshaw/scratch/2022_sketched_distance/references/SGB_genome_fastas_part5/15172/XieH_2016__YSZC12003_36526__bin.18.fa	/home/jshaw/scratch/2022_sketched_distance/references/SGB_genome_fastas_part5/15172/XieH_2016__YSZC12003_37286__bin.39.fa	/home/jshaw/scratch/2022_sketched_distance/references/SGB_genome_fastas_part5/15172/XieH_2016__YSZC12003_37315__bin.107.fa	/home/jshaw/scratch/2022_sketched_distance/references/SGB_genome_fastas_part5/15172/ZeeviD_2015__PNP_DietIntervention_15__bin.11.fa	/home/jshaw/scratch/2022_sketched_distance/references/SGB_genome_fastas_part5/15172/ZeeviD_2015__PNP_DietIntervention_46__bin.3.fa	/home/jshaw/scratch/2022_sketched_distance/references/SGB_genome_fastas_part5/15172/ZeeviD_2015__PNP_Main_145__bin.10.fa	/home/jshaw/scratch/2022_sketched_distance/references/SGB_genome_fastas_part5/15172/ZeeviD_2015__PNP_Main_245__bin.6.fa	/home/jshaw/scratch/2022_sketched_distance/references/SGB_genome_fastas_part5/15172/ZeeviD_2015__PNP_Main_362__bin.44.fa	/home/jshaw/scratch/2022_sketched_distance/references/SGB_genome_fastas_part5/15172/ZeeviD_2015__PNP_Main_370__bin.19.fa	/home/jshaw/scratch/2022_sketched_distance/references/SGB_genome_fastas_part5/15172/ZeeviD_2015__PNP_Main_391__bin.36.fa	/home/jshaw/scratch/2022_sketched_distance/references/SGB_genome_fastas_part5/15172/ZeeviD_2015__PNP_Main_39__bin.63.fa	/home/jshaw/scratch/2022_sketched_distance/references/SGB_genome_fastas_part5/15172/ZeeviD_2015__PNP_Main_456__bin.45.fa	/home/jshaw/scratch/2022_sketched_distance/references/SGB_genome_fastas_part5/15172/ZeeviD_2015__PNP_Main_575__bin.21.fa	/home/jshaw/scratch/2022_sketched_distance/references/SGB_genome_fastas_part5/15172/ZeeviD_2015__PNP_Main_587__bin.30.fa	/home/jshaw/scratch/2022_sketched_distance/references/SGB_genome_fastas_part5/15172/ZeeviD_2015__PNP_Main_630__bin.20.fa	/home/jshaw/scratch/2022_sketched_distance/references/SGB_genome_fastas_part5/15172/ZeeviD_2015__PNP_Main_666__bin.37.fa	/home/jshaw/scratch/2022_sketched_distance/references/SGB_genome_fastas_part5/15172/ZeeviD_2015__PNP_Main_696__bin.15.fa	/home/jshaw/scratch/2022_sketched_distance/references/SGB_genome_fastas_part5/15172/ZeeviD_2015__PNP_Main_736__bin.22.fa	/home/jshaw/scratch/2022_sketched_distance/references/SGB_genome_fastas_part5/15172/ZellerG_2014__CCIS90443472ST-4-0__bin.48.fa
1.0	0.9827949525419181	0.9815042550919911	0.9878301658805622	0.9790443058900279	0.9816356392914376	0.9790443058900279	0.9799541311134778	0.9866136828784269	0.9790443058900279	0.9883151453091106	0.9842795275304929	0.9812398931090428	0.9743172025425427	0.9769939980058526	0.9805694848637974	0.9673901208521125	0.972976926025758	0.9796768753750565	0.9810402099294958	0.964410290988804	0.9789020543884661	0.9803656518105317	0.9881542776556634	0.9764606084329341	0.9650724582733441	0.9805694848637974	0.9717569572592899	0.9807046707707043	0.9803656518105317	0.9681932284050995	0.9779619845086074	0.9777411416088091	0.9793269622114464	0.9789020543884661	0.9805016816650735	0.9800918814199254	0.9790443058900279	0.9869499360505898
0.9827949525419181	1.0	0.9781393079818687	0.9841913093972016	0.9758303132979064	0.9774007919400275	0.9735585345341445	0.9759949204812135	0.98307386537343	0.9767656306546217	0.9846984065601642	0.9842046534361898	0.9766048855304355	0.9721797101361019	0.9725786984333264	0.976362269670566	0.9725919397188315	0.9709888927888748	0.9765645749257942	0.9777915696820946	0.9737639998848848	0.9759127210055458	0.9770052700887532	0.9827718575289094	0.9730037451761363	0.9714548247159557	0.9772036313368996	0.9724061850491984	0.9774793232992354	0.9767656306546217	0.972705153085593	0.9746113188112961	0.9752055081540297	0.9768856708181678	0.9761995151380977	0.977596766583158	0.9772036313368996	0.9752895124685289	0.9831199879979411
0.9815042550919911	0.9781393079818687	1.0	0.9782483352285596	0.9882395220058087	0.9864361043638837	0.9868455632419437	0.9850043476701642	0.9802486751956749	0.9851068910152911	0.9780384837471006	0.9798343746396404	0.9877093993113392	0.9836567776983505	0.9839032999522878	0.987812725245634	0.9855025292297701	0.9844952135557349	0.9866629228354927	0.9859697817177707	0.9866089738715281	0.987353476314564	0.9856598647333056	0.9816575680252003	0.9870368453909174	0.9833078256720917	0.9857078545432387	0.9877091707126512	0.9856288302414318	0.9857036075700526	0.9877598045053915	0.9860146726454213	0.9861018518444039	0.9864909496266752	0.984720009854139	0.9869713739616299	0.9859291822950909	0.9855128365107887	0.9790416650035058
0.9878301658805622	0.9841913093972016	0.9782483352285596	1.0	0.9788119399109638	0.978145940072141	0.9786122055442068	0.9764622867330623	0.9878543175315307	0.9776789580821077	0.9863558844351672	0.9867542239978774	0.9785595819449172	0.9761249245162644	0.9757172878053889	0.977853700076104	0.9779152356363296	0.9764768668453935	0.9772412065685881	0.978384363852399	0.9790084711594742	0.977852047953147	0.9778712279606081	0.9879255656305048	0.9791027002842474	0.9775125543958227	0.9778022814272532	0.978740915390063	0.9783504098541994	0.9772799020127841	0.9777169564527028	0.9778513160465555	0.9775260157460985	0.9780625444875365	0.9766775649435917	0.977974563601756	0.9783164204675845	0.976363068618596	0.9867641183447217
0.9790443058900279	0.9758303132979064	0.9882395220058087	0.9788119399109638	1.0	0.9869867334492876	0.9860846122795901	0.985978255698165	0.9777511811994025	0.9849680385218332	0.9804456096789509	0.978653714094529	0.9862115070615776	0.982147535030193	0.9820242079067054	0.9865583101425947	0.9845577926021544	0.9839258846146118	0.9877441125004137	0.9875494222295518	0.9868574536931306	0.9858316284897523	0.9860659190446651	0.9796112797160198	0.9858622730035476	0.9826682062098743	0.9876051656069474	0.985695317667708	0.9872692804558564	0.9881848430690204	0.9867745363051437	0.98562524497456	0.9865870459685617	0.9874376514826441	0.9872129648128554	0.9883486083523901	0.9881574695259808	0.9863853658467345	0.9782239816859509
0.9816356392914376	0.9774007919400275	0.9864361043638837	0.978145940072141	0.9869867334492876	1.0	0.986452067074916	0.9840877426710866	0.9804303175941566	0.9853017803640282	0.9785006250035905	0.9802801834424125	0.9999086473729144	0.9841920264040549	0.9843411810767092	0.9867941133833804	0.9866260339689562	0.9849436700781582	0.9872928789988825	0.9864361043638837	0.9868574536931306	0.9883489545833197	0.9853307142139273	0.9811938238383656	0.9870368453909174	0.9835988763503581	0.9857888007043828	0.9873025052759355	0.9858914140079321	0.9857036075700526	0.9876752902480205	0.9861883385503304	0.9859612971742762	0.9869968394075831	0.9842834652479094	0.986348298880468	0.9858239631087651	0.9846874025345514	0.9792885694427466
0.9790443058900279	0.9735585345341445	0.9868455632419437	0.9786122055442068	0.9860846122795901	0.986452067074916	1.0	0.9848931331086238	0.9764118270160385	0.984475391019177	0.9793390908206298	0.9758614027761451	0.9858993329639789	0.9806443200349255	0.9815691070296215	0.9851792563506253	0.9825825656210606	0.9823976326060132	0.9869357053929584	0.9882590233320635	0.9854927860301179	0.9850206069093587	0.9853371430265516	0.9767353806748579	0.9838635158768697	0.9810383840440611	0.986452067074916	0.9831267158097197	0.9862075541289735	0.9867853309508454	0.9848032239011897	0.9846044942577015	0.9846688559279082	0.986238217882173	0.9861768617465962	0.9873531337961033	0.987174883931486	0.9852425021348685	0.9771888736017218
0.9799541311134778	0.9759949204812135	0.9850043476701642	0.9764622867330623	0.985978255698165	0.9840877426710866	0.9848931331086238	1.0	0.9788721743683644	0.9826129907986273	0.9767275114108259	0.9788084789671323	0.9849241819314857	0.98203432340577	0.9825534349963959	0.9841434706769441	0.9832693929459012	0.9857864598087988	0.9865035305224779	0.9846739910867445	0.985903071812026	0.9844421000945985	0.9835754496185819	0.979460093182104	0.987099156376055	0.9823687317557948	0.9865348372076373	0.9850808879590933	0.9840031311562965	0.9864773644950723	0.989606216642203	0.9872953469239318	0.9868232041209561	0.9869704067108492	0.9858693883685108	0.9868678988302417	0.9868420069778693	0.9853154852123274	0.9771465533369547
0.9866136828784269	0.98307386537343	0.9802486751956749	0.9878543175315307	0.9777511811994025	0.9804303175941566	0.9764118270160385	0.9788721743683644	1.0	0.9793249968170046	0.9882563215321459	0.9852990375524349	0.9798454713141359	0.9744038377094347	0.9750889981781609	0.9795862710759988	0.9763293297196058	0.974748592711027	0.9785667635657697	0.9800660173865707	0.9773303662262072	0.9786433847334867	0.9792499613454673	0.9870958023628227	0.9771798916735064	0.9749095393875243	0.9789101504815019	0.9762575047495261	0.9803940697967295	0.9795862710759988	0.9761908100221578	0.9777511811994025	0.9773156856442314	0.979549073947308	0.9789480824483351	0.9801026307355997	0.9802486751956749	0.9784514932834675	0.986497777570648
0.9790443058900279	0.9767656306546217	0.9851068910152911	0.9776789580821077	0.9849680385218332	0.9853017803640282	0.984475391019177	0.9826129907986273	0.9793249968170046	1.0	0.9786456653864366	0.9788084789671323	0.9850964020033198	0.9818827629157917	0.9823559758706106	0.9840282447607733	0.9844705438617433	0.9817903210400244	0.9847418558049387	0.9851068910152911	0.9848149440500967	0.9848278231257019	0.9829427598523396	0.9797992838164944	0.9837603097107082	0.9835988763503581	0.9839704796585693	0.9850443845500599	0.9851626918051332	0.9842009322136447	0.9845250029257042	0.9834503274743723	0.9827684729041994	0.9841272437305179	0.9834165759109934	0.9845719991081086	0.9847982799341144	0.9821410085159539	0.9788285356129404
0.9883151453091106	0.9846984065601642	0.9780384837471006	0.9863558844351672	0.9804456096789509	0.9785006250035905	0.9793390908206298	0.9767275114108259	0.9882563215321459	0.9786456653864366	1.0	0.999261036284784	0.9798280269532151	0.9767975212003929	0.9769867885291608	0.9788153162580409	0.9791717563484914	0.9766686625498447	0.9786250347675102	0.9784999836646774	0.9790084711594742	0.9785026711521224	0.9787592978392489	0.9887349339713154	0.9790231469048113	0.9773959894463284	0.9778713785896977	0.9803395179105062	0.9779385425779362	0.9773650293960604	0.9795564427477563	0.9789498482521777	0.9784248683622733	0.978579065590662	0.9772993891840812	0.9788746270930324	0.9783055595514004	0.9772434923045946	0.9927577663473988
0.9842795275304929	0.9842046534361898	0.9798343746396404	0.9867542239978774	0.978653714094529	0.9802801834424125	0.9758614027761451	0.9788084789671323	0.9852990375524349	0.9788084789671323	0.999261036284784	1.0	0.9795337520495818	0.9729381564337318	0.974918263928063	0.9791158237189074	0.9747210977535519	0.9725996947334374	0.9788470557456211	0.980132255428015	0.9743499598392905	0.9778289259302404	0.9794581619566909	0.9845703357999142	0.9748660529670605	0.9732944543238321	0.978731188303263	0.9754837712657151	0.9799463985038771	0.9789625131819458	0.9750906960358314	0.9772267468090766	0.9779083822697704	0.9791922097620063	0.9791922097620063	0.9803906916169206	0.9797594780348131	0.9776294334824219	0.9916427292811553
0.9812398931090428	0.9766048855304355	0.9877093993113392	0.9785595819449172	0.9862115070615776	0.9999086473729144	0.9858993329639789	0.9849241819314857	0.9798454713141359	0.9850964020033198	0.9798280269532151	0.9795337520495818	1.0	0.9834402077748234	0.9835869093675225	0.9866889789337902	0.9858813141446373	0.9844952135557349	0.9873905664502745	0.9877093993113392	0.9864088293898728	0.9874625581728596	0.9852677235312162	0.9806504335786497	0.986597332173223	0.9830632935197104	0.9862773038992539	0.9864037667387178	0.9870686147726617	0.9870686147726617	0.9869480203023475	0.9855175761670011	0.9852205606121736	0.9870686147726617	0.9855230417524675	0.9872568024944585	0.9869876322359072	0.9841672735234487	0.9785781121769512
0.9743172025425427	0.9721797101361019	0.9836567776983505	0.9761249245162644	0.982147535030193	0.9841920264040549	0.9806443200349255	0.98203432340577	0.9744038377094347	0.9818827629157917	0.9767975212003929	0.9729381564337318	0.9834402077748234	1.0	0.9945262930077876	0.9828187060513617	0.9782867479380645	0.9777038107008241	0.9846489479420583	0.9853055191036739	0.9791966581329042	0.9822978774397424	0.9839076478578915	0.9749250985924005	0.9797648334920539	0.977686623672361	0.9840145789451443	0.9786522331485691	0.9852712880859472	0.9845090331230795	0.9789547314328482	0.981191917468658	0.98195863088302	0.9840145789451443	0.9833676986960446	0.9849270009540041	0.9846140251171944	0.9823353554249324	0.9755305451000497
0.9769939980058526	0.9725786984333264	0.9839032999522878	0.9757172878053889	0.9820242079067054	0.9843411810767092	0.9815691070296215	0.9825534349963959	0.9750889981781609	0.9823559758706106	0.9769867885291608	0.974918263928063	0.9835869093675225	0.9945262930077876	1.0	0.9831709833753821	0.9830420464490921	0.980920692555426	0.9844961615743957	0.9851088675877409	0.9825240647633126	0.9820908310118265	0.9839347717681879	0.9763208890749194	0.981588041272014	0.9812984561237202	0.9838402655732097	0.9820241358342761	0.9850785023530924	0.9842166674543984	0.9829022261114153	0.9813504094809731	0.9815878204029048	0.9833955990939585	0.9834275617709242	0.9839976249473351	0.9838087028916602	0.9816553368724105	0.9756362750333912
0.9805694848637974	0.976362269670566	0.987812725245634	0.977853700076104	0.9865583101425947	0.9867941133833804	0.9851792563506253	0.9841434706769441	0.9795862710759988	0.9840282447607733	0.9788153162580409	0.9791158237189074	0.9866889789337902	0.9828187060513617	0.9831709833753821	1.0	0.9854601711675816	0.9838875757061887	0.9856606780686483	0.9863669233785219	0.9874948530826925	0.9859585287965837	0.9849389174136294	0.9801720763549394	0.9864389288325682	0.983405129971329	0.9853295275294146	0.9857311051789309	0.9853572512735392	0.9856606780686483	0.9856690184556767	0.9856645633000778	0.9849020724029681	0.9856484658235654	0.9852462156082943	0.9863131322917541	0.9861241673465807	0.9842229464611928	0.97843414515989
0.9673901208521125	0.9725919397188315	0.9855025292297701	0.9779152356363296	0.9845577926021544	0.9866260339689562	0.9825825656210606	0.9832693929459012	0.9763293297196058	0.9844705438617433	0.9791717563484914	0.9747210977535519	0.9858813141446373	0.9782867479380645	0.9830420464490921	0.9854601711675816	1.0	0.9779152356363296	0.9855870818538146	0.986420853781815	0.9776598582535044	0.9855870818538146	0.9853752908268347	0.9771592603682929	0.9814048384386429	0.9724897021887192	0.9843392342478684	0.980579061274224	0.9867077489412416	0.9849475670022659	0.974715560522639	0.9835850518539295	0.9832693929459012	0.9842953473429334	0.9844705438617433	0.9852475576095924	0.984904486578973	0.9841633332919812	0.9779685687225166
0.972976926025758	0.9709888927888748	0.9844952135557349	0.9764768668453935	0.9839258846146118	0.9849436700781582	0.9823976326060132	0.9857864598087988	0.974748592711027	0.9817903210400244	0.9766686625498447	0.9725996947334374	0.9844952135557349	0.9777038107008241	0.980920692555426	0.9838875757061887	0.9779152356363296	1.0	0.9869940235032546	0.9862177412487231	0.981021187832795	0.9836567776983505	0.9844198714209801	0.9752518293511244	0.9847575572170151	0.9750980618425074	0.987990096911836	0.9773311880820033	0.9850918044520915	0.9905913394971725	0.9815027076516729	0.986289074520865	0.9858948119095365	0.9880239125051379	0.9876841837084989	0.9881251514636407	0.9908094842190838	0.9871332183125249	0.9755995162473342
0.9796768753750565	0.9765645749257942	0.9866629228354927	0.9772412065685881	0.9877441125004137	0.9872928789988825	0.9869357053929584	0.9865035305224779	0.9785667635657697	0.9847418558049387	0.9786250347675102	0.9788470557456211	0.9873905664502745	0.9846489479420583	0.9844961615743957	0.9856606780686483	0.9855870818538146	0.9869940235032546	1.0	0.9876033915997415	0.9878330228792911	0.986411382242291	0.9851443165146189	0.9798367551106071	0.9907767831070884	0.9836953218700778	0.9890149521081014	0.9875403369155719	0.9872408408859069	0.9887672822825294	0.988798331744023	0.9880950192445387	0.9875559251772081	0.9908570033274379	0.9875518424906329	0.9899634723191478	0.9888417788216289	0.987237618725564	0.9779618138907419
0.9810402099294958	0.9777915696820946	0.9859697817177707	0.978384363852399	0.9875494222295518	0.9864361043638837	0.9882590233320635	0.9846739910867445	0.9800660173865707	0.9851068910152911	0.9784999836646774	0.980132255428015	0.9877093993113392	0.9853055191036739	0.9851088675877409	0.9863669233785219	0.986420853781815	0.9862177412487231	0.9876033915997415	1.0	0.9883575140583272	0.9865236276228089	0.9863084365185749	0.9810498004241515	0.9873163202721679	0.9849239720583841	0.9873158158429302	0.988638970230857	0.985969659413874	0.986819123236294	0.9894462153024531	0.9865614967194988	0.9863533455915164	0.9869968394075831	0.9844460834435084	0.9873294579441	0.9870395173351529	0.9857369385915357	0.9791829818765893
0.964410290988804	0.9737639998848848	0.9866089738715281	0.9790084711594742	0.9868574536931306	0.9868574536931306	0.9854927860301179	0.985903071812026	0.9773303662262072	0.9848149440500967	0.9790084711594742	0.9743499598392905	0.9864088293898728	0.9791966581329042	0.9825240647633126	0.9874948530826925	0.9776598582535044	0.981021187832795	0.9878330228792911	0.9883575140583272	1.0	0.9860048477914093	0.9860048477914093	0.9774625631417543	0.9842302468373006	0.9722510644434195	0.9868079076718083	0.9828053342312522	0.9868574536931306	0.9868079076718083	0.9756309590947091	0.9873975916211061	0.9869069252016572	0.9867582869091348	0.9857498143928043	0.9877849250503771	0.9876885180937282	0.985903071812026	0.9788824075784975
0.9789020543884661	0.9759127210055458	0.987353476314564	0.977852047953147	0.9858316284897523	0.9883489545833197	0.9850206069093587	0.9844421000945985	0.9786433847334867	0.9848278231257019	0.9785026711521224	0.9778289259302404	0.9874625581728596	0.9822978774397424	0.9820908310118265	0.9859585287965837	0.9855870818538146	0.9836567776983505	0.986411382242291	0.9865236276228089	0.9860048477914093	1.0	0.984974979539258	0.9792319924966464	0.9858945762362118	0.9826682062098743	0.9855282357202343	0.9859094604091959	0.9872987995110116	0.9862705345124361	0.9862485251250401	0.9844393899050662	0.984382353636494	0.9858443338015692	0.9857010297342964	0.9867191398418748	0.9861857353219782	0.9847687753632315	0.9769206225316596
0.9803656518105317	0.9770052700887532	0.9856598647333056	0.9778712279606081	0.9860659190446651	0.9853307142139273	0.9853371430265516	0.9835754496185819	0.9792499613454673	0.9829427598523396	0.9787592978392489	0.9794581619566909	0.9852677235312162	0.9839076478578915	0.9839347717681879	0.9849389174136294	0.9853752908268347	0.9844198714209801	0.9851443165146189	0.9863084365185749	0.9860048477914093	0.984974979539258	1.0	0.9803937269980764	0.9859268477472017	0.9843626139534566	0.9853858021830993	0.9869597362066941	0.985823211568856	0.9861743687316958	0.9863808188801955	0.9850427478337072	0.9851340060992623	0.9853720236220995	0.9855231192584792	0.9861743687316958	0.9855505139264481	0.9851169409018166	0.9779618138907419
0.9881542776556634	0.9827718575289094	0.9816575680252003	0.9879255656305048	0.9796112797160198	0.9811938238383656	0.9767353806748579	0.979460093182104	0.9870958023628227	0.9797992838164944	0.9887349339713154	0.9845703357999142	0.9806504335786497	0.9749250985924005	0.9763208890749194	0.9801720763549394	0.9771592603682929	0.9752518293511244	0.9798367551106071	0.9810498004241515	0.9774625631417543	0.9792319924966464	0.9803937269980764	1.0	0.977431765138084	0.9760246170414325	0.9798741834642296	0.9770599256630269	0.9810136952457794	0.980283089615528	0.9769628226284298	0.9789638445847079	0.9786158131539309	0.9803568894750534	0.9798741834642296	0.9811938238383656	0.9808688745481581	0.9790022865844465	0.9873350196999864
0.9764606084329341	0.9730037451761363	0.9870368453909174	0.9791027002842474	0.9858622730035476	0.9870368453909174	0.9838635158768697	0.987099156376055	0.9771798916735064	0.9837603097107082	0.9790231469048113	0.9748660529670605	0.986597332173223	0.9797648334920539	0.981588041272014	0.9864389288325682	0.9814048384386429	0.9847575572170151	0.9907767831070884	0.9873163202721679	0.9842302468373006	0.9858945762362118	0.9859268477472017	0.977431765138084	1.0	0.9807762270270233	0.9896727595984239	0.9821440607680115	0.9864389288325682	0.9898736565985422	0.9852617490427484	0.9872544195429669	0.988381157279132	0.998732246415366	0.9887384610256224	0.991601605538579	0.9904691121389427	0.988470847098402	0.9770532208176913
0.9650724582733441	0.9714548247159557	0.9833078256720917	0.9775125543958227	0.9826682062098743	0.9835988763503581	0.9810383840440611	0.9823687317557948	0.9749095393875243	0.9835988763503581	0.9773959894463284	0.9732944543238321	0.9830632935197104	0.977686623672361	0.9812984561237202	0.983405129971329	0.9724897021887192	0.9750980618425074	0.9836953218700778	0.9849239720583841	0.9722510644434195	0.9826682062098743	0.9843626139534566	0.9760246170414325	0.9807762270270233	1.0	0.9846444931317513	0.9780319977255998	0.9844097622815825	0.9844568429617878	0.9713143088483309	0.9823185520072727	0.9824188347259677	0.9843626139534566	0.9844568429617878	0.9845038561911368	0.9844568429617878	0.9830632935197104	0.9750353424506898
0.9805694848637974	0.9772036313368996	0.9857078545432387	0.9778022814272532	0.9876051656069474	0.9857888007043828	0.986452067074916	0.9865348372076373	0.9789101504815019	0.9839704796585693	0.9778713785896977	0.978731188303263	0.9862773038992539	0.9840145789451443	0.9838402655732097	0.9853295275294146	0.9843392342478684	0.987990096911836	0.9890149521081014	0.9873158158429302	0.9868079076718083	0.9855282357202343	0.9853858021830993	0.9798741834642296	0.9896727595984239	0.9846444931317513	1.0	0.9870972726154726	0.9865084825234407	0.9897929017698606	0.9883039226873387	0.9887691438181275	0.9877432567953895	0.9902402190106736	0.9884536011389902	0.9892151577815812	0.990006973561075	0.9881840735951276	0.9777414851616721
0.9717569572592899	0.9724061850491984	0.9877091707126512	0.978740915390063	0.985695317667708	0.9873025052759355	0.9831267158097197	0.9850808879590933	0.9762575047495261	0.9850443845500599	0.9803395179105062	0.9754837712657151	0.9864037667387178	0.9786522331485691	0.9820241358342761	0.9857311051789309	0.980579061274224	0.9773311880820033	0.9875403369155719	0.988638970230857	0.9828053342312522	0.9859094604091959	0.9869597362066941	0.9770599256630269	0.9821440607680115	0.9780319977255998	0.9870972726154726	1.0	0.9876079743737073	0.9880109068687248	0.9837236522065703	0.9854076054560884	0.9859094604091959	0.9867176551453775	0.9865436427105588	0.9891264902995555	0.9878100569604853	0.9850078405139623	0.9773384772959555
0.9807046707707043	0.9774793232992354	0.9856288302414318	0.9783504098541994	0.9872692804558564	0.9858914140079321	0.9862075541289735	0.9840031311562965	0.9803940697967295	0.9851626918051332	0.9779385425779362	0.9799463985038771	0.9870686147726617	0.9852712880859472	0.9850785023530924	0.9853572512735392	0.9867077489412416	0.9850918044520915	0.9872408408859069	0.985969659413874	0.9868574536931306	0.9872987995110116	0.985823211568856	0.9810136952457794	0.9864389288325682	0.9844097622815825	0.9865084825234407	0.9876079743737073	1.0	0.9854120556587455	0.9872494333158667	0.9858108957774584	0.9855074392314975	0.9860859918048132	0.9846603989019783	0.9864790832669661	0.985453019688452	0.9857090092833841	0.9790770516289918
0.9803656518105317	0.9767656306546217	0.9857036075700526	0.9772799020127841	0.9881848430690204	0.9857036075700526	0.9867853309508454	0.9864773644950723	0.9795862710759988	0.9842009322136447	0.9773650293960604	0.9789625131819458	0.9870686147726617	0.9845090331230795	0.9842166674543984	0.9856606780686483	0.9849475670022659	0.9905913394971725	0.9887672822825294	0.986819123236294	0.9868079076718083	0.9862705345124361	0.9861743687316958	0.980283089615528	0.9898736565985422	0.9844568429617878	0.9897929017698606	0.9880109068687248	0.9854120556587455	1.0	0.989725710387931	0.9885280448035636	0.98871611567718	0.9902162648689341	0.987947378238698	0.9893281057324546	0.9911853735824429	0.988544916698401	0.9783980538927685
0.9681932284050995	0.972705153085593	0.9877598045053915	0.9777169564527028	0.9867745363051437	0.9876752902480205	0.9848032239011897	0.989606216642203	0.9761908100221578	0.9845250029257042	0.9795564427477563	0.9750906960358314	0.9869480203023475	0.9789547314328482	0.9829022261114153	0.9856690184556767	0.974715560522639	0.9815027076516729	0.988798331744023	0.9894462153024531	0.9756309590947091	0.9862485251250401	0.9863808188801955	0.9769628226284298	0.9852617490427484	0.9713143088483309	0.9883039226873387	0.9837236522065703	0.9872494333158667	0.989725710387931	1.0	0.9875056080554244	0.9885932287082213	0.9884282221683178	0.988798331744023	0.989606216642203	0.988798331744023	0.9877175744947482	0.9771967287282116
0.9779619845086074	0.9746113188112961	0.9860146726454213	0.9778513160465555	0.98562524497456	0.9861883385503304	0.9846044942577015	0.9872953469239318	0.9777511811994025	0.9834503274743723	0.9789498482521777	0.9772267468090766	0.9855175761670011	0.981191917468658	0.9813504094809731	0.9856645633000778	0.9835850518539295	0.986289074520865	0.9880950192445387	0.9865614967194988	0.9873975916211061	0.9844393899050662	0.9850427478337072	0.9789638445847079	0.9872544195429669	0.9823185520072727	0.9887691438181275	0.9854076054560884	0.9858108957774584	0.9885280448035636	0.9875056080554244	1.0	0.9877389452674664	0.9885549208565055	0.9878214585914262	0.9889023295103303	0.988849119795046	0.9863610918072385	0.9771359313704727
0.9777411416088091	0.9752055081540297	0.9861018518444039	0.9775260157460985	0.9865870459685617	0.9859612971742762	0.9846688559279082	0.9868232041209561	0.9773156856442314	0.9827684729041994	0.9784248683622733	0.9779083822697704	0.9852205606121736	0.98195863088302	0.9815878204029048	0.9849020724029681	0.9832693929459012	0.9858948119095365	0.9875559251772081	0.9863533455915164	0.9869069252016572	0.984382353636494	0.9851340060992623	0.9786158131539309	0.988381157279132	0.9824188347259677	0.9877432567953895	0.9859094604091959	0.9855074392314975	0.98871611567718	0.9885932287082213	0.9877389452674664	1.0	0.9886901964151331	0.9883251696820551	0.9893575609468511	0.9888195893677638	0.9872593758882731	0.976693113248547
0.9793269622114464	0.9768856708181678	0.9864909496266752	0.9780625444875365	0.9874376514826441	0.9869968394075831	0.986238217882173	0.9869704067108492	0.979549073947308	0.9841272437305179	0.978579065590662	0.9791922097620063	0.9870686147726617	0.9840145789451443	0.9833955990939585	0.9856484658235654	0.9842953473429334	0.9880239125051379	0.9908570033274379	0.9869968394075831	0.9867582869091348	0.9858443338015692	0.9853720236220995	0.9803568894750534	0.998732246415366	0.9843626139534566	0.9902402190106736	0.9867176551453775	0.9860859918048132	0.9902162648689341	0.9884282221683178	0.9885549208565055	0.9886901964151331	1.0	0.9889709514123948	0.9920117045501792	0.9908804972704821	0.988313400309895	0.9779618138907419
0.9789020543884661	0.9761995151380977	0.984720009854139	0.9766775649435917	0.9872129648128554	0.9842834652479094	0.9861768617465962	0.9858693883685108	0.9789480824483351	0.9834165759109934	0.9772993891840812	0.9791922097620063	0.9855230417524675	0.9833676986960446	0.9834275617709242	0.9852462156082943	0.9844705438617433	0.9876841837084989	0.9875518424906329	0.9844460834435084	0.9857498143928043	0.9857010297342964	0.9855231192584792	0.9798741834642296	0.9887384610256224	0.9844568429617878	0.9884536011389902	0.9865436427105588	0.9846603989019783	0.987947378238698	0.988798331744023	0.9878214585914262	0.9883251696820551	0.9889709514123948	1.0	0.9883562671992064	0.9884801886689666	0.9950607953782192	0.9778885363354327
0.9805016816650735	0.977596766583158	0.9869713739616299	0.977974563601756	0.9883486083523901	0.986348298880468	0.9873531337961033	0.9868678988302417	0.9801026307355997	0.9845719991081086	0.9788746270930324	0.9803906916169206	0.9872568024944585	0.9849270009540041	0.9839976249473351	0.9863131322917541	0.9852475576095924	0.9881251514636407	0.9899634723191478	0.9873294579441	0.9877849250503771	0.9867191398418748	0.9861743687316958	0.9811938238383656	0.991601605538579	0.9845038561911368	0.9892151577815812	0.9891264902995555	0.9864790832669661	0.9893281057324546	0.989606216642203	0.9889023295103303	0.9893575609468511	0.9920117045501792	0.9883562671992064	1.0	0.9901789267005214	0.988596144616164	0.9791123999268373
0.9800918814199254	0.9772036313368996	0.9859291822950909	0.9783164204675845	0.9881574695259808	0.9858239631087651	0.987174883931486	0.9868420069778693	0.9802486751956749	0.9847982799341144	0.9783055595514004	0.9797594780348131	0.9869876322359072	0.9846140251171944	0.9838087028916602	0.9861241673465807	0.984904486578973	0.9908094842190838	0.9888417788216289	0.9870395173351529	0.9876885180937282	0.9861857353219782	0.9855505139264481	0.9808688745481581	0.9904691121389427	0.9844568429617878	0.990006973561075	0.9878100569604853	0.985453019688452	0.9911853735824429	0.988798331744023	0.988849119795046	0.9888195893677638	0.9908804972704821	0.9884801886689666	0.9901789267005214	1.0	0.9890031263669613	0.978685671976678
0.9790443058900279	0.9752895124685289	0.9855128365107887	0.976363068618596	0.9863853658467345	0.9846874025345514	0.9852425021348685	0.9853154852123274	0.9784514932834675	0.9821410085159539	0.9772434923045946	0.9776294334824219	0.9841672735234487	0.9823353554249324	0.9816553368724105	0.9842229464611928	0.9841633332919812	0.9871332183125249	0.987237618725564	0.9857369385915357	0.985903071812026	0.9847687753632315	0.9851169409018166	0.9790022865844465	0.988470847098402	0.9830632935197104	0.9881840735951276	0.9850078405139623	0.9857090092833841	0.988544916698401	0.9877175744947482	0.9863610918072385	0.9872593758882731	0.988313400309895	0.9950607953782192	0.988596144616164	0.9890031263669613	1.0	0.9769206225316596
0.9869499360505898	0.9831199879979411	0.9790416650035058	0.9867641183447217	0.9782239816859509	0.9792885694427466	0.9771888736017218	0.9771465533369547	0.986497777570648	0.9788285356129404	0.9927577663473988	0.9916427292811553	0.9785781121769512	0.9755305451000497	0.9756362750333912	0.97843414515989	0.9779685687225166	0.9755995162473342	0.9779618138907419	0.9791829818765893	0.9788824075784975	0.9769206225316596	0.9779618138907419	0.9873350196999864	0.9770532208176913	0.9750353424506898	0.9777414851616721	0.9773384772959555	0.9790770516289918	0.9783980538927685	0.9771967287282116	0.9771359313704727	0.976693113248547	0.9779618138907419	0.9778885363354327	0.9791123999268373	0.978685671976678	0.9769206225316596	1.0
