/home/jshaw/scratch/2022_sketched_distance/references/SGB_genome_fastas_part5/15121/CM_cf__CF_FIFC001SS_t6M17__bin.13.fa	/home/jshaw/scratch/2022_sketched_distance/references/SGB_genome_fastas_part5/15121/FengQ_2015__SID31549__bin.37.fa	/home/jshaw/scratch/2022_sketched_distance/references/SGB_genome_fastas_part5/15121/FengQ_2015__SID31723__bin.18.fa	/home/jshaw/scratch/2022_sketched_distance/references/SGB_genome_fastas_part5/15121/FengQ_2015__SID31749__bin.26.fa	/home/jshaw/scratch/2022_sketched_distance/references/SGB_genome_fastas_part5/15121/FengQ_2015__SID31766__bin.42.fa	/home/jshaw/scratch/2022_sketched_distance/references/SGB_genome_fastas_part5/15121/FengQ_2015__SID31871__bin.16.fa	/home/jshaw/scratch/2022_sketched_distance/references/SGB_genome_fastas_part5/15121/FengQ_2015__SID31884__bin.20.fa	/home/jshaw/scratch/2022_sketched_distance/references/SGB_genome_fastas_part5/15121/FengQ_2015__SID530163__bin.12.fa	/home/jshaw/scratch/2022_sketched_distance/references/SGB_genome_fastas_part5/15121/FengQ_2015__SID530215__bin.26.fa	/home/jshaw/scratch/2022_sketched_distance/references/SGB_genome_fastas_part5/15121/FengQ_2015__SID530295__bin.20.fa	/home/jshaw/scratch/2022_sketched_distance/references/SGB_genome_fastas_part5/15121/FengQ_2015__SID530373__bin.21.fa	/home/jshaw/scratch/2022_sketched_distance/references/SGB_genome_fastas_part5/15121/FengQ_2015__SID530398__bin.32.fa	/home/jshaw/scratch/2022_sketched_distance/references/SGB_genome_fastas_part5/15121/FengQ_2015__SID530705__bin.35.fa	/home/jshaw/scratch/2022_sketched_distance/references/SGB_genome_fastas_part5/15121/HeQ_2017__SZAXPI029570-85__bin.62.fa	/home/jshaw/scratch/2022_sketched_distance/references/SGB_genome_fastas_part5/15121/KarlssonFH_2013__S536__bin.20.fa	/home/jshaw/scratch/2022_sketched_distance/references/SGB_genome_fastas_part5/15121/LiSS_2016__FAT_015-22-42-0__bin.16.fa	/home/jshaw/scratch/2022_sketched_distance/references/SGB_genome_fastas_part5/15121/LiSS_2016__FAT_023-22-14-0__bin.38.fa	/home/jshaw/scratch/2022_sketched_distance/references/SGB_genome_fastas_part5/15121/LiSS_2016__FAT_023-22-42-0__bin.80.fa	/home/jshaw/scratch/2022_sketched_distance/references/SGB_genome_fastas_part5/15121/LoombaR_2017__SID5639_uuc__bin.12.fa	/home/jshaw/scratch/2022_sketched_distance/references/SGB_genome_fastas_part5/15121/NielsenHB_2014__V1_UC5_3__bin.38.fa	/home/jshaw/scratch/2022_sketched_distance/references/SGB_genome_fastas_part5/15121/QinN_2014__LD-35__bin.71.fa	/home/jshaw/scratch/2022_sketched_distance/references/SGB_genome_fastas_part5/15121/XieH_2016__YSZC12003_35999__bin.80.fa	/home/jshaw/scratch/2022_sketched_distance/references/SGB_genome_fastas_part5/15121/XieH_2016__YSZC12003_36116__bin.66.fa	/home/jshaw/scratch/2022_sketched_distance/references/SGB_genome_fastas_part5/15121/XieH_2016__YSZC12003_36588__bin.61.fa	/home/jshaw/scratch/2022_sketched_distance/references/SGB_genome_fastas_part5/15121/XieH_2016__YSZC12003_36695__bin.14.fa	/home/jshaw/scratch/2022_sketched_distance/references/SGB_genome_fastas_part5/15121/XieH_2016__YSZC12003_37223__bin.31.fa	/home/jshaw/scratch/2022_sketched_distance/references/SGB_genome_fastas_part5/15121/XieH_2016__YSZC12003_37269__bin.15.fa	/home/jshaw/scratch/2022_sketched_distance/references/SGB_genome_fastas_part5/15121/XieH_2016__YSZC12003_37284__bin.33.fa	/home/jshaw/scratch/2022_sketched_distance/references/SGB_genome_fastas_part5/15121/XieH_2016__YSZC12003_37393__bin.23.fa	/home/jshaw/scratch/2022_sketched_distance/references/SGB_genome_fastas_part5/15121/YuJ_2015__SZAXPI003415-12__bin.22.fa	/home/jshaw/scratch/2022_sketched_distance/references/SGB_genome_fastas_part5/15121/YuJ_2015__SZAXPI015221-142__bin.17.fa	/home/jshaw/scratch/2022_sketched_distance/references/SGB_genome_fastas_part5/15121/YuJ_2015__SZAXPI015223-158__bin.39.fa	/home/jshaw/scratch/2022_sketched_distance/references/SGB_genome_fastas_part5/15121/YuJ_2015__SZAXPI017592-142__bin.63.fa	/home/jshaw/scratch/2022_sketched_distance/references/SGB_genome_fastas_part5/15121/ZeeviD_2015__PNP_Main_461__bin.10.fa	/home/jshaw/scratch/2022_sketched_distance/references/SGB_genome_fastas_part5/15121/ZellerG_2014__CCIS76845094ST-20-0__bin.95.fa	/home/jshaw/scratch/2022_sketched_distance/references/SGB_genome_fastas_part5/15121/ZellerG_2014__CCIS78100604ST-4-0__bin.36.fa
1.0	0.9822038825734423	0.9833344944896562	0.9839946008884467	0.9800297118259382	0.9791525157895156	0.9809646253649401	0.9826932163509765	0.9823350881952196	0.9813717124641732	0.9807591655118969	0.9803978650550104	0.9793195155223623	0.9782756704584777	0.9767296088211582	0.9797120333976623	0.9753054964891477	0.9810668731737705	0.9832072388926391	0.9816068611441335	0.9814054087903997	0.9845500212126901	0.9856334380590447	0.977034222597107	0.9790310541633391	0.9866248665298571	0.9768898619413634	0.9797120333976623	0.9838073511354912	0.978630209779952	0.9842117163819231	0.9791395261523591	0.9810328260813638	0.9860160529216416	0.9822038825734423	0.9800297118259382
0.9822038825734423	1.0	0.9848102491342118	0.9858318429098241	0.9833350566315023	0.9865691589104799	0.983099322443682	0.9848368447837458	0.9835076230114789	0.9816829943260805	0.9827657414490688	0.984406566376935	0.9825531041618119	0.9844947490110199	0.9833635372599239	0.9812780005801693	0.9837062039715649	0.9833410957715688	0.9818290534594413	0.982460660254838	0.9838381612432088	0.9859605484802294	0.9861909559711834	0.982423192360557	0.981903414406302	0.9880266070955406	0.9830479098243661	0.9826379774175839	0.9838655562874064	0.9841466534920608	0.9835076230114789	0.9840387246785413	0.9844924246917612	0.9875404956861454	0.9818603498225328	0.9841507077695811
0.9833344944896562	0.9848102491342118	1.0	0.9851038990096346	0.9849130038124133	0.9869901561012869	0.9915706088013886	0.9863982493329169	0.9829246446072947	0.9823253261526373	0.9832316397781817	0.9856515243740108	0.9838257235560569	0.9854975641352685	0.9838135967619203	0.9816073216055479	0.9892941635934165	0.9899146506310182	0.982470889067387	0.9854435855514403	0.9822530967423662	0.9854782682725942	0.9857008587612132	0.9831306170265992	0.9832922538567694	0.9923113260889813	0.9833334561876973	0.981393488412036	0.9834568018738954	0.9848182026690923	0.9837779457406204	0.9902141704343145	0.9839620949566324	0.9869819474046729	0.9826113518649295	0.992959033706562
0.9839946008884467	0.9858318429098241	0.9851038990096346	1.0	0.9852599806897439	0.9873599060372716	0.9849771534996031	0.9870715327405349	0.9826109685609105	0.9834339338013355	0.9844240231964616	0.9864141785261225	0.9845357177224539	0.9854357774347012	0.9845502377512	0.982921067734494	0.9845191951152195	0.9846972441514917	0.9839121243929619	0.9853870742631725	0.9841955548892214	0.9860997248229276	0.995006841866047	0.9843596386547164	0.9845962308859633	0.9868471992238662	0.9852272429151365	0.9824739043130033	0.9842760101813985	0.9856657728350501	0.9847366139127954	0.9856028454073619	0.9855012106295451	0.9865050791734798	0.9834570227352638	0.9856797245224693
0.9800297118259382	0.9833350566315023	0.9849130038124133	0.9852599806897439	1.0	0.983148706451941	0.9812575106367718	0.9830593964179408	0.9842671947458808	0.9815808912177802	0.980634136574242	0.983147221335904	0.9815651034032098	0.97952156215374	0.9806893433743575	0.9814196005063505	0.9777653702089975	0.9825635334069309	0.982060047518912	0.9819011069308411	0.9825010194033295	0.9850869505574057	0.9850869505574057	0.9770785828415438	0.9797613621792977	0.9864463277118538	0.9785298746571711	0.9822812758203098	0.9837593061153395	0.9812575106367718	0.9854034793283342	0.9809309009280169	0.9824697175969326	0.9854607037037797	0.9816772853696486	0.9812899929300174
0.9791525157895156	0.9865691589104799	0.9869901561012869	0.9873599060372716	0.983148706451941	1.0	0.983253036010184	0.9859993116840051	0.9849776645944953	0.9837697603542614	0.9839232029571807	0.9792115008979522	0.980198279820534	0.9809332637042935	0.9778271072981155	0.9820327053583324	0.9773314614963586	0.9857589284374744	0.9824623445312035	0.981432589666079	0.9877709691488598	0.9873139138592658	0.9873599060372716	0.9784362504210207	0.9817067345585327	0.9890616511368499	0.9783153287815176	0.984227951280399	0.9849776645944953	0.9868970657114224	0.9858552928425793	0.9863329217367649	0.9869436438330749	0.9878163276066718	0.9888426956933677	0.982780914766958
0.9809646253649401	0.983099322443682	0.9915706088013886	0.9849771534996031	0.9812575106367718	0.983253036010184	1.0	0.9837372870333889	0.9837085563863631	0.9812005312913016	0.9805739460091708	0.983147221335904	0.981195230191002	0.9829306051943484	0.9809342923970725	0.9792176597691367	0.985585732566457	0.9881636108082134	0.9812005312913016	0.9835253460727446	0.9820278199824867	0.9859041538343907	0.9866484067749626	0.9802847353629384	0.9809012927489336	0.9925519308803061	0.9800913587530375	0.9809513362195642	0.9847551796624002	0.9814478420707385	0.9843348887901794	0.9867971844384171	0.9808887395980478	0.9872989782440529	0.9816627159091637	0.9884360983885508
0.9826932163509765	0.9848368447837458	0.9863982493329169	0.9870715327405349	0.9830593964179408	0.9859993116840051	0.9837372870333889	1.0	0.9834203972935718	0.9821513909953112	0.983747979010673	0.984539860173377	0.9838880758734307	0.98493725412202	0.9834389775361221	0.9810363945823519	0.9834583241173204	0.9843217185094582	0.9827871500223813	0.9838825624371914	0.9835580350735954	0.9868734741075099	0.9874884902642781	0.9843596386547164	0.9828158291950534	0.9887555259545207	0.9839370920678014	0.9811061129301113	0.9854785381530687	0.9847627621054443	0.984048801453808	0.9845392184534915	0.9841304955043709	0.9902233251461926	0.9824969282937059	0.9856233000000051
0.9823350881952196	0.9835076230114789	0.9829246446072947	0.9826109685609105	0.9842671947458808	0.9849776645944953	0.9837085563863631	0.9834203972935718	1.0	0.9863983948064521	0.9823822587292873	0.9842056048889838	0.9828437832704959	0.9840139199448819	0.9833635372599239	0.9818447628817126	0.9817123515282714	0.9817408239882643	0.9823551236706933	0.9833753495535623	0.9812941776268542	0.9842604942189811	0.9833357730775956	0.9816230999820952	0.9823627996306764	0.9855386710966755	0.9819649692896645	0.9814216416451471	0.9813842516814566	0.982907960195147	0.9829256083685113	0.9832277834407117	0.9824946505150352	0.9843441746852308	0.9833175843963363	0.9837645285716005
0.9813717124641732	0.9816829943260805	0.9823253261526373	0.9834339338013355	0.9815808912177802	0.9837697603542614	0.9812005312913016	0.9821513909953112	0.9863983948064521	1.0	0.9841721365011973	0.98297326796108	0.9815651034032098	0.9824599731521425	0.9808120472870465	0.9796430477811013	0.9787857866713999	0.9798953836534966	0.9810237432604264	0.9837341949201583	0.979645289414356	0.9833219412086923	0.9848292940889014	0.9806443741041075	0.9806138237713465	0.98614202623228	0.9794574138039154	0.9798018226001851	0.9824695696433529	0.980597073555406	0.9841527075068675	0.9807655594219233	0.9795079119701059	0.9854922171259456	0.9811479072984202	0.9815391635747118
0.9807591655118969	0.9827657414490688	0.9832316397781817	0.9844240231964616	0.980634136574242	0.9839232029571807	0.9805739460091708	0.983747979010673	0.9823822587292873	0.9841721365011973	1.0	0.9848378064965497	0.9818977614575822	0.9859268477472017	0.9808935947898253	0.979075352878448	0.9793078176337786	0.9810190170777477	0.9811733238851321	0.9861142463038344	0.98144925475968	0.9851682877306904	0.9854397155104663	0.9810786262396282	0.9802265561896522	0.9864511632355725	0.9805809691131133	0.9796932498541558	0.9839748787460622	0.9814061397421392	0.9871770219763341	0.9813826168903056	0.9808017568883318	0.9863724339531283	0.9815407169182849	0.9819523152648151
0.9803978650550104	0.984406566376935	0.9856515243740108	0.9864141785261225	0.983147221335904	0.9792115008979522	0.983147221335904	0.984539860173377	0.9842056048889838	0.98297326796108	0.9848378064965497	1.0	0.9820176156957809	0.9792064753151788	0.9755518946053058	0.981474390968505	0.9752522185622752	0.9833547538560855	0.982763297469476	0.984406566376935	0.9829034272090139	0.9867889721437262	0.9869129602346165	0.97590510465083	0.9809219938106786	0.9883950786799323	0.9759869908792163	0.9811440735063184	0.9859714503146189	0.9822324060224776	0.9877680368661865	0.9818375408328337	0.9824103278034599	0.9877680368661865	0.9834923824487696	0.9828334372616413
0.9793195155223623	0.9825531041618119	0.9838257235560569	0.9845357177224539	0.9815651034032098	0.980198279820534	0.981195230191002	0.9838880758734307	0.9828437832704959	0.9815651034032098	0.9818977614575822	0.9820176156957809	1.0	0.9793730538925789	0.9783980027798561	0.979387749842744	0.9759381141720954	0.9812627916867219	0.9825855295195364	0.9827149108997888	0.9817318551308326	0.984960485218788	0.9853798273519454	0.9774751296983877	0.9796014818891957	0.9862897507268514	0.9788109152002943	0.978847215815143	0.9846576417999233	0.9803039858477333	0.9854392986606839	0.9803039858477333	0.9811613970361618	0.9860573328923927	0.9821942900234325	0.9810936255444302
0.9782756704584777	0.9844947490110199	0.9854975641352685	0.9854357774347012	0.97952156215374	0.9809332637042935	0.9829306051943484	0.98493725412202	0.9840139199448819	0.9824599731521425	0.9859268477472017	0.9792064753151788	0.9793730538925789	1.0	0.9780444357995757	0.9799265112094927	0.9782066072559101	0.9824938149097949	0.9829972897918454	0.9879930206180992	0.9826288333313693	0.9858353293653775	0.9860788143185326	0.9779964616278111	0.980470746844928	0.9882495029256011	0.9774781601473127	0.9813581409308705	0.9848429324847646	0.9829972897918454	0.9867689524988761	0.9819481041755751	0.9822220964937965	0.986620149720011	0.9818447628817126	0.9818447628817126
0.9767296088211582	0.9833635372599239	0.9838135967619203	0.9845502377512	0.9806893433743575	0.9778271072981155	0.9809342923970725	0.9834389775361221	0.9833635372599239	0.9808120472870465	0.9808935947898253	0.9755518946053058	0.9783980027798561	0.9780444357995757	1.0	0.9805250183833537	0.9738910626862249	0.9820144128308125	0.9808935947898253	0.9794788288594507	0.9822887202447175	0.9838880097448275	0.9842207946340219	0.9734207299455178	0.9782216985101803	0.9859058851492186	0.9751628480220118	0.9826380578950473	0.9833635372599239	0.9804425450404853	0.9830600276819838	0.9805661771440721	0.9817377872962898	0.9859408153878069	0.9803184434664851	0.9798172690382779
0.9797120333976623	0.9812780005801693	0.9816073216055479	0.982921067734494	0.9814196005063505	0.9820327053583324	0.9792176597691367	0.9810363945823519	0.9818447628817126	0.9796430477811013	0.979075352878448	0.981474390968505	0.979387749842744	0.9799265112094927	0.9805250183833537	1.0	0.9793078176337786	0.9799265112094927	0.9790041770064343	0.9803535857744315	0.9801141293187523	0.982372790563439	0.9836567776983505	0.9793885826774105	0.9785274301268075	0.9838798679801286	0.9788109152002943	0.9810666931236731	0.9814580410626434	0.9793446330753617	0.981127206122391	0.9799018341931856	0.9802726919280826	0.9829496717892716	0.9789072586183059	0.9802341744698736
0.9753054964891477	0.9837062039715649	0.9892941635934165	0.9845191951152195	0.9777653702089975	0.9773314614963586	0.985585732566457	0.9834583241173204	0.9817123515282714	0.9787857866713999	0.9793078176337786	0.9752522185622752	0.9759381141720954	0.9782066072559101	0.9738910626862249	0.9793078176337786	1.0	0.9939202612889123	0.9800525374521042	0.9793078176337786	0.9837473356968348	0.9845191951152195	0.9855079067433189	0.9742229797930442	0.9794018417843029	0.9915748430519772	0.9746059768254944	0.9815808661368978	0.9833336777817006	0.9841964123890535	0.9817123515282714	0.9878750275405681	0.9825330465471593	0.9863160274276448	0.9806453652863597	0.9856245764499173
0.9810668731737705	0.9833410957715688	0.9899146506310182	0.9846972441514917	0.9825635334069309	0.9857589284374744	0.9881636108082134	0.9843217185094582	0.9817408239882643	0.9798953836534966	0.9810190170777477	0.9833547538560855	0.9812627916867219	0.9824938149097949	0.9820144128308125	0.9799265112094927	0.9939202612889123	1.0	0.9808116816269773	0.9825532870328568	0.9823481049365832	0.9848303259282964	0.985252598329467	0.982310083687162	0.9816868081204628	0.9922431855988753	0.9828011596071748	0.9814181695993761	0.9837776856910885	0.9842313526058907	0.9830005493787239	0.9898183666601953	0.9826414582977896	0.9862087997527355	0.9809718373945503	0.9888482745034828
0.9832072388926391	0.9818290534594413	0.982470889067387	0.9839121243929619	0.982060047518912	0.9824623445312035	0.9812005312913016	0.9827871500223813	0.9823551236706933	0.9810237432604264	0.9811733238851321	0.982763297469476	0.9825855295195364	0.9829972897918454	0.9808935947898253	0.9790041770064343	0.9800525374521042	0.9808116816269773	1.0	0.98331515823639	0.9820931452890765	0.9840225275701825	0.9850532352566356	0.981196064562682	0.9807418999369453	0.9870726771360159	0.980625117558844	0.9796043252122367	0.9842969207015853	0.9813138010090533	0.98377359572954	0.9816389878344065	0.9808347538631575	0.9863362692769247	0.9818585024433681	0.9821098413070289
0.9816068611441335	0.982460660254838	0.9854435855514403	0.9853870742631725	0.9819011069308411	0.981432589666079	0.9835253460727446	0.9838825624371914	0.9833753495535623	0.9837341949201583	0.9861142463038344	0.984406566376935	0.9827149108997888	0.9879930206180992	0.9794788288594507	0.9803535857744315	0.9793078176337786	0.9825532870328568	0.98331515823639	1.0	0.9808769937949287	0.9861418956605797	0.9870415210527206	0.9802445300939988	0.9808769937949287	0.988591094668448	0.9781513468911786	0.9797545534995302	0.9861142463038344	0.9808445251726254	0.9895019972226793	0.9808310639074408	0.9810065468228435	0.9875485416445954	0.983555263195752	0.9825779223690209
0.9814054087903997	0.9838381612432088	0.9822530967423662	0.9841955548892214	0.9825010194033295	0.9877709691488598	0.9820278199824867	0.9835580350735954	0.9812941776268542	0.979645289414356	0.98144925475968	0.9829034272090139	0.9817318551308326	0.9826288333313693	0.9822887202447175	0.9801141293187523	0.9837473356968348	0.9823481049365832	0.9820931452890765	0.9808769937949287	1.0	0.9841693495051196	0.9839061377745328	0.9825733987713007	0.9808376288434771	0.9859053044237064	0.984957780073165	0.9815223467651243	0.9819459220839161	0.9855576301259514	0.9809199740909482	0.9848300997997502	0.987125123473632	0.9847410880408827	0.9805183618121605	0.9829782508942976
0.9845500212126901	0.9859605484802294	0.9854782682725942	0.9860997248229276	0.9850869505574057	0.9873139138592658	0.9859041538343907	0.9868734741075099	0.9842604942189811	0.9833219412086923	0.9851682877306904	0.9867889721437262	0.984960485218788	0.9858353293653775	0.9838880097448275	0.982372790563439	0.9845191951152195	0.9848303259282964	0.9840225275701825	0.9861418956605797	0.9841693495051196	1.0	0.9872632957774854	0.984852620639717	0.9950486109273955	0.9889238928333355	0.9842545449745462	0.9815340129256273	0.9854651793983262	0.9851763021329085	0.9854439236497287	0.9860523354272097	0.9856084353215134	0.9878872883007442	0.9843085517226273	0.9859324426424757
0.9856334380590447	0.9861909559711834	0.9857008587612132	0.995006841866047	0.9850869505574057	0.9873599060372716	0.9866484067749626	0.9874884902642781	0.9833357730775956	0.9848292940889014	0.9854397155104663	0.9869129602346165	0.9853798273519454	0.9860788143185326	0.9842207946340219	0.9836567776983505	0.9855079067433189	0.985252598329467	0.9850532352566356	0.9870415210527206	0.9839061377745328	0.9872632957774854	1.0	0.9850963627597032	0.9865537488609124	0.9867788575685276	0.9846860873421471	0.9825555549125227	0.9856599803238382	0.9855576301259514	0.9862340576128437	0.9862747959686801	0.9856084353215134	0.9859360909741329	0.9848997289456276	0.9862940830601893
0.977034222597107	0.982423192360557	0.9831306170265992	0.9843596386547164	0.9770785828415438	0.9784362504210207	0.9802847353629384	0.9843596386547164	0.9816230999820952	0.9806443741041075	0.9810786262396282	0.97590510465083	0.9774751296983877	0.9779964616278111	0.9734207299455178	0.9793885826774105	0.9742229797930442	0.982310083687162	0.981196064562682	0.9802445300939988	0.9825733987713007	0.984852620639717	0.9850963627597032	1.0	0.9801236165966083	0.9867207239979601	0.9755775301895646	0.97947107491902	0.983750885435013	0.9817001474750318	0.9833874446085471	0.9801639708353069	0.9815071874974429	0.9856467865394275	0.9821206965881725	0.9802445300939988
0.9790310541633391	0.981903414406302	0.9832922538567694	0.9845962308859633	0.9797613621792977	0.9817067345585327	0.9809012927489336	0.9828158291950534	0.9823627996306764	0.9806138237713465	0.9802265561896522	0.9809219938106786	0.9796014818891957	0.980470746844928	0.9782216985101803	0.9785274301268075	0.9794018417843029	0.9816868081204628	0.9807418999369453	0.9808769937949287	0.9808376288434771	0.9950486109273955	0.9865537488609124	0.9801236165966083	1.0	0.9871636679507071	0.978341159978707	0.9796699483731165	0.9844823980304458	0.9799330633161176	0.9830846698553031	0.9799690912852946	0.9803561559684439	0.9859868110264304	0.98093307827632	0.9801675371798064
0.9866248665298571	0.9880266070955406	0.9923113260889813	0.9868471992238662	0.9864463277118538	0.9890616511368499	0.9925519308803061	0.9887555259545207	0.9855386710966755	0.98614202623228	0.9864511632355725	0.9883950786799323	0.9862897507268514	0.9882495029256011	0.9859058851492186	0.9838798679801286	0.9915748430519772	0.9922431855988753	0.9870726771360159	0.988591094668448	0.9859053044237064	0.9889238928333355	0.9867788575685276	0.9867207239979601	0.9871636679507071	1.0	0.9854945127685406	0.9842248353432477	0.9868780428788283	0.988134876277705	0.9882680260001458	0.9933327300821563	0.9876071397420337	0.9877711698988652	0.98721314168641	0.9922276582685692
0.9768898619413634	0.9830479098243661	0.9833334561876973	0.9852272429151365	0.9785298746571711	0.9783153287815176	0.9800913587530375	0.9839370920678014	0.9819649692896645	0.9794574138039154	0.9805809691131133	0.9759869908792163	0.9788109152002943	0.9774781601473127	0.9751628480220118	0.9788109152002943	0.9746059768254944	0.9828011596071748	0.980625117558844	0.9781513468911786	0.984957780073165	0.9842545449745462	0.9846860873421471	0.9755775301895646	0.978341159978707	0.9854945127685406	1.0	0.980713235971118	0.9840962025384119	0.9847250385371868	0.9822180761341834	0.9831297486900712	0.9835762457645691	0.9847250385371868	0.9802256180448169	0.9799114837358366
0.9797120333976623	0.9826379774175839	0.981393488412036	0.9824739043130033	0.9822812758203098	0.984227951280399	0.9809513362195642	0.9811061129301113	0.9814216416451471	0.9798018226001851	0.9796932498541558	0.9811440735063184	0.978847215815143	0.9813581409308705	0.9826380578950473	0.9810666931236731	0.9815808661368978	0.9814181695993761	0.9796043252122367	0.9797545534995302	0.9815223467651243	0.9815340129256273	0.9825555549125227	0.97947107491902	0.9796699483731165	0.9842248353432477	0.980713235971118	1.0	0.9799539938953457	0.982345353149864	0.9796055212067857	0.983136427971572	0.9828167634762012	0.9828262628474996	0.9775902053511653	0.9819207188816308
0.9838073511354912	0.9838655562874064	0.9834568018738954	0.9842760101813985	0.9837593061153395	0.9849776645944953	0.9847551796624002	0.9854785381530687	0.9813842516814566	0.9824695696433529	0.9839748787460622	0.9859714503146189	0.9846576417999233	0.9848429324847646	0.9833635372599239	0.9814580410626434	0.9833336777817006	0.9837776856910885	0.9842969207015853	0.9861142463038344	0.9819459220839161	0.9854651793983262	0.9856599803238382	0.983750885435013	0.9844823980304458	0.9868780428788283	0.9840962025384119	0.9799539938953457	1.0	0.9839197141462658	0.9850669034242558	0.9847140564152104	0.9839057687586296	0.9859165243111441	0.9838168110611495	0.9845615711057578
0.978630209779952	0.9841466534920608	0.9848182026690923	0.9856657728350501	0.9812575106367718	0.9868970657114224	0.9814478420707385	0.9847627621054443	0.982907960195147	0.980597073555406	0.9814061397421392	0.9822324060224776	0.9803039858477333	0.9829972897918454	0.9804425450404853	0.9793446330753617	0.9841964123890535	0.9842313526058907	0.9813138010090533	0.9808445251726254	0.9855576301259514	0.9851763021329085	0.9855576301259514	0.9817001474750318	0.9799330633161176	0.988134876277705	0.9847250385371868	0.982345353149864	0.9839197141462658	1.0	0.9830544226755534	0.9856028454073619	0.9850665330765708	0.9862277558224601	0.9815594607944449	0.982670741056323
0.9842117163819231	0.9835076230114789	0.9837779457406204	0.9847366139127954	0.9854034793283342	0.9858552928425793	0.9843348887901794	0.984048801453808	0.9829256083685113	0.9841527075068675	0.9871770219763341	0.9877680368661865	0.9854392986606839	0.9867689524988761	0.9830600276819838	0.981127206122391	0.9817123515282714	0.9830005493787239	0.98377359572954	0.9895019972226793	0.9809199740909482	0.9854439236497287	0.9862340576128437	0.9833874446085471	0.9830846698553031	0.9882680260001458	0.9822180761341834	0.9796055212067857	0.9850669034242558	0.9830544226755534	1.0	0.9841867229497467	0.982845890016003	0.986597994536082	0.9836512453516247	0.9849096914686648
0.9791395261523591	0.9840387246785413	0.9902141704343145	0.9856028454073619	0.9809309009280169	0.9863329217367649	0.9867971844384171	0.9845392184534915	0.9832277834407117	0.9807655594219233	0.9813826168903056	0.9818375408328337	0.9803039858477333	0.9819481041755751	0.9805661771440721	0.9799018341931856	0.9878750275405681	0.9898183666601953	0.9816389878344065	0.9808310639074408	0.9848300997997502	0.9860523354272097	0.9862747959686801	0.9801639708353069	0.9799690912852946	0.9933327300821563	0.9831297486900712	0.983136427971572	0.9847140564152104	0.9856028454073619	0.9841867229497467	1.0	0.9850321938991885	0.9868789135858362	0.9817346114080978	0.986960440182479
0.9810328260813638	0.9844924246917612	0.9839620949566324	0.9855012106295451	0.9824697175969326	0.9869436438330749	0.9808887395980478	0.9841304955043709	0.9824946505150352	0.9795079119701059	0.9808017568883318	0.9824103278034599	0.9811613970361618	0.9822220964937965	0.9817377872962898	0.9802726919280826	0.9825330465471593	0.9826414582977896	0.9808347538631575	0.9810065468228435	0.987125123473632	0.9856084353215134	0.9856084353215134	0.9815071874974429	0.9803561559684439	0.9876071397420337	0.9835762457645691	0.9828167634762012	0.9839057687586296	0.9850665330765708	0.982845890016003	0.9850321938991885	1.0	0.9864277727291375	0.9807106837841649	0.9820154166778956
0.9860160529216416	0.9875404956861454	0.9869819474046729	0.9865050791734798	0.9854607037037797	0.9878163276066718	0.9872989782440529	0.9902233251461926	0.9843441746852308	0.9854922171259456	0.9863724339531283	0.9877680368661865	0.9860573328923927	0.986620149720011	0.9859408153878069	0.9829496717892716	0.9863160274276448	0.9862087997527355	0.9863362692769247	0.9875485416445954	0.9847410880408827	0.9878872883007442	0.9859360909741329	0.9856467865394275	0.9859868110264304	0.9877711698988652	0.9847250385371868	0.9828262628474996	0.9859165243111441	0.9862277558224601	0.986597994536082	0.9868789135858362	0.9864277727291375	1.0	0.9870638765178517	0.9874092682470712
0.9822038825734423	0.9818603498225328	0.9826113518649295	0.9834570227352638	0.9816772853696486	0.9888426956933677	0.9816627159091637	0.9824969282937059	0.9833175843963363	0.9811479072984202	0.9815407169182849	0.9834923824487696	0.9821942900234325	0.9818447628817126	0.9803184434664851	0.9789072586183059	0.9806453652863597	0.9809718373945503	0.9818585024433681	0.983555263195752	0.9805183618121605	0.9843085517226273	0.9848997289456276	0.9821206965881725	0.98093307827632	0.98721314168641	0.9802256180448169	0.9775902053511653	0.9838168110611495	0.9815594607944449	0.9836512453516247	0.9817346114080978	0.9807106837841649	0.9870638765178517	1.0	0.9822353186449277
0.9800297118259382	0.9841507077695811	0.992959033706562	0.9856797245224693	0.9812899929300174	0.982780914766958	0.9884360983885508	0.9856233000000051	0.9837645285716005	0.9815391635747118	0.9819523152648151	0.9828334372616413	0.9810936255444302	0.9818447628817126	0.9798172690382779	0.9802341744698736	0.9856245764499173	0.9888482745034828	0.9821098413070289	0.9825779223690209	0.9829782508942976	0.9859324426424757	0.9862940830601893	0.9802445300939988	0.9801675371798064	0.9922276582685692	0.9799114837358366	0.9819207188816308	0.9845615711057578	0.982670741056323	0.9849096914686648	0.986960440182479	0.9820154166778956	0.9874092682470712	0.9822353186449277	1.0
