/home/jshaw/scratch/2022_sketched_distance/references/SGB_genome_fastas_part3/5043/CM_madagascar__A15_02_1FE__bin.12.fa	/home/jshaw/scratch/2022_sketched_distance/references/SGB_genome_fastas_part3/5043/FengQ_2015__SID31236__bin.32.fa	/home/jshaw/scratch/2022_sketched_distance/references/SGB_genome_fastas_part3/5043/FengQ_2015__SID530185__bin.31.fa	/home/jshaw/scratch/2022_sketched_distance/references/SGB_genome_fastas_part3/5043/HeQ_2017__SZAXPI029570-85__bin.18.fa	/home/jshaw/scratch/2022_sketched_distance/references/SGB_genome_fastas_part3/5043/HeQ_2017__SZAXPI029577-94__bin.48.fa	/home/jshaw/scratch/2022_sketched_distance/references/SGB_genome_fastas_part3/5043/HeQ_2017__SZAXPI029579-97__bin.21.fa	/home/jshaw/scratch/2022_sketched_distance/references/SGB_genome_fastas_part3/5043/HeQ_2017__SZAXPI029601-32__bin.11.fa	/home/jshaw/scratch/2022_sketched_distance/references/SGB_genome_fastas_part3/5043/LiJ_2014__O2.UC8-2__bin.15.fa	/home/jshaw/scratch/2022_sketched_distance/references/SGB_genome_fastas_part3/5043/LiJ_2014__V1.FI25__bin.37.fa	/home/jshaw/scratch/2022_sketched_distance/references/SGB_genome_fastas_part3/5043/NielsenHB_2014__O2_UC35_0__bin.28.fa	/home/jshaw/scratch/2022_sketched_distance/references/SGB_genome_fastas_part3/5043/NielsenHB_2014__O2_UC9_2__bin.44.fa	/home/jshaw/scratch/2022_sketched_distance/references/SGB_genome_fastas_part3/5043/NielsenHB_2014__V1_UC35_4__bin.80.fa	/home/jshaw/scratch/2022_sketched_distance/references/SGB_genome_fastas_part3/5043/QinJ_2012__CON-036__bin.19.fa	/home/jshaw/scratch/2022_sketched_distance/references/SGB_genome_fastas_part3/5043/QinJ_2012__DLM019__bin.1.fa	/home/jshaw/scratch/2022_sketched_distance/references/SGB_genome_fastas_part3/5043/QinJ_2012__NOF005__bin.20.fa	/home/jshaw/scratch/2022_sketched_distance/references/SGB_genome_fastas_part3/5043/QinJ_2012__NOF013__bin.19.fa	/home/jshaw/scratch/2022_sketched_distance/references/SGB_genome_fastas_part3/5043/QinJ_2012__NOM015__bin.11.fa	/home/jshaw/scratch/2022_sketched_distance/references/SGB_genome_fastas_part3/5043/QinJ_2012__T2D-084__bin.27.fa	/home/jshaw/scratch/2022_sketched_distance/references/SGB_genome_fastas_part3/5043/VogtmannE_2016__MMRS87723283ST-27-0-0__bin.6.fa	/home/jshaw/scratch/2022_sketched_distance/references/SGB_genome_fastas_part3/5043/XieH_2016__YSZC12003_37305R1__bin.76.fa	/home/jshaw/scratch/2022_sketched_distance/references/SGB_genome_fastas_part3/5043/XieH_2016__YSZC12003_37323__bin.20.fa	/home/jshaw/scratch/2022_sketched_distance/references/SGB_genome_fastas_part3/5043/XieH_2016__YSZC12003_37406__bin.47.fa	/home/jshaw/scratch/2022_sketched_distance/references/SGB_genome_fastas_part3/5043/XieH_2016__YSZC12003_37877__bin.35.fa	/home/jshaw/scratch/2022_sketched_distance/references/SGB_genome_fastas_part3/5043/YuJ_2015__SZAXPI015225-18__bin.78.fa	/home/jshaw/scratch/2022_sketched_distance/references/SGB_genome_fastas_part3/5043/YuJ_2015__SZAXPI015227-13__bin.33.fa	/home/jshaw/scratch/2022_sketched_distance/references/SGB_genome_fastas_part3/5043/YuJ_2015__SZAXPI015264-87__bin.43.fa	/home/jshaw/scratch/2022_sketched_distance/references/SGB_genome_fastas_part3/5043/YuJ_2015__SZAXPI017586-111__bin.6.fa	/home/jshaw/scratch/2022_sketched_distance/references/SGB_genome_fastas_part3/5043/ZellerG_2014__CCIS77252613ST-4-0__bin.79.fa
1.0	0.9666538412095219	0.9602011314089793	0.9673765470035989	0.9700386106298119	0.9671782507588538	0.9690392633173232	0.9682505639900891	0.9707168123281178	0.9669138528838657	0.9682505639900891	0.9654845152966534	0.9679296083163235	0.9667243839341447	0.9679940553468573	0.9694726648039546	0.9681546120205399	0.9639604313527309	0.962203259803004	0.9666464432610005	0.9667135039856481	0.9677679252626535	0.9646025743083382	0.9676379928193369	0.9658967251852834	0.9657745211615804	0.9683143738556748	0.9660365308805066
0.9666538412095219	1.0	0.972527698666268	0.9857342367925805	0.985748182717781	0.9908232209361236	0.9863199540063247	0.98742479326555	0.9886809430683969	0.9926550296922074	0.9871337783916052	0.9844909360706525	0.9864134547517236	0.9825948675371248	0.9867108829526041	0.9861509796196294	0.9867663525187472	0.9779790045667421	0.9735929181015961	0.9815298770505564	0.9843520487991304	0.9865066903667378	0.9831986690246303	0.9847080068159203	0.982810603329801	0.9846901389530681	0.9860567282863312	0.9851766914042607
0.9602011314089793	0.972527698666268	1.0	0.9673260562569966	0.9742696482103103	0.9780075806711347	0.9726970448371782	0.9718070638318448	0.9744521395193967	0.9736837676609591	0.9679832313665229	0.9707208531643176	0.9706790031421908	0.9710151220661153	0.9713211695376349	0.9689666024413666	0.9718297637070641	0.9647856470022496	0.9624553008072928	0.9746601630396722	0.971950858832715	0.9705573962103905	0.9701950532940337	0.966085297485255	0.9699461642064495	0.972823807609268	0.9727952709581136	0.9720859468698232
0.9673765470035989	0.9857342367925805	0.9673260562569966	1.0	0.9899911608197146	0.9929636056189356	0.9891176600905661	0.986309899717104	0.9890320480291186	0.9848000473070188	0.980719152160606	0.9801050808913873	0.9867510987512744	0.9859957202969196	0.9890506063271024	0.9849508935291322	0.989572427130244	0.9834862287828029	0.9737112162872528	0.975430665972645	0.9878090730885397	0.9846593212395376	0.9796195591543299	0.9811669478320685	0.9865776147529511	0.9879415083325843	0.9885416107844543	0.9820042529395608
0.9700386106298119	0.985748182717781	0.9742696482103103	0.9899911608197146	1.0	0.9998472019882162	0.9913362047170363	0.988642628164015	0.9887224441842274	0.9878831272756383	0.9884813455125464	0.9842709614706809	0.989905247899927	0.9855916492143079	0.9914349090522673	0.9905863699085805	0.991810568252322	0.9817300590112753	0.9727829207211145	0.9812575873442204	0.9879196938745263	0.9876996826769788	0.9834229365301655	0.9891746073164333	0.9859622059077665	0.9881563922101552	0.9902475657353109	0.9854343663103421
0.9671782507588538	0.9908232209361236	0.9780075806711347	0.9929636056189356	0.9998472019882162	1.0	0.9946532097737886	0.9921626330205757	0.983264553032088	0.9918133311799007	0.9915390773465116	0.9886205201091687	0.994329344688374	0.9892589926818618	0.9944736754966014	0.993892542097116	0.9948317771096398	0.9694990739081047	0.9706371089766511	0.9850369270673608	0.9898439491027262	0.9901325833928587	0.98946909856968	0.9915390773465116	0.9857949387624244	0.9947604655304085	0.99292590052229	0.9890899387571315
0.9690392633173232	0.9863199540063247	0.9726970448371782	0.9891176600905661	0.9913362047170363	0.9946532097737886	1.0	0.9885519027241317	0.9902817742399743	0.9866341543534605	0.9882314618120481	0.9837928461511133	0.9894949461305821	0.9870739517936299	0.9902208629418257	0.9903482595741722	0.9904593297462854	0.9834862287828029	0.9748710801228725	0.980144089782163	0.9883129348285431	0.9872858974468055	0.982928023504128	0.9891341539070728	0.9880788362533699	0.9893147281775493	0.9895125344002936	0.9842359945945546
0.9682505639900891	0.98742479326555	0.9718070638318448	0.986309899717104	0.988642628164015	0.9921626330205757	0.9885519027241317	1.0	0.9946656573241764	0.9869428433332459	0.9973493596648096	0.9839802726150925	0.9866394821206819	0.9846012112201123	0.9868630976992283	0.9864317094863683	0.9871485468101868	0.98179442844357	0.9754358450671984	0.9811883406423374	0.9853562726968251	0.9884689903857652	0.9832612623446919	0.9850119436226257	0.9856852241694345	0.9872607144984674	0.9874710808388608	0.9845921388533955
0.9707168123281178	0.9886809430683969	0.9744521395193967	0.9890320480291186	0.9887224441842274	0.983264553032088	0.9902817742399743	0.9946656573241764	1.0	0.9893591185123862	0.994264767011465	0.9874109565156376	0.989682977052243	0.9853401835208254	0.9898837858655296	0.9895214452621567	0.9900236283996066	0.9780872360809895	0.9755558225149354	0.9829327426704633	0.9873245234307447	0.9908504659014876	0.9858193104811028	0.9883889625217742	0.9870856552270031	0.9868669871578513	0.9894606663171548	0.9882630315467217
0.9669138528838657	0.9926550296922074	0.9736837676609591	0.9848000473070188	0.9878831272756383	0.9918133311799007	0.9866341543534605	0.9869428433332459	0.9893591185123862	1.0	0.986580829380298	0.9839472912046453	0.985559764649592	0.9845409639222734	0.985755868184953	0.9855060780881946	0.9860701821599712	0.9796003398143042	0.9741510340048704	0.9813083670406559	0.9850530546986526	0.9855776406909935	0.9836074750061135	0.9840035864777757	0.9841081830885762	0.9864704590099892	0.9871713641434162	0.9852001855836409
0.9682505639900891	0.9871337783916052	0.9679832313665229	0.980719152160606	0.9884813455125464	0.9915390773465116	0.9882314618120481	0.9973493596648096	0.994264767011465	0.986580829380298	1.0	0.9820025267338399	0.9851984641479308	0.9842177634452279	0.9863158792558324	0.9834887855662742	0.986994186633985	0.9814713075163748	0.9746423971831271	0.9783217483346274	0.9855631230252184	0.9881678559401764	0.9818063262365146	0.9791578021219011	0.9850438472243798	0.9870929647825175	0.9875236898588426	0.983786186940894
0.9654845152966534	0.9844909360706525	0.9707208531643176	0.9801050808913873	0.9842709614706809	0.9886205201091687	0.9837928461511133	0.9839802726150925	0.9874109565156376	0.9839472912046453	0.9820025267338399	1.0	0.9829571752278098	0.982530814482981	0.9825281485657326	0.9817001604876868	0.9832277068425864	0.977870412520413	0.9790614745915787	0.9804422238887075	0.9827871070281449	0.9822496739019733	0.9909308358847131	0.9799051240722326	0.9818944938485231	0.9844277418118224	0.9828425368435929	0.9926307704070205
0.9679296083163235	0.9864134547517236	0.9706790031421908	0.9867510987512744	0.989905247899927	0.994329344688374	0.9894949461305821	0.9866394821206819	0.989682977052243	0.985559764649592	0.9851984641479308	0.9829571752278098	1.0	0.986454028896069	0.9879344929674028	0.9867344292501125	0.9884897286117874	0.9823997062228473	0.9756590323295149	0.9779321979281589	0.9871548133766919	0.9851457601858641	0.9821619067293963	0.9855633307308729	0.9866898130852326	0.9926355015428012	0.9883029015183931	0.9841531385017627
0.9667243839341447	0.9825948675371248	0.9710151220661153	0.9859957202969196	0.9855916492143079	0.9892589926818618	0.9870739517936299	0.9846012112201123	0.9853401835208254	0.9845409639222734	0.9842177634452279	0.982530814482981	0.986454028896069	1.0	0.9864160795944729	0.9863400493379267	0.9865676147264769	0.9795659364836701	0.9727525288504358	0.9790381809182714	0.98564774563146	0.9842988625139512	0.9818614907068187	0.9850594697536467	0.9824452150744376	0.9839582972507702	0.9865108708543264	0.9836856750280212
0.9679940553468573	0.9867108829526041	0.9713211695376349	0.9890506063271024	0.9914349090522673	0.9944736754966014	0.9902208629418257	0.9868630976992283	0.9898837858655296	0.985755868184953	0.9863158792558324	0.9825281485657326	0.9879344929674028	0.9864160795944729	1.0	0.9891775991574173	0.9985771088032506	0.9834862287828029	0.9737702040804411	0.9789443610985937	0.9877389659578686	0.9859684040751618	0.982333603335545	0.9880330614307129	0.9878092899907965	0.9897657883874755	0.9890306467751309	0.9833139199763664
0.9694726648039546	0.9861509796196294	0.9689666024413666	0.9849508935291322	0.9905863699085805	0.993892542097116	0.9903482595741722	0.9864317094863683	0.9895214452621567	0.9855060780881946	0.9834887855662742	0.9817001604876868	0.9867344292501125	0.9863400493379267	0.9891775991574173	1.0	0.9899517719008979	0.9838506106508608	0.9740343306411808	0.9768118340910822	0.9877915602953844	0.9853418913253768	0.9812634178929932	0.9894596173084748	0.987519320856958	0.989069269896736	0.9886603200285692	0.9834710168190054
0.9681546120205399	0.9867663525187472	0.9718297637070641	0.989572427130244	0.991810568252322	0.9948317771096398	0.9904593297462854	0.9871485468101868	0.9900236283996066	0.9860701821599712	0.986994186633985	0.9832277068425864	0.9884897286117874	0.9865676147264769	0.9985771088032506	0.9899517719008979	1.0	0.9836081398972046	0.9739465270086205	0.9796021462562865	0.987931402535592	0.9866311710242619	0.9830537180197146	0.9886536005472274	0.9878453572244514	0.9898861812546305	0.9891142348831673	0.9839523122074051
0.9639604313527309	0.9779790045667421	0.9647856470022496	0.9834862287828029	0.9817300590112753	0.9694990739081047	0.9834862287828029	0.98179442844357	0.9780872360809895	0.9796003398143042	0.9814713075163748	0.977870412520413	0.9823997062228473	0.9795659364836701	0.9834862287828029	0.9838506106508608	0.9836081398972046	1.0	0.9671918787690867	0.9729898425385218	0.981013508498515	0.9802472104445232	0.9763868317721086	0.9828697775309833	0.9820506475992018	0.9803481871339998	0.9829319471183905	0.9788701445323594
0.962203259803004	0.9735929181015961	0.9624553008072928	0.9737112162872528	0.9727829207211145	0.9706371089766511	0.9748710801228725	0.9754358450671984	0.9755558225149354	0.9741510340048704	0.9746423971831271	0.9790614745915787	0.9756590323295149	0.9727525288504358	0.9737702040804411	0.9740343306411808	0.9739465270086205	0.9671918787690867	1.0	0.9718585360652471	0.9727829207211145	0.9735039106139434	0.9776801693968595	0.9733848529106349	0.9727525288504358	0.9713545309044981	0.9730852830864557	0.9793854554154788
0.9666464432610005	0.9815298770505564	0.9746601630396722	0.975430665972645	0.9812575873442204	0.9850369270673608	0.980144089782163	0.9811883406423374	0.9829327426704633	0.9813083670406559	0.9783217483346274	0.9804422238887075	0.9779321979281589	0.9790381809182714	0.9789443610985937	0.9768118340910822	0.9796021462562865	0.9729898425385218	0.9718585360652471	1.0	0.9791894438167632	0.9784199739469588	0.9795165972833831	0.9753858443376885	0.97828907693131	0.9803316761393059	0.9795949438504948	0.9814145144129658
0.9667135039856481	0.9843520487991304	0.971950858832715	0.9878090730885397	0.9879196938745263	0.9898439491027262	0.9883129348285431	0.9853562726968251	0.9873245234307447	0.9850530546986526	0.9855631230252184	0.9827871070281449	0.9871548133766919	0.98564774563146	0.9877389659578686	0.9877915602953844	0.987931402535592	0.981013508498515	0.9727829207211145	0.9791894438167632	1.0	0.9849958882971294	0.9818349630816251	0.9866871551568522	0.9854146528911643	0.9865655387378118	0.9873506851098874	0.9838508942434184
0.9677679252626535	0.9865066903667378	0.9705573962103905	0.9846593212395376	0.9876996826769788	0.9901325833928587	0.9872858974468055	0.9884689903857652	0.9908504659014876	0.9855776406909935	0.9881678559401764	0.9822496739019733	0.9851457601858641	0.9842988625139512	0.9859684040751618	0.9853418913253768	0.9866311710242619	0.9802472104445232	0.9735039106139434	0.9784199739469588	0.9849958882971294	1.0	0.981217766199445	0.9840733068937341	0.9850634680489851	0.9866981902189333	0.9866716829385396	0.9825800931115498
0.9646025743083382	0.9831986690246303	0.9701950532940337	0.9796195591543299	0.9834229365301655	0.98946909856968	0.982928023504128	0.9832612623446919	0.9858193104811028	0.9836074750061135	0.9818063262365146	0.9909308358847131	0.9821619067293963	0.9818614907068187	0.982333603335545	0.9812634178929932	0.9830537180197146	0.9763868317721086	0.9776801693968595	0.9795165972833831	0.9818349630816251	0.981217766199445	1.0	0.9797221973944928	0.9808629317879857	0.9842040627675797	0.982251231990454	0.9930094541624044
0.9676379928193369	0.9847080068159203	0.966085297485255	0.9811669478320685	0.9891746073164333	0.9915390773465116	0.9891341539070728	0.9850119436226257	0.9883889625217742	0.9840035864777757	0.9791578021219011	0.9799051240722326	0.9855633307308729	0.9850594697536467	0.9880330614307129	0.9894596173084748	0.9886536005472274	0.9828697775309833	0.9733848529106349	0.9753858443376885	0.9866871551568522	0.9840733068937341	0.9797221973944928	1.0	0.9866150567434416	0.9877772009639869	0.987733289189933	0.9818480255615332
0.9658967251852834	0.982810603329801	0.9699461642064495	0.9865776147529511	0.9859622059077665	0.9857949387624244	0.9880788362533699	0.9856852241694345	0.9870856552270031	0.9841081830885762	0.9850438472243798	0.9818944938485231	0.9866898130852326	0.9824452150744376	0.9878092899907965	0.987519320856958	0.9878453572244514	0.9820506475992018	0.9727525288504358	0.97828907693131	0.9854146528911643	0.9850634680489851	0.9808629317879857	0.9866150567434416	1.0	0.9856412184782317	0.9866150567434416	0.9823876918364368
0.9657745211615804	0.9846901389530681	0.972823807609268	0.9879415083325843	0.9881563922101552	0.9947604655304085	0.9893147281775493	0.9872607144984674	0.9868669871578513	0.9864704590099892	0.9870929647825175	0.9844277418118224	0.9926355015428012	0.9839582972507702	0.9897657883874755	0.989069269896736	0.9898861812546305	0.9803481871339998	0.9713545309044981	0.9803316761393059	0.9865655387378118	0.9866981902189333	0.9842040627675797	0.9877772009639869	0.9856412184782317	1.0	0.9884116207851288	0.9857192458462348
0.9683143738556748	0.9860567282863312	0.9727952709581136	0.9885416107844543	0.9902475657353109	0.99292590052229	0.9895125344002936	0.9874710808388608	0.9894606663171548	0.9871713641434162	0.9875236898588426	0.9828425368435929	0.9883029015183931	0.9865108708543264	0.9890306467751309	0.9886603200285692	0.9891142348831673	0.9829319471183905	0.9730852830864557	0.9795949438504948	0.9873506851098874	0.9866716829385396	0.982251231990454	0.987733289189933	0.9866150567434416	0.9884116207851288	1.0	0.9839159368814352
0.9660365308805066	0.9851766914042607	0.9720859468698232	0.9820042529395608	0.9854343663103421	0.9890899387571315	0.9842359945945546	0.9845921388533955	0.9882630315467217	0.9852001855836409	0.983786186940894	0.9926307704070205	0.9841531385017627	0.9836856750280212	0.9833139199763664	0.9834710168190054	0.9839523122074051	0.9788701445323594	0.9793854554154788	0.9814145144129658	0.9838508942434184	0.9825800931115498	0.9930094541624044	0.9818480255615332	0.9823876918364368	0.9857192458462348	0.9839159368814352	1.0
