/home/jshaw/scratch/2022_sketched_distance/references/SGB_genome_fastas_part5/14906/BackhedF_2015__SID377_M__bin.5.fa	/home/jshaw/scratch/2022_sketched_distance/references/SGB_genome_fastas_part5/14906/BackhedF_2015__SID532_M__bin.11.fa	/home/jshaw/scratch/2022_sketched_distance/references/SGB_genome_fastas_part5/14906/Bengtsson-PalmeJ_2015__TRAVELRES53__bin.75.fa	/home/jshaw/scratch/2022_sketched_distance/references/SGB_genome_fastas_part5/14906/ChengpingW_2017__AS38raw__bin.1.fa	/home/jshaw/scratch/2022_sketched_distance/references/SGB_genome_fastas_part5/14906/CosteaPI_2017__halbarad-11-0-0__bin.24.fa	/home/jshaw/scratch/2022_sketched_distance/references/SGB_genome_fastas_part5/14906/CosteaPI_2017__halbarad-11-2-0__bin.19.fa	/home/jshaw/scratch/2022_sketched_distance/references/SGB_genome_fastas_part5/14906/CosteaPI_2017__halbarad-11-7-0__bin.51.fa	/home/jshaw/scratch/2022_sketched_distance/references/SGB_genome_fastas_part5/14906/CosteaPI_2017__mickey2-11-7-0__bin.54.fa	/home/jshaw/scratch/2022_sketched_distance/references/SGB_genome_fastas_part5/14906/CosteaPI_2017__pluto2-11-30-0__bin.1.fa	/home/jshaw/scratch/2022_sketched_distance/references/SGB_genome_fastas_part5/14906/CosteaPI_2017__SID713A052-11-90-0__bin.22.fa	/home/jshaw/scratch/2022_sketched_distance/references/SGB_genome_fastas_part5/14906/CosteaPI_2017__SID713B026-11-0-0__bin.2.fa	/home/jshaw/scratch/2022_sketched_distance/references/SGB_genome_fastas_part5/14906/CosteaPI_2017__SID713B032-11-0-0__bin.61.fa	/home/jshaw/scratch/2022_sketched_distance/references/SGB_genome_fastas_part5/14906/FengQ_2015__SID530373__bin.60.fa	/home/jshaw/scratch/2022_sketched_distance/references/SGB_genome_fastas_part5/14906/HeQ_2017__RSZAXPI003077-109__bin.50.fa	/home/jshaw/scratch/2022_sketched_distance/references/SGB_genome_fastas_part5/14906/HeQ_2017__RSZAXPI003105-143__bin.51.fa	/home/jshaw/scratch/2022_sketched_distance/references/SGB_genome_fastas_part5/14906/KarlssonFH_2013__S312__bin.7.fa	/home/jshaw/scratch/2022_sketched_distance/references/SGB_genome_fastas_part5/14906/LeChatelierE_2013__MH0203__bin.118.fa	/home/jshaw/scratch/2022_sketched_distance/references/SGB_genome_fastas_part5/14906/LeChatelierE_2013__MH0305__bin.5.fa	/home/jshaw/scratch/2022_sketched_distance/references/SGB_genome_fastas_part5/14906/LeChatelierE_2013__MH0440__bin.36.fa	/home/jshaw/scratch/2022_sketched_distance/references/SGB_genome_fastas_part5/14906/LeChatelierE_2013__MH0456__bin.69.fa	/home/jshaw/scratch/2022_sketched_distance/references/SGB_genome_fastas_part5/14906/LiJ_2014__V1.FI15__bin.3.fa	/home/jshaw/scratch/2022_sketched_distance/references/SGB_genome_fastas_part5/14906/LiJ_2014__V1.FI17__bin.17.fa	/home/jshaw/scratch/2022_sketched_distance/references/SGB_genome_fastas_part5/14906/LoombaR_2017__SID5639_uuc__bin.14.fa	/home/jshaw/scratch/2022_sketched_distance/references/SGB_genome_fastas_part5/14906/NielsenHB_2014__O2_UC21_2__bin.29.fa	/home/jshaw/scratch/2022_sketched_distance/references/SGB_genome_fastas_part5/14906/NielsenHB_2014__O2_UC49_2__bin.47.fa	/home/jshaw/scratch/2022_sketched_distance/references/SGB_genome_fastas_part5/14906/NielsenHB_2014__V1_UC35_4__bin.75.fa	/home/jshaw/scratch/2022_sketched_distance/references/SGB_genome_fastas_part5/14906/NielsenHB_2014__V1_UC5_3__bin.31.fa	/home/jshaw/scratch/2022_sketched_distance/references/SGB_genome_fastas_part5/14906/Obregon-TitoAJ_2015__NO21__bin.26.fa	/home/jshaw/scratch/2022_sketched_distance/references/SGB_genome_fastas_part5/14906/QinN_2014__LD-35__bin.32.fa	/home/jshaw/scratch/2022_sketched_distance/references/SGB_genome_fastas_part5/14906/RaymondF_2016__P12E0__bin.20.fa	/home/jshaw/scratch/2022_sketched_distance/references/SGB_genome_fastas_part5/14906/RaymondF_2016__P22E0__bin.15.fa	/home/jshaw/scratch/2022_sketched_distance/references/SGB_genome_fastas_part5/14906/RaymondF_2016__P22E90__bin.67.fa	/home/jshaw/scratch/2022_sketched_distance/references/SGB_genome_fastas_part5/14906/RaymondF_2016__P23C0__bin.13.fa	/home/jshaw/scratch/2022_sketched_distance/references/SGB_genome_fastas_part5/14906/VogtmannE_2016__MMRS73787048ST-27-0-0__bin.66.fa	/home/jshaw/scratch/2022_sketched_distance/references/SGB_genome_fastas_part5/14906/XieH_2016__YSZC12003_36033__bin.55.fa	/home/jshaw/scratch/2022_sketched_distance/references/SGB_genome_fastas_part5/14906/XieH_2016__YSZC12003_36052__bin.73.fa	/home/jshaw/scratch/2022_sketched_distance/references/SGB_genome_fastas_part5/14906/XieH_2016__YSZC12003_36694__bin.98.fa	/home/jshaw/scratch/2022_sketched_distance/references/SGB_genome_fastas_part5/14906/XieH_2016__YSZC12003_37138__bin.8.fa	/home/jshaw/scratch/2022_sketched_distance/references/SGB_genome_fastas_part5/14906/XieH_2016__YSZC12003_37172__bin.8.fa	/home/jshaw/scratch/2022_sketched_distance/references/SGB_genome_fastas_part5/14906/XieH_2016__YSZC12003_37255__bin.85.fa	/home/jshaw/scratch/2022_sketched_distance/references/SGB_genome_fastas_part5/14906/XieH_2016__YSZC12003_37264__bin.57.fa	/home/jshaw/scratch/2022_sketched_distance/references/SGB_genome_fastas_part5/14906/XieH_2016__YSZC12003_37270__bin.2.fa	/home/jshaw/scratch/2022_sketched_distance/references/SGB_genome_fastas_part5/14906/XieH_2016__YSZC12003_37308R1__bin.82.fa	/home/jshaw/scratch/2022_sketched_distance/references/SGB_genome_fastas_part5/14906/XieH_2016__YSZC12003_37348__bin.40.fa	/home/jshaw/scratch/2022_sketched_distance/references/SGB_genome_fastas_part5/14906/ZellerG_2014__CCMD13934959ST-21-0__bin.7.fa	/home/jshaw/scratch/2022_sketched_distance/references/SGB_genome_fastas_part5/14906/ZellerG_2014__CCMD19497912ST-21-0__bin.24.fa	/home/jshaw/scratch/2022_sketched_distance/references/SGB_genome_fastas_part5/14906/ZellerG_2014__CCMD25511638ST-21-0__bin.46.fa	/home/jshaw/scratch/2022_sketched_distance/references/SGB_genome_fastas_part5/14906/ZellerG_2014__MMPU68403337ST__bin.4.fa
1.0	0.9768848435908922	0.9815620974814231	0.979947949581558	0.9801590923808875	0.9787982701541126	0.9795124809966647	0.9741217809652911	0.980335666013552	0.9799010441133338	0.9797703421555842	0.97402833308615	0.9767529262368306	0.9742612749593714	0.9701120957834277	0.9771448212424706	0.9788858617005066	0.9811739118706728	0.9758525743428182	0.9798186312665874	0.9758108662002569	0.9809959432608528	0.9804986778843613	0.9764834423209525	0.9753497631714986	0.9815179759337134	0.9808407355476835	0.9738450359875485	0.977244880832058	0.979220453522024	0.9788805795082984	0.9783702641759765	0.9790321776946491	0.9725400168240959	0.9769930910598306	0.97591232254656	0.9803950836233926	0.981027473041698	0.9760017662338348	0.9762756933766294	0.9759863198723577	0.9786185840676933	0.9787607524815145	0.9660442478226067	0.9759503854926853	0.9757082481473139	0.9791622828543676	0.9808628706419125
0.9768848435908922	1.0	0.9777581944592209	0.9764485021089668	0.97565583810691	0.9740891929898055	0.9751884228239855	0.9717114386711696	0.9777191501089055	0.9760805148744702	0.9753061523740064	0.9729625488208135	0.9739580828353547	0.9708229280818554	0.9683431554485554	0.9739981970075409	0.9773739533113832	0.9774058824395441	0.9739959326095748	0.9774649696002415	0.9740174172813159	0.977403728394557	0.9767704761085001	0.9755914909348727	0.9760385954202381	0.9772182883659531	0.97566799711471	0.9726492255272753	0.9737136260519632	0.9750250969820867	0.9756467930639717	0.9745288833889082	0.9748882605685761	0.9716245148036972	0.9732952720609688	0.9735566069296643	0.9739955061725394	0.9770836991639245	0.9715837847605917	0.9720571464280183	0.9724334126688474	0.974700649375443	0.9763399477708926	0.9662900232689734	0.972564020201136	0.9734492706867436	0.9752108310242935	0.9762128883781312
0.9815620974814231	0.9777581944592209	1.0	0.982036423479385	0.9821495991860267	0.9803357880533758	0.9817436516104124	0.974999445899968	0.9822724122040802	0.9819282027547598	0.9821727648182934	0.9758643248999329	0.9771632351935782	0.9761190654113402	0.9735538499207557	0.9790931844862157	0.9816183756138773	0.9813952949242885	0.9765462184143449	0.9816185422412264	0.9784759786201235	0.9831028614444163	0.9830591964800548	0.9768872759211162	0.977562737671219	0.9828401791344832	0.9822059946841957	0.9756182688680287	0.9793424814088485	0.98065962288559	0.981400070383907	0.9806873893164643	0.981513459237827	0.9740639768538576	0.9798091248766244	0.9779543254157885	0.9799050349078426	0.9831281385195639	0.9783405466890503	0.977127328319223	0.9775963461791859	0.9800771172475666	0.9802257276428488	0.9689285456612919	0.9775314085344201	0.9758702819964183	0.980470406320457	0.9827975738177644
0.979947949581558	0.9764485021089668	0.982036423479385	1.0	0.9815686658830957	0.9799615006303424	0.9810448857206542	0.9729676213966475	0.982116762350039	0.9806809959027227	0.9812191325506159	0.9750576525653265	0.9764605328165382	0.9763344857264173	0.9732707776810123	0.9810490950381986	0.9800067782705578	0.9802280287934751	0.9756311339004283	0.9798607266455479	0.9771947691442768	0.9826105575659739	0.9810028003186205	0.9766981305764315	0.976153076357608	0.9815510364912828	0.9821736519868401	0.9748829904510657	0.9811012156065548	0.9812981328449193	0.9812108439305586	0.9803789479691883	0.980677180442049	0.9732935416967383	0.9780079185667423	0.9768301866714519	0.9790592140710168	0.9810337985056127	0.9765766204856265	0.9773204516731316	0.9762924985546845	0.9782980959142876	0.9794428545025359	0.9681376229653482	0.9765347077651971	0.9738529820339268	0.9801445207202524	0.9820581017428478
0.9801590923808875	0.97565583810691	0.9821495991860267	0.9815686658830957	1.0	0.9958402861674588	0.9967449586529492	0.972734418216163	0.9815241853624431	0.9801942084068878	0.9817326278743282	0.9760354764712789	0.9766379178484696	0.9746602186204311	0.9736323305552248	0.978703299755704	0.9792985194467387	0.9798111034131652	0.9753586595368495	0.9797327749146197	0.9777584631882454	0.9822861077173927	0.9816058255382567	0.975763622483709	0.9765385106211496	0.9814405712720395	0.9821897111108282	0.9755623668300993	0.9783858825607809	0.9817969336827038	0.9805415179299005	0.9800334227304475	0.9810664477053314	0.9728172861707137	0.9794347463710459	0.9770607146430377	0.9795568629000245	0.9814689963000611	0.9763288302255698	0.9772323095237574	0.9770091727791351	0.9788957160265512	0.9786859387648341	0.9697110254091231	0.9773058602098508	0.9744532771158423	0.9790231175568169	0.9972287161923935
0.9787982701541126	0.9740891929898055	0.9803357880533758	0.9799615006303424	0.9958402861674588	1.0	0.9958841062339004	0.9719262649374796	0.9796899244525192	0.9786507681736495	0.9797227720274577	0.974648399573092	0.9753527289361537	0.9727410113295261	0.9720581941582607	0.9775260157460985	0.9779813651087704	0.9783825230725479	0.9739982872587768	0.9778250040546014	0.9771013824348785	0.9803947942633393	0.9794813490421167	0.9744132292459525	0.9750669294032234	0.9799784229680959	0.9799971397055021	0.9741297283180882	0.9768074926429722	0.980231326636858	0.9790342809645528	0.9783631314297542	0.9792817659886194	0.9724514174593467	0.9777003733082859	0.9759955731184352	0.9783335179275457	0.9794812681573121	0.974807939566003	0.9750310739406631	0.9760339245460089	0.9774771822742256	0.9773233061719541	0.9694943935596697	0.9759228806185656	0.9726430533186232	0.9775776358893642	0.9958689986342258
0.9795124809966647	0.9751884228239855	0.9817436516104124	0.9810448857206542	0.9967449586529492	0.9958841062339004	1.0	0.9722956119444027	0.9805340884729888	0.9794312767697838	0.980978777757576	0.9756063366736244	0.9761540122541476	0.9740426773970612	0.9732679801059233	0.9779180041253189	0.9789057624381927	0.9795537169090796	0.9742771731364451	0.9793783379576343	0.9775606537055258	0.9821703463404586	0.9807857428700663	0.9759607109886912	0.9757319369743107	0.9810798906585824	0.9811392367550229	0.9750141603192529	0.9776557600989041	0.9814387550783246	0.9804008840790475	0.979166070775064	0.9801924826084366	0.9732492644931914	0.9784668004343648	0.976651765587614	0.9788019754509412	0.9807266930572743	0.9760862028071194	0.976296152861929	0.9764297976004938	0.9785038875386393	0.9785912320985255	0.9703069906159792	0.9762954302581273	0.9745425816277283	0.9786922978520518	0.9973206788615274
0.9741217809652911	0.9717114386711696	0.974999445899968	0.9729676213966475	0.972734418216163	0.9719262649374796	0.9722956119444027	1.0	0.9741070403516242	0.9727353161038671	0.9722855747561228	0.9716453086313298	0.9715644674556696	0.9684284349226346	0.9689324925252026	0.9716076005717754	0.9745765797530401	0.9745605920252196	0.9708951695346867	0.9735614497073608	0.9726302850276091	0.9741223751881419	0.9722996527122197	0.9728135274124591	0.9727914155658381	0.9753609385356076	0.972145851530624	0.9723964258761679	0.9707392973772974	0.9718880182217502	0.9725125882044577	0.9723994569331661	0.9729141431923171	0.9701738553880904	0.9729331902192838	0.9724539660114496	0.9743061441547625	0.9738219390524177	0.9669564202776099	0.9727461976210355	0.9707122707406276	0.9733271995183054	0.9740981544561704	0.9658056743732747	0.9714837309988197	0.9692847202862108	0.9743884692523633	0.973357909654948
0.980335666013552	0.9777191501089055	0.9822724122040802	0.982116762350039	0.9815241853624431	0.9796899244525192	0.9805340884729888	0.9741070403516242	1.0	0.9808798849034739	0.9825164947933136	0.9761252835185	0.9766751056447651	0.975523169449167	0.9725287574587994	0.9787212553745647	0.98039440252813	0.9809896362499142	0.9756010384930294	0.9805306392620067	0.978023031418708	0.9819290506864465	0.981755554277606	0.9757542953179178	0.9760620301681086	0.9819146333452194	0.9822357228941906	0.9742998317684332	0.9791638036441838	0.9806272499249601	0.9808307155174351	0.9798107447327248	0.9810623664789339	0.9727608203678755	0.9782584381932894	0.9771221283356503	0.97961588932521	0.9819251701411233	0.976531664781318	0.9763475404173201	0.9774943510666395	0.9785347407538864	0.9796778900675495	0.9680817166825877	0.9768928095196702	0.9750020010806231	0.9797876068936788	0.9821203276970705
0.9799010441133338	0.9760805148744702	0.9819282027547598	0.9806809959027227	0.9801942084068878	0.9786507681736495	0.9794312767697838	0.9727353161038671	0.9808798849034739	1.0	0.981171891508372	0.975180186424492	0.9760332284661913	0.9740228624353171	0.9722475968242403	0.9783572307937768	0.9794118681553722	0.9801591305852159	0.9757581932733408	0.9798390620710975	0.9767231719340457	0.9814452275003581	0.9803746264106015	0.9746678661070868	0.9755555063893347	0.9815339105728021	0.9810754454560261	0.9748124467705006	0.9783772012994227	0.9795450550665386	0.979656529654661	0.9791309118100258	0.9808545518890922	0.9731056144140626	0.9782819848691501	0.9763669775128591	0.9782958546500946	0.9809830841869783	0.976231169605305	0.9757694465722125	0.9766296782883795	0.9785919443646011	0.9788799767242035	0.9677195804004	0.9765415852784507	0.9731370709938658	0.9787065158183361	0.9812541599635912
0.9797703421555842	0.9753061523740064	0.9821727648182934	0.9812191325506159	0.9817326278743282	0.9797227720274577	0.980978777757576	0.9722855747561228	0.9825164947933136	0.981171891508372	1.0	0.9754867517440861	0.9757090459132965	0.9746872919776682	0.9719977246230207	0.9793280151020812	0.9794506207388926	0.9815982485166787	0.9766372355324635	0.9802812937925081	0.9765886474099353	0.9820314173500805	0.9818746137275219	0.9747704096035934	0.976259911241727	0.9817160070139229	0.9817133745736851	0.9746038720493464	0.9794887400333717	0.981126744080547	0.98008025365574	0.979415116195078	0.9814071583008979	0.9721471893113596	0.9783127538577464	0.9760979878703347	0.978744567879913	0.9822878408397794	0.9774790422297227	0.9760762504470999	0.9767900886078392	0.977448672909641	0.9789595479146039	0.9661970039285008	0.9766070252498364	0.9729654482805039	0.9792507093489294	0.9825045864695167
0.97402833308615	0.9729625488208135	0.9758643248999329	0.9750576525653265	0.9760354764712789	0.974648399573092	0.9756063366736244	0.9716453086313298	0.9761252835185	0.975180186424492	0.9754867517440861	1.0	0.9729322925091057	0.970093919684678	0.969452534055121	0.973878023897527	0.9764147425779689	0.9750669079637825	0.972719341561724	0.9760358034170484	0.9745308473397163	0.9772017653323875	0.9749819571964247	0.9729439827408279	0.9746715315108587	0.976040165832598	0.9736590444570281	0.9737138147988236	0.9742170074915407	0.975366862721585	0.9755907104716083	0.9751376313083754	0.9759117156551601	0.9718209139062556	0.9751150880356984	0.9730678636252946	0.9741567820055472	0.976911137669308	0.9695220231017588	0.9740990505531181	0.9716058992359122	0.9746788618904454	0.9747453012841348	0.9658926410253129	0.97505076334773	0.9713556197113098	0.9757250578159977	0.9763175451892057
0.9767529262368306	0.9739580828353547	0.9771632351935782	0.9764605328165382	0.9766379178484696	0.9753527289361537	0.9761540122541476	0.9715644674556696	0.9766751056447651	0.9760332284661913	0.9757090459132965	0.9729322925091057	1.0	0.9700266958344975	0.9715457263677104	0.9739898510556434	0.9766262204062143	0.9760334382986866	0.9716990048693497	0.9759570240809822	0.9752152139117537	0.9782764639434098	0.976286107041701	0.9726561071815664	0.9732544838686363	0.9787703542692788	0.9768181264479564	0.9731822471860254	0.9732466928004745	0.9754702056947059	0.9758773803631885	0.975457424611452	0.976014348422583	0.9726133850768373	0.97474469344036	0.9738558613080248	0.9756906983681158	0.9764703289285499	0.9704213781770097	0.9736840973617968	0.9731475194015174	0.9758806983662758	0.976171856833815	0.967209643288031	0.974147266094719	0.970608371073833	0.9753639884329223	0.9768515978734461
0.9742612749593714	0.9708229280818554	0.9761190654113402	0.9763344857264173	0.9746602186204311	0.9727410113295261	0.9740426773970612	0.9684284349226346	0.975523169449167	0.9740228624353171	0.9746872919776682	0.970093919684678	0.9700266958344975	1.0	0.9674178312992829	0.9743893201698665	0.9740290453825622	0.9763164278530511	0.9716248548848774	0.974604907868614	0.9720107949829514	0.9754103409259016	0.976085916624506	0.9711556404857292	0.9715660779088121	0.9759876111391003	0.9757311172397696	0.968775200038542	0.9757725228097501	0.9731459109778688	0.9747714565190403	0.9743764305845348	0.9739233006172092	0.9689606381900948	0.9722644229874184	0.9692779676440495	0.9728360680171724	0.9757166995564803	0.967702507779099	0.9704180577942811	0.9698284003867332	0.971938564312131	0.9727381064112814	0.9614700616668103	0.9704325340331266	0.9690782222763895	0.9728235009511285	0.9761133712758873
0.9701120957834277	0.9683431554485554	0.9735538499207557	0.9732707776810123	0.9736323305552248	0.9720581941582607	0.9732679801059233	0.9689324925252026	0.9725287574587994	0.9722475968242403	0.9719977246230207	0.969452534055121	0.9715457263677104	0.9674178312992829	1.0	0.9719799242653356	0.971012265372335	0.9722390150682275	0.9678209022835008	0.9706471853392643	0.9711937427047832	0.9734696264718746	0.9713579850270653	0.9694610543319013	0.9696472340776036	0.9736606188978507	0.9725905621502733	0.9717301647178739	0.9710478393876109	0.9724707120033262	0.9716746400491025	0.972062468712599	0.9736905622815215	0.9689749839531385	0.9724482778741723	0.9708962148587597	0.9731377643678389	0.9722426306319805	0.9634311069552242	0.9719371208447322	0.971290390972223	0.9736081035327264	0.9715986577495987	0.9667430353394225	0.9721411859357696	0.9669438585527848	0.9708064674734299	0.9738715390015478
0.9771448212424706	0.9739981970075409	0.9790931844862157	0.9810490950381986	0.978703299755704	0.9775260157460985	0.9779180041253189	0.9716076005717754	0.9787212553745647	0.9783572307937768	0.9793280151020812	0.973878023897527	0.9739898510556434	0.9743893201698665	0.9719799242653356	1.0	0.9767635226781356	0.9782660479170129	0.9737668970722874	0.9778587635052043	0.9738968404119918	0.9801949162499657	0.9792946334025475	0.973174471645065	0.9740272758165262	0.9791415328731566	0.9791533203267931	0.9735990481636638	0.9818151767660552	0.9779034195777689	0.9783911594921072	0.978193915831332	0.9782177079807379	0.9729313792813601	0.9765240383683919	0.974167895363045	0.9775610527043168	0.978935783437397	0.973149881297216	0.9735414718758424	0.9746337923779184	0.9754745005012148	0.9763414338669375	0.9665122284776458	0.9750011850480278	0.9717489360913121	0.9758598710498344	0.9793730291233419
0.9788858617005066	0.9773739533113832	0.9816183756138773	0.9800067782705578	0.9792985194467387	0.9779813651087704	0.9789057624381927	0.9745765797530401	0.98039440252813	0.9794118681553722	0.9794506207388926	0.9764147425779689	0.9766262204062143	0.9740290453825622	0.971012265372335	0.9767635226781356	1.0	0.9790127329269068	0.9755054782887806	0.9801124004173225	0.9766879823721081	0.9809464697586763	0.9795133382309708	0.9760991720936075	0.9765603045931149	0.9807413576602907	0.9797502269307896	0.9748962736836378	0.9764248946554783	0.9781484518929509	0.9808494765593074	0.9799320331977475	0.9786065901665009	0.9721173353878478	0.9786748863232845	0.9759229713743007	0.9782232472214096	0.9808755430834437	0.9754353383778118	0.9771302678321289	0.9754993147286195	0.9781307379846936	0.9788606693469811	0.9689212624061541	0.977096319594412	0.9741624252929129	0.9798870727807814	0.9800148203738483
0.9811739118706728	0.9774058824395441	0.9813952949242885	0.9802280287934751	0.9798111034131652	0.9783825230725479	0.9795537169090796	0.9745605920252196	0.9809896362499142	0.9801591305852159	0.9815982485166787	0.9750669079637825	0.9760334382986866	0.9763164278530511	0.9722390150682275	0.9782660479170129	0.9790127329269068	1.0	0.9777960955325216	0.9801495530707952	0.9770246232432954	0.9815768848121017	0.9807618442280286	0.9779570399375505	0.977193170240593	0.9826377016708223	0.981466979057491	0.9751361494492061	0.979376713848351	0.9794971051400198	0.9791992233850361	0.9783789837427512	0.9798089340019716	0.9818052390318827	0.9772896742170986	0.9763455704676088	0.9792279652047644	0.9809121471693639	0.9761049067290181	0.9759330770461425	0.9758464643730469	0.9784312088793341	0.9789883872583737	0.9682828284059669	0.9762053260577042	0.9748972964028012	0.9783122651032885	0.9809043174560496
0.9758525743428182	0.9739959326095748	0.9765462184143449	0.9756311339004283	0.9753586595368495	0.9739982872587768	0.9742771731364451	0.9708951695346867	0.9756010384930294	0.9757581932733408	0.9766372355324635	0.972719341561724	0.9716990048693497	0.9716248548848774	0.9678209022835008	0.9737668970722874	0.9755054782887806	0.9777960955325216	1.0	0.9760271826672706	0.9724594383502877	0.9760832559969458	0.9749772953475182	0.972983399110944	0.9738986044236998	0.9768624534760297	0.9757544159898863	0.9733111619737365	0.9742038528746461	0.9752726011244701	0.9738985596852419	0.9735222239775699	0.9754845517075934	0.9704088779358339	0.9724583799525195	0.9727438719386808	0.9745057587015011	0.9747406794417371	0.9694294463538101	0.972046338622139	0.971475057244757	0.9732758706645518	0.9742334993216554	0.9655544555144696	0.9728681905275309	0.971224787461539	0.9743422678782105	0.9759620531148122
0.9798186312665874	0.9774649696002415	0.9816185422412264	0.9798607266455479	0.9797327749146197	0.9778250040546014	0.9793783379576343	0.9735614497073608	0.9805306392620067	0.9798390620710975	0.9802812937925081	0.9760358034170484	0.9759570240809822	0.974604907868614	0.9706471853392643	0.9778587635052043	0.9801124004173225	0.9801495530707952	0.9760271826672706	1.0	0.9760180711115667	0.9816441317783076	0.9809362537375937	0.9768559021218185	0.9768886761769823	0.9812192926738793	0.9806179659255124	0.9749760857222807	0.9776830536729145	0.9790161812143476	0.9796189799958965	0.9787708969926033	0.9785636300878917	0.9728798083675305	0.9782178975040952	0.9755342362368548	0.9776743608559134	0.9804014891108593	0.9759293173824247	0.9761733623805652	0.9746903764030989	0.9776554415678946	0.9787893731619165	0.9695657818720115	0.9768954220808899	0.9753029981441403	0.9791066586586947	0.9805533344089091
0.9758108662002569	0.9740174172813159	0.9784759786201235	0.9771947691442768	0.9777584631882454	0.9771013824348785	0.9775606537055258	0.9726302850276091	0.978023031418708	0.9767231719340457	0.9765886474099353	0.9745308473397163	0.9752152139117537	0.9720107949829514	0.9711937427047832	0.9738968404119918	0.9766879823721081	0.9770246232432954	0.9724594383502877	0.9760180711115667	1.0	0.9782784619598415	0.976278425448814	0.9730221704861857	0.9739653677742711	0.9778721962532522	0.9763981015109681	0.9728920077183484	0.9741840459992718	0.9769879779800493	0.9768647748865744	0.9771050884928691	0.977222733374093	0.9711730638282051	0.9755228496382898	0.9755391092218585	0.976834057501295	0.9775577824499946	0.9695688765939813	0.9729088245210149	0.9754712044170156	0.976458518475964	0.977472098344771	0.967619153199737	0.9757834432801609	0.9718776672528109	0.97538708644145	0.9777462034482809
0.9809959432608528	0.977403728394557	0.9831028614444163	0.9826105575659739	0.9822861077173927	0.9803947942633393	0.9821703463404586	0.9741223751881419	0.9819290506864465	0.9814452275003581	0.9820314173500805	0.9772017653323875	0.9782764639434098	0.9754103409259016	0.9734696264718746	0.9801949162499657	0.9809464697586763	0.9815768848121017	0.9760832559969458	0.9816441317783076	0.9782784619598415	1.0	0.9821030870476103	0.9769183323872938	0.9767398015132565	0.9827844733325295	0.9822146236292931	0.9771511180814609	0.9798392005142363	0.9812223498298832	0.981187462992494	0.9799922090348375	0.9816675712154279	0.9735770894342728	0.9793556789221189	0.9776354669685061	0.9800476814670669	0.9822202528679366	0.9782716404202	0.9782020677930408	0.9769008247606538	0.9795727729074564	0.980808176019657	0.9701334816317856	0.9777448731097449	0.97643850348246	0.9800104530329558	0.982963873771428
0.9804986778843613	0.9767704761085001	0.9830591964800548	0.9810028003186205	0.9816058255382567	0.9794813490421167	0.9807857428700663	0.9722996527122197	0.981755554277606	0.9803746264106015	0.9818746137275219	0.9749819571964247	0.976286107041701	0.976085916624506	0.9713579850270653	0.9792946334025475	0.9795133382309708	0.9807618442280286	0.9749772953475182	0.9809362537375937	0.976278425448814	0.9821030870476103	1.0	0.9750440026882895	0.9758903157734069	0.9812999464162768	0.9820007464051451	0.9727229709760842	0.9790494186706072	0.9808997026611652	0.9806437291157127	0.9794024851236458	0.9807846343805063	0.971817833343674	0.9776824518903098	0.9753492567302776	0.9787119605108702	0.9820706814367673	0.9774004723202512	0.9760725736318293	0.9759668820895746	0.9774892636882615	0.9792463020595589	0.9662634105006619	0.9754474770104141	0.9739157534908512	0.9795970553215793	0.9825043688494777
0.9764834423209525	0.9755914909348727	0.9768872759211162	0.9766981305764315	0.975763622483709	0.9744132292459525	0.9759607109886912	0.9728135274124591	0.9757542953179178	0.9746678661070868	0.9747704096035934	0.9729439827408279	0.9726561071815664	0.9711556404857292	0.9694610543319013	0.973174471645065	0.9760991720936075	0.9779570399375505	0.972983399110944	0.9768559021218185	0.9730221704861857	0.9769183323872938	0.9750440026882895	1.0	0.9749341672099238	0.9773514842701475	0.976735845996117	0.9745616870038204	0.9732307384703057	0.9747429540530884	0.97479157466662	0.9745067939877874	0.9742011101368329	0.9722491417541992	0.9739452509197865	0.9725484731345575	0.976129288231103	0.9754770737790905	0.9698559275038257	0.9739831407179774	0.9735222239775699	0.9757740085957926	0.9756180592833238	0.9664664555561655	0.9730902923770715	0.9733943983326091	0.9749261468094826	0.9764628732062912
0.9753497631714986	0.9760385954202381	0.977562737671219	0.976153076357608	0.9765385106211496	0.9750669294032234	0.9757319369743107	0.9727914155658381	0.9760620301681086	0.9755555063893347	0.976259911241727	0.9746715315108587	0.9732544838686363	0.9715660779088121	0.9696472340776036	0.9740272758165262	0.9765603045931149	0.977193170240593	0.9738986044236998	0.9768886761769823	0.9739653677742711	0.9767398015132565	0.9758903157734069	0.9749341672099238	1.0	0.9775903038454474	0.9752159702818651	0.9734528817729161	0.9738834743311332	0.9753844059225628	0.9756041057360012	0.9755195495128323	0.9750479161830664	0.9725341088846218	0.9751763856016455	0.9728047582760446	0.9754925714844302	0.9770074835994872	0.9721286884547198	0.9729753933480321	0.9728807452950144	0.9744073476029564	0.9747326665544928	0.9670098524954799	0.9748154222960782	0.9732792494205348	0.9752311951592755	0.9763898634861409
0.9815179759337134	0.9772182883659531	0.9828401791344832	0.9815510364912828	0.9814405712720395	0.9799784229680959	0.9810798906585824	0.9753609385356076	0.9819146333452194	0.9815339105728021	0.9817160070139229	0.976040165832598	0.9787703542692788	0.9759876111391003	0.9736606188978507	0.9791415328731566	0.9807413576602907	0.9826377016708223	0.9768624534760297	0.9812192926738793	0.9778721962532522	0.9827844733325295	0.9812999464162768	0.9773514842701475	0.9775903038454474	1.0	0.9820293160641754	0.9764977626786943	0.9792035415423234	0.9810140089968039	0.9806491524273157	0.9803041143141347	0.9814689550338109	0.974466057300699	0.979190244655865	0.9769340601653645	0.9804454963302427	0.9814761173129953	0.9769556120866647	0.9772443723341661	0.97742376779254	0.9790150298572843	0.979973904467277	0.9692527521717965	0.9768350853359709	0.9747969648416706	0.9796124170337411	0.9823565292610932
0.9808407355476835	0.97566799711471	0.9822059946841957	0.9821736519868401	0.9821897111108282	0.9799971397055021	0.9811392367550229	0.972145851530624	0.9822357228941906	0.9810754454560261	0.9817133745736851	0.9736590444570281	0.9768181264479564	0.9757311172397696	0.9725905621502733	0.9791533203267931	0.9797502269307896	0.981466979057491	0.9757544159898863	0.9806179659255124	0.9763981015109681	0.9822146236292931	0.9820007464051451	0.976735845996117	0.9752159702818651	0.9820293160641754	1.0	0.9739352389320164	0.9791601477688443	0.9810778146081137	0.9811262881207292	0.9801243395344652	0.9808268378214858	0.9734063938667321	0.9780206241288015	0.9759426469511211	0.9792842859472971	0.9817023606885767	0.9781170159631194	0.9766911735869264	0.9761089301155738	0.9780594419627328	0.9796577113162824	0.9688767187895618	0.9764765659024267	0.9736888852511144	0.979513794061488	0.9825783606231026
0.9738450359875485	0.9726492255272753	0.9756182688680287	0.9748829904510657	0.9755623668300993	0.9741297283180882	0.9750141603192529	0.9723964258761679	0.9742998317684332	0.9748124467705006	0.9746038720493464	0.9737138147988236	0.9731822471860254	0.968775200038542	0.9717301647178739	0.9735990481636638	0.9748962736836378	0.9751361494492061	0.9733111619737365	0.9749760857222807	0.9728920077183484	0.9771511180814609	0.9727229709760842	0.9745616870038204	0.9734528817729161	0.9764977626786943	0.9739352389320164	1.0	0.9715476045708841	0.9752570487324079	0.9738786259582817	0.9735291630860765	0.9755030298605936	0.9718285622253514	0.9744673639018311	0.9738664255960497	0.9746815828230208	0.974483512614113	0.9678375830547139	0.9731631662207253	0.9730600522051648	0.9766296782883795	0.9749179316608291	0.9689259887079427	0.97416873582746	0.9713539803785829	0.9739790681816152	0.9754219184402195
0.977244880832058	0.9737136260519632	0.9793424814088485	0.9811012156065548	0.9783858825607809	0.9768074926429722	0.9776557600989041	0.9707392973772974	0.9791638036441838	0.9783772012994227	0.9794887400333717	0.9742170074915407	0.9732466928004745	0.9757725228097501	0.9710478393876109	0.9818151767660552	0.9764248946554783	0.979376713848351	0.9742038528746461	0.9776830536729145	0.9741840459992718	0.9798392005142363	0.9790494186706072	0.9732307384703057	0.9738834743311332	0.9792035415423234	0.9791601477688443	0.9715476045708841	1.0	0.9783102970356018	0.977860829399434	0.9779095921585107	0.9781001280349756	0.9717557771488122	0.9755633975536807	0.9729925608287195	0.9756319034568594	0.9787600658027703	0.9732725051200712	0.9731968708517648	0.9734519269163825	0.9757588095696694	0.9767162061450468	0.9643963994135651	0.974091570090919	0.9723210313946921	0.9758318615894016	0.9793238428491354
0.979220453522024	0.9750250969820867	0.98065962288559	0.9812981328449193	0.9817969336827038	0.980231326636858	0.9814387550783246	0.9718880182217502	0.9806272499249601	0.9795450550665386	0.981126744080547	0.975366862721585	0.9754702056947059	0.9731459109778688	0.9724707120033262	0.9779034195777689	0.9781484518929509	0.9794971051400198	0.9752726011244701	0.9790161812143476	0.9769879779800493	0.9812223498298832	0.9808997026611652	0.9747429540530884	0.9753844059225628	0.9810140089968039	0.9810778146081137	0.9752570487324079	0.9783102970356018	1.0	0.9803561104036692	0.9800768703880952	0.9807888789458334	0.9731199373207987	0.9781700491307502	0.9763280613310699	0.9788597038192837	0.9809003702196133	0.9752477106498454	0.9764706223865455	0.9765732303676563	0.9779487299850036	0.9787739547080906	0.9685628653852574	0.9761476325076925	0.9728127563167202	0.978209495033884	0.9821061409153948
0.9788805795082984	0.9756467930639717	0.981400070383907	0.9812108439305586	0.9805415179299005	0.9790342809645528	0.9804008840790475	0.9725125882044577	0.9808307155174351	0.979656529654661	0.98008025365574	0.9755907104716083	0.9758773803631885	0.9747714565190403	0.9716746400491025	0.9783911594921072	0.9808494765593074	0.9791992233850361	0.9738985596852419	0.9796189799958965	0.9768647748865744	0.981187462992494	0.9806437291157127	0.97479157466662	0.9756041057360012	0.9806491524273157	0.9811262881207292	0.9738786259582817	0.977860829399434	0.9803561104036692	1.0	0.9960808813529345	0.9803027869980189	0.9717427857992639	0.9781383543369399	0.9760349252287509	0.9785458048688366	0.9815839994465055	0.976752745003547	0.9784178102801311	0.9759000315673351	0.9770138767595157	0.9787066960482524	0.9683241264154479	0.9764159484977957	0.9739754410030016	0.9793860995217306	0.9812555005110315
0.9783702641759765	0.9745288833889082	0.9806873893164643	0.9803789479691883	0.9800334227304475	0.9783631314297542	0.979166070775064	0.9723994569331661	0.9798107447327248	0.9791309118100258	0.979415116195078	0.9751376313083754	0.975457424611452	0.9743764305845348	0.972062468712599	0.978193915831332	0.9799320331977475	0.9783789837427512	0.9735222239775699	0.9787708969926033	0.9771050884928691	0.9799922090348375	0.9794024851236458	0.9745067939877874	0.9755195495128323	0.9803041143141347	0.9801243395344652	0.9735291630860765	0.9779095921585107	0.9800768703880952	0.9960808813529345	1.0	0.9797586751954417	0.9709910098012439	0.9777958073244819	0.9762047019626482	0.9781773740939601	0.9809176280859215	0.9753797666529114	0.977073261008569	0.9756147240133248	0.9764813656423158	0.9771876758586405	0.9682518975096416	0.9763822093234015	0.9728965309810784	0.979016581649344	0.980390559810761
0.9790321776946491	0.9748882605685761	0.981513459237827	0.980677180442049	0.9810664477053314	0.9792817659886194	0.9801924826084366	0.9729141431923171	0.9810623664789339	0.9808545518890922	0.9814071583008979	0.9759117156551601	0.976014348422583	0.9739233006172092	0.9736905622815215	0.9782177079807379	0.9786065901665009	0.9798089340019716	0.9754845517075934	0.9785636300878917	0.977222733374093	0.9816675712154279	0.9807846343805063	0.9742011101368329	0.9750479161830664	0.9814689550338109	0.9808268378214858	0.9755030298605936	0.9781001280349756	0.9807888789458334	0.9803027869980189	0.9797586751954417	1.0	0.9722734698194451	0.9784058757211936	0.9762854608452866	0.9789469226957123	0.9808046912456685	0.9753824813364984	0.9763907984956052	0.9765565446057096	0.9784056105239328	0.978464953866524	0.9681694016157064	0.9769518579599504	0.9720878117559234	0.9778885363354327	0.9813902577268229
0.9725400168240959	0.9716245148036972	0.9740639768538576	0.9732935416967383	0.9728172861707137	0.9724514174593467	0.9732492644931914	0.9701738553880904	0.9727608203678755	0.9731056144140626	0.9721471893113596	0.9718209139062556	0.9726133850768373	0.9689606381900948	0.9689749839531385	0.9729313792813601	0.9721173353878478	0.9818052390318827	0.9704088779358339	0.9728798083675305	0.9711730638282051	0.9735770894342728	0.971817833343674	0.9722491417541992	0.9725341088846218	0.974466057300699	0.9734063938667321	0.9718285622253514	0.9717557771488122	0.9731199373207987	0.9717427857992639	0.9709910098012439	0.9722734698194451	1.0	0.9707083490076364	0.9702804722107323	0.9730246326564208	0.971637638725229	0.9657440719247092	0.9715199420130138	0.9701135089223472	0.9721477780557525	0.973412288433473	0.966641724564122	0.9719640265739309	0.9699278863877725	0.97377181767189	0.9734932040011316
0.9769930910598306	0.9732952720609688	0.9798091248766244	0.9780079185667423	0.9794347463710459	0.9777003733082859	0.9784668004343648	0.9729331902192838	0.9782584381932894	0.9782819848691501	0.9783127538577464	0.9751150880356984	0.97474469344036	0.9722644229874184	0.9724482778741723	0.9765240383683919	0.9786748863232845	0.9772896742170986	0.9724583799525195	0.9782178975040952	0.9755228496382898	0.9793556789221189	0.9776824518903098	0.9739452509197865	0.9751763856016455	0.979190244655865	0.9780206241288015	0.9744673639018311	0.9755633975536807	0.9781700491307502	0.9781383543369399	0.9777958073244819	0.9784058757211936	0.9707083490076364	1.0	0.9756608351973546	0.9775060392660105	0.9797700402650351	0.9727846195052459	0.9763472355946419	0.9751380634823366	0.9777641771207816	0.978462488973788	0.9699431675811436	0.9770216240640615	0.9725364664574508	0.9782430864972133	0.979467008553879
0.97591232254656	0.9735566069296643	0.9779543254157885	0.9768301866714519	0.9770607146430377	0.9759955731184352	0.976651765587614	0.9724539660114496	0.9771221283356503	0.9763669775128591	0.9760979878703347	0.9730678636252946	0.9738558613080248	0.9692779676440495	0.9708962148587597	0.974167895363045	0.9759229713743007	0.9763455704676088	0.9727438719386808	0.9755342362368548	0.9755391092218585	0.9776354669685061	0.9753492567302776	0.9725484731345575	0.9728047582760446	0.9769340601653645	0.9759426469511211	0.9738664255960497	0.9729925608287195	0.9763280613310699	0.9760349252287509	0.9762047019626482	0.9762854608452866	0.9702804722107323	0.9756608351973546	1.0	0.9772329924799082	0.9773694066264814	0.9706858466754449	0.9741290441464177	0.9742371273691567	0.9769111169600808	0.9748377362937523	0.9676902585723329	0.9748846609479768	0.9708133457672226	0.9759042045362833	0.9769678887396771
0.9803950836233926	0.9739955061725394	0.9799050349078426	0.9790592140710168	0.9795568629000245	0.9783335179275457	0.9788019754509412	0.9743061441547625	0.97961588932521	0.9782958546500946	0.978744567879913	0.9741567820055472	0.9756906983681158	0.9728360680171724	0.9731377643678389	0.9775610527043168	0.9782232472214096	0.9792279652047644	0.9745057587015011	0.9776743608559134	0.976834057501295	0.9800476814670669	0.9787119605108702	0.976129288231103	0.9754925714844302	0.9804454963302427	0.9792842859472971	0.9746815828230208	0.9756319034568594	0.9788597038192837	0.9785458048688366	0.9781773740939601	0.9789469226957123	0.9730246326564208	0.9775060392660105	0.9772329924799082	1.0	0.9791963406263192	0.9725374985220854	0.9761436604964847	0.9757515820842076	0.9817908475005159	0.9786815244667336	0.9681515875321999	0.9763671567504087	0.9747597302271279	0.978090336892791	0.9798475626363458
0.981027473041698	0.9770836991639245	0.9831281385195639	0.9810337985056127	0.9814689963000611	0.9794812681573121	0.9807266930572743	0.9738219390524177	0.9819251701411233	0.9809830841869783	0.9822878408397794	0.976911137669308	0.9764703289285499	0.9757166995564803	0.9722426306319805	0.978935783437397	0.9808755430834437	0.9809121471693639	0.9747406794417371	0.9804014891108593	0.9775577824499946	0.9822202528679366	0.9820706814367673	0.9754770737790905	0.9770074835994872	0.9814761173129953	0.9817023606885767	0.974483512614113	0.9787600658027703	0.9809003702196133	0.9815839994465055	0.9809176280859215	0.9808046912456685	0.971637638725229	0.9797700402650351	0.9773694066264814	0.9791963406263192	1.0	0.9790385794572221	0.9778962840737642	0.9762685161128556	0.9782842171296192	0.9798086039003565	0.9692457608550626	0.9782178975040952	0.9746050768026135	0.981131924275818	0.9822548452275829
