/home/jshaw/scratch/2022_sketched_distance/references/SGB_genome_fastas_part5/14906/BackhedF_2015__SID377_M__bin.5.fa	/home/jshaw/scratch/2022_sketched_distance/references/SGB_genome_fastas_part5/14906/BackhedF_2015__SID532_M__bin.11.fa	/home/jshaw/scratch/2022_sketched_distance/references/SGB_genome_fastas_part5/14906/Bengtsson-PalmeJ_2015__TRAVELRES53__bin.75.fa	/home/jshaw/scratch/2022_sketched_distance/references/SGB_genome_fastas_part5/14906/ChengpingW_2017__AS38raw__bin.1.fa	/home/jshaw/scratch/2022_sketched_distance/references/SGB_genome_fastas_part5/14906/CosteaPI_2017__halbarad-11-0-0__bin.24.fa	/home/jshaw/scratch/2022_sketched_distance/references/SGB_genome_fastas_part5/14906/CosteaPI_2017__halbarad-11-2-0__bin.19.fa	/home/jshaw/scratch/2022_sketched_distance/references/SGB_genome_fastas_part5/14906/CosteaPI_2017__halbarad-11-7-0__bin.51.fa	/home/jshaw/scratch/2022_sketched_distance/references/SGB_genome_fastas_part5/14906/CosteaPI_2017__mickey2-11-7-0__bin.54.fa	/home/jshaw/scratch/2022_sketched_distance/references/SGB_genome_fastas_part5/14906/CosteaPI_2017__pluto2-11-30-0__bin.1.fa	/home/jshaw/scratch/2022_sketched_distance/references/SGB_genome_fastas_part5/14906/CosteaPI_2017__SID713A052-11-90-0__bin.22.fa	/home/jshaw/scratch/2022_sketched_distance/references/SGB_genome_fastas_part5/14906/CosteaPI_2017__SID713B026-11-0-0__bin.2.fa	/home/jshaw/scratch/2022_sketched_distance/references/SGB_genome_fastas_part5/14906/CosteaPI_2017__SID713B032-11-0-0__bin.61.fa	/home/jshaw/scratch/2022_sketched_distance/references/SGB_genome_fastas_part5/14906/FengQ_2015__SID530373__bin.60.fa	/home/jshaw/scratch/2022_sketched_distance/references/SGB_genome_fastas_part5/14906/HeQ_2017__RSZAXPI003077-109__bin.50.fa	/home/jshaw/scratch/2022_sketched_distance/references/SGB_genome_fastas_part5/14906/HeQ_2017__RSZAXPI003105-143__bin.51.fa	/home/jshaw/scratch/2022_sketched_distance/references/SGB_genome_fastas_part5/14906/KarlssonFH_2013__S312__bin.7.fa	/home/jshaw/scratch/2022_sketched_distance/references/SGB_genome_fastas_part5/14906/LeChatelierE_2013__MH0203__bin.118.fa	/home/jshaw/scratch/2022_sketched_distance/references/SGB_genome_fastas_part5/14906/LeChatelierE_2013__MH0305__bin.5.fa	/home/jshaw/scratch/2022_sketched_distance/references/SGB_genome_fastas_part5/14906/LeChatelierE_2013__MH0440__bin.36.fa	/home/jshaw/scratch/2022_sketched_distance/references/SGB_genome_fastas_part5/14906/LeChatelierE_2013__MH0456__bin.69.fa	/home/jshaw/scratch/2022_sketched_distance/references/SGB_genome_fastas_part5/14906/LiJ_2014__V1.FI15__bin.3.fa	/home/jshaw/scratch/2022_sketched_distance/references/SGB_genome_fastas_part5/14906/LiJ_2014__V1.FI17__bin.17.fa	/home/jshaw/scratch/2022_sketched_distance/references/SGB_genome_fastas_part5/14906/LoombaR_2017__SID5639_uuc__bin.14.fa	/home/jshaw/scratch/2022_sketched_distance/references/SGB_genome_fastas_part5/14906/NielsenHB_2014__O2_UC21_2__bin.29.fa	/home/jshaw/scratch/2022_sketched_distance/references/SGB_genome_fastas_part5/14906/NielsenHB_2014__O2_UC49_2__bin.47.fa	/home/jshaw/scratch/2022_sketched_distance/references/SGB_genome_fastas_part5/14906/NielsenHB_2014__V1_UC35_4__bin.75.fa	/home/jshaw/scratch/2022_sketched_distance/references/SGB_genome_fastas_part5/14906/NielsenHB_2014__V1_UC5_3__bin.31.fa	/home/jshaw/scratch/2022_sketched_distance/references/SGB_genome_fastas_part5/14906/Obregon-TitoAJ_2015__NO21__bin.26.fa	/home/jshaw/scratch/2022_sketched_distance/references/SGB_genome_fastas_part5/14906/QinN_2014__LD-35__bin.32.fa	/home/jshaw/scratch/2022_sketched_distance/references/SGB_genome_fastas_part5/14906/RaymondF_2016__P12E0__bin.20.fa	/home/jshaw/scratch/2022_sketched_distance/references/SGB_genome_fastas_part5/14906/RaymondF_2016__P22E0__bin.15.fa	/home/jshaw/scratch/2022_sketched_distance/references/SGB_genome_fastas_part5/14906/RaymondF_2016__P22E90__bin.67.fa	/home/jshaw/scratch/2022_sketched_distance/references/SGB_genome_fastas_part5/14906/RaymondF_2016__P23C0__bin.13.fa	/home/jshaw/scratch/2022_sketched_distance/references/SGB_genome_fastas_part5/14906/VogtmannE_2016__MMRS73787048ST-27-0-0__bin.66.fa	/home/jshaw/scratch/2022_sketched_distance/references/SGB_genome_fastas_part5/14906/XieH_2016__YSZC12003_36033__bin.55.fa	/home/jshaw/scratch/2022_sketched_distance/references/SGB_genome_fastas_part5/14906/XieH_2016__YSZC12003_36052__bin.73.fa	/home/jshaw/scratch/2022_sketched_distance/references/SGB_genome_fastas_part5/14906/XieH_2016__YSZC12003_36694__bin.98.fa	/home/jshaw/scratch/2022_sketched_distance/references/SGB_genome_fastas_part5/14906/XieH_2016__YSZC12003_37138__bin.8.fa	/home/jshaw/scratch/2022_sketched_distance/references/SGB_genome_fastas_part5/14906/XieH_2016__YSZC12003_37172__bin.8.fa	/home/jshaw/scratch/2022_sketched_distance/references/SGB_genome_fastas_part5/14906/XieH_2016__YSZC12003_37255__bin.85.fa	/home/jshaw/scratch/2022_sketched_distance/references/SGB_genome_fastas_part5/14906/XieH_2016__YSZC12003_37264__bin.57.fa	/home/jshaw/scratch/2022_sketched_distance/references/SGB_genome_fastas_part5/14906/XieH_2016__YSZC12003_37270__bin.2.fa	/home/jshaw/scratch/2022_sketched_distance/references/SGB_genome_fastas_part5/14906/XieH_2016__YSZC12003_37308R1__bin.82.fa	/home/jshaw/scratch/2022_sketched_distance/references/SGB_genome_fastas_part5/14906/XieH_2016__YSZC12003_37348__bin.40.fa	/home/jshaw/scratch/2022_sketched_distance/references/SGB_genome_fastas_part5/14906/ZellerG_2014__CCMD13934959ST-21-0__bin.7.fa	/home/jshaw/scratch/2022_sketched_distance/references/SGB_genome_fastas_part5/14906/ZellerG_2014__CCMD19497912ST-21-0__bin.24.fa	/home/jshaw/scratch/2022_sketched_distance/references/SGB_genome_fastas_part5/14906/ZellerG_2014__CCMD25511638ST-21-0__bin.46.fa	/home/jshaw/scratch/2022_sketched_distance/references/SGB_genome_fastas_part5/14906/ZellerG_2014__MMPU68403337ST__bin.4.fa
1.0	0.9807698714088486	0.9824100406562903	0.9815624456448389	0.9806371477024924	0.9798481136713284	0.9799187928824783	0.9811409160452834	0.9814818465227538	0.9809667212219917	0.9813200501141832	0.979418988876322	0.9798379797801362	0.9753641885127481	0.9784631329402731	0.9781129746402822	0.9789083981544932	0.9812722934574947	0.9796701262301446	0.9805424884909296	0.9790926686855899	0.9812659396518958	0.9837422484178091	0.9811660320368614	0.9801632306050913	0.981803058595204	0.9829545841091037	0.9847591463063488	0.9787333060268197	0.9799599797911607	0.9799960224958723	0.979024606434857	0.9794281075891094	0.9808821044170805	0.978627603146719	0.9803127528186364	0.9826197587632887	0.982514463586622	0.9778548532054674	0.9791141583445512	0.9796162357974258	0.9825743924194958	0.9807446831177783	0.9784159017582216	0.9804955030623141	0.9821810678737374	0.9807393346059075	0.9821475170996637
0.9807698714088486	1.0	0.9825914852840473	0.9821288633847121	0.9800685915573422	0.9768294908803404	0.978619175329429	0.9745257244002744	0.9828854710786814	0.9811492573393383	0.9809083397746897	0.9743184897575875	0.974685785152537	0.9734934703252129	0.972374282237669	0.978950951181683	0.9812861318602882	0.9811835297074084	0.9740524945256827	0.9805610629293394	0.9745601109682969	0.9815920214360014	0.9842547821522601	0.976305137628469	0.9768746728983075	0.9814224360095267	0.9818950777822532	0.9789932729775852	0.9792430575329547	0.978096277021638	0.9807698714088486	0.9791338237969116	0.97920668689094	0.9756423207950633	0.9754297916668746	0.9740194147986505	0.9755521539105998	0.9826242809708685	0.9734934703252129	0.9730128097448203	0.9726587095325575	0.9747574567489268	0.9781339062446147	0.9740031168550405	0.9731551559590288	0.9757674828262322	0.9774114153537031	0.9815242927121136
0.9824100406562903	0.9825914852840473	1.0	0.9827857807204322	0.9825134161880436	0.9822624166989803	0.9830100381806847	0.9830399309884146	0.9825643651815653	0.9821420070645218	0.9828592545706222	0.982244157724261	0.9811741540911599	0.9780969874091076	0.9829775946860828	0.9792141613693366	0.9824431679588279	0.9823441802032287	0.9813085619603196	0.9832113024802295	0.9826975195878263	0.9836765694863104	0.9854002987080671	0.9825349221427354	0.9833541428216406	0.9833986338238633	0.9834411887390775	0.987649363842761	0.9799710780453452	0.9822673926197713	0.9816634203621647	0.980874725450636	0.9819587364261749	0.9834621284731744	0.9823384322793459	0.9833214729042496	0.9830338105913938	0.9837521418629979	0.9810925394789964	0.9808866840574373	0.9821707456192005	0.9849874030632013	0.9831120562559224	0.9824565490041223	0.9830444358261173	0.9833476852782486	0.9829386593332263	0.9832241725521824
0.9815624456448389	0.9821288633847121	0.9827857807204322	1.0	0.982690000651545	0.9826803474772746	0.9830889547060129	0.9819058341270627	0.9825700107472874	0.9812121261254747	0.9812806814530519	0.9823162543611561	0.9813048163471795	0.9791042196872708	0.9836324724717501	0.9816740365492482	0.9815976645315889	0.9819463251906203	0.9812404887793859	0.9822358175940932	0.9822520320538232	0.9839475021299858	0.9825538449526323	0.9832153269645627	0.982809127301872	0.9828711012077241	0.9826479706445279	0.9878925984580748	0.981217766199445	0.9836936655562469	0.9816921842736382	0.9813188274994283	0.981881070259984	0.9836244163066254	0.9813375548685794	0.983056067450955	0.9830044083696751	0.9811572370942583	0.9801324927751746	0.981912135410911	0.9817088034069847	0.984055994312305	0.9831409526207511	0.9826613668421587	0.982909790447225	0.9822193565524868	0.9834172854636343	0.9823768194884764
0.9806371477024924	0.9800685915573422	0.9825134161880436	0.982690000651545	1.0	0.9974104065887874	0.9976509320721147	0.9803159306049872	0.9821829258639855	0.980773236134266	0.9827904802857504	0.9819905618192014	0.9802445993366352	0.9762557744966583	0.982603391956309	0.9791881920426774	0.9797532764177289	0.9803887542401055	0.9797058558421099	0.9809455118110317	0.9815722244028328	0.9824930393322249	0.9843337034742242	0.9809863176501564	0.9819036681651621	0.9816324208814629	0.9838030140050178	0.987116107706694	0.9793836226926033	0.9830286238807381	0.9811709488761159	0.980208182088299	0.9811471559144606	0.9817506188249503	0.9815758242382012	0.9820068190993393	0.9822907202755564	0.9824627881188451	0.9786866651844225	0.9805923865029802	0.9811727587832941	0.983387907216489	0.9811768991481177	0.982763297469476	0.9823998833274257	0.9814841004886017	0.9811013128991688	0.9980360528726083
0.9798481136713284	0.9768294908803404	0.9822624166989803	0.9826803474772746	0.9974104065887874	1.0	0.9965307220515284	0.9777080386746204	0.9819241882678433	0.9808001586824372	0.9823743874527846	0.9788634559647336	0.9773226134508177	0.9727969679138928	0.9791674302105996	0.9795752751177016	0.9790536086829177	0.9793308231479118	0.9766769871073491	0.9781439945053362	0.9792686383474484	0.9817252622154553	0.9838763938403164	0.9779281414006247	0.9787164676549427	0.9813237449465662	0.9832294213055486	0.9837210402118352	0.9793921079495355	0.9805351874098294	0.9812370606207713	0.9800887381217959	0.9807414615077931	0.979534473588431	0.9782683740048019	0.979245013246543	0.9794665374175998	0.9820655417092448	0.9755871758507888	0.9767631137681065	0.9785357509517644	0.9802889008922296	0.9782259752070277	0.980553118319884	0.9793123081079534	0.9778885363354327	0.9780865368908803	0.9982846762006172
0.9799187928824783	0.978619175329429	0.9830100381806847	0.9830889547060129	0.9976509320721147	0.9965307220515284	1.0	0.978820095321403	0.9821021057831579	0.9809165530375313	0.9829573213756031	0.9805405195301087	0.9787987113431114	0.9747322955820746	0.9811498349661628	0.9793051738831878	0.9793346568204738	0.9798608472218426	0.9776421964618112	0.9796915010795737	0.9804068442118806	0.9828516326244041	0.9844779016464464	0.9801836229376595	0.9800886622544914	0.9817755519032988	0.9836877502370235	0.9854189014394161	0.9795695666703279	0.9817685162016234	0.9819392360871781	0.9802356696464295	0.9810006749113647	0.9811014046376069	0.9796821533550658	0.9806012624149469	0.9805939983840904	0.9826392267018164	0.9775160933345517	0.9786991122872626	0.9796162357974258	0.9820094312607539	0.9801488112975062	0.9821987120413179	0.9803863811813223	0.9805310928453252	0.979847638498167	0.9990574861452941
0.9811409160452834	0.9745257244002744	0.9830399309884146	0.9819058341270627	0.9803159306049872	0.9777080386746204	0.978820095321403	1.0	0.9824973370774829	0.9810184875279051	0.9811409160452834	0.9730454171726883	0.9751680196869358	0.9741240597032145	0.9700613040202843	0.9797683014651901	0.9816260984437833	0.9814651691910673	0.9737684805658996	0.979725793397638	0.9760369074104536	0.9814651691910673	0.9831550411768504	0.9748731524329075	0.9747247093874046	0.9827309786568289	0.9816662073850904	0.9756481122457197	0.9795124190811775	0.9780232566726429	0.9808545332068889	0.9801903669617487	0.980399372448522	0.9712792999476217	0.9780680400153197	0.9747742657914386	0.978820095321403	0.9826143661951111	0.971821372574675	0.9766035349846913	0.9737684805658996	0.9760845050449556	0.978863798507161	0.9703425995225504	0.9736661670023992	0.9697496985571953	0.9795979361945305	0.9819058341270627
0.9814818465227538	0.9828854710786814	0.9825643651815653	0.9825700107472874	0.9821829258639855	0.9819241882678433	0.9821021057831579	0.9824973370774829	1.0	0.9809573107878121	0.9829075177390775	0.982851978568341	0.9810100887528906	0.9778080065684115	0.9823093607066784	0.978890555426117	0.9815172671696243	0.9822385573777045	0.9806907411632421	0.9824277843062968	0.9825708545762847	0.9827993051289021	0.9837831198753192	0.9817345714231507	0.9821849472465722	0.9827696486954399	0.983170284028333	0.9866999482857173	0.979498106455038	0.9825412963345584	0.9808588026506746	0.9802909022834015	0.9818032193549898	0.9825130487585471	0.9810975371971711	0.9828220611371726	0.9830631864544352	0.9822534663462871	0.9795937887190214	0.9804277356536276	0.9823992950839424	0.9837713363479719	0.982879963373067	0.9819909704534353	0.982740701832449	0.9828259641287334	0.9825678747799184	0.9822534663462871
0.9809667212219917	0.9811492573393383	0.9821420070645218	0.9812121261254747	0.980773236134266	0.9808001586824372	0.9809165530375313	0.9810184875279051	0.9809573107878121	1.0	0.9816408077865978	0.981808211438345	0.9802782569623661	0.9762219307793888	0.9819273987606397	0.9784490098725263	0.9804537091486579	0.9813267299678153	0.9807599672340485	0.9816530695313536	0.9811773263459609	0.9822356116646619	0.9824816841359505	0.9805509296273812	0.9815843125779184	0.9823091831734896	0.9820886667794966	0.987116107706694	0.9787893024880909	0.9813751744043613	0.9797057604030223	0.979532441332978	0.981516170947679	0.982763297469476	0.9810372565401401	0.9819724061852807	0.9816532221942106	0.9813893229368159	0.9792081044357444	0.9797607079290326	0.9814418789981125	0.9837395546261108	0.9819946677022718	0.9815186740646034	0.9822969422782142	0.9808518581648507	0.981399930638631	0.9814649715754822
0.9813200501141832	0.9809083397746897	0.9828592545706222	0.9812806814530519	0.9827904802857504	0.9823743874527846	0.9829573213756031	0.9811409160452834	0.9829075177390775	0.9816408077865978	1.0	0.9826743756506956	0.9804794779464878	0.9773860136218213	0.9822671398906427	0.9798893136716054	0.9809761750322745	0.9832541335018232	0.9821808615297667	0.982591436261932	0.9815722244028328	0.9833034705081193	0.9834916696031836	0.9812018567095895	0.9828434576505948	0.9829722405299879	0.9822499949743827	0.9875270693188191	0.9795435488848842	0.9834558019235975	0.980498727885747	0.9802909022834015	0.9825481336516046	0.9823872036977048	0.9815758242382012	0.9822467018654126	0.9826197587632887	0.9823496973435264	0.9809702352736445	0.9805923865029802	0.9821379650693992	0.9831297733244079	0.9825875158365084	0.980607514933649	0.982909790447225	0.9812484395271233	0.9824529376311614	0.9827613066999225
0.979418988876322	0.9743184897575875	0.982244157724261	0.9823162543611561	0.9819905618192014	0.9788634559647336	0.9805405195301087	0.9730454171726883	0.982851978568341	0.981808211438345	0.9826743756506956	1.0	0.9750465424326518	0.9742263250517985	0.9720290162565149	0.9803880957130398	0.9818447628817126	0.9803498784201345	0.9741338980296852	0.9806164656992742	0.9764554862853191	0.9829227510173955	0.9841030747231514	0.9735737410462711	0.9751812547884514	0.9817716191264466	0.9814773981340411	0.9785128679161683	0.9813292894553854	0.9799265112094927	0.9822802258865522	0.9812921572697543	0.9817716191264466	0.9743777511827411	0.9787029796237631	0.9739482509328827	0.9771377227684334	0.9840348076874197	0.9728596673698109	0.9764554862853191	0.9731948587038358	0.9759780140298857	0.9779709022306793	0.9720128700141746	0.9758026356767098	0.9722755097539635	0.9793796199915452	0.9832043220283481
0.9798379797801362	0.974685785152537	0.9811741540911599	0.9813048163471795	0.9802445993366352	0.9773226134508177	0.9787987113431114	0.9751680196869358	0.9810100887528906	0.9802782569623661	0.9804794779464878	0.9750465424326518	1.0	0.9719266262367408	0.9764060903396443	0.978122965217428	0.9797355290443776	0.9790092291048417	0.9723673621357363	0.9782663957691824	0.9753972832381532	0.9816614695893906	0.982895544249847	0.9741109828336265	0.974834822639579	0.9821733959676332	0.98220512709153	0.9803934711029411	0.9779427851303449	0.9777616035921151	0.9801771798950927	0.9792531289776625	0.9795296582752753	0.9774515167477023	0.9761221951046761	0.9750573099475468	0.9765021024844497	0.9811741540911599	0.9715768671805702	0.9739085715544277	0.9736455016111973	0.9766680573802639	0.9772119354526807	0.975815476263965	0.9754810862698531	0.9736978024436944	0.9768028677149883	0.9813374005184805
0.9753641885127481	0.9734934703252129	0.9780969874091076	0.9791042196872708	0.9762557744966583	0.9727969679138928	0.9747322955820746	0.9741240597032145	0.9778080065684115	0.9762219307793888	0.9773860136218213	0.9742263250517985	0.9719266262367408	1.0	0.9744258496100845	0.9764917001455505	0.975154919544924	0.9773206037932232	0.9742365140817306	0.9749794936536461	0.9741071078136938	0.9767925419633674	0.9805294284806026	0.9745969215248372	0.9751403885265245	0.9773860136218213	0.979011101668484	0.9782428870012712	0.9784151014570033	0.9735041075682402	0.9770246232432954	0.9761541375635956	0.9754336465568428	0.9759509243467481	0.972772409220573	0.972443729853238	0.9739048241523725	0.978351726425111	0.9684190935330176	0.972083092813859	0.9722542278859934	0.9746736102017883	0.9735790566439867	0.9723648482386135	0.9737412752107152	0.9742399364406761	0.9732731442763998	0.9785414832708503
0.9784631329402731	0.972374282237669	0.9829775946860828	0.9836324724717501	0.982603391956309	0.9791674302105996	0.9811498349661628	0.9700613040202843	0.9823093607066784	0.9819273987606397	0.9822671398906427	0.9720290162565149	0.9764060903396443	0.9744258496100845	1.0	0.9815409267210594	0.9793988581958426	0.9804874386233833	0.9719131051997439	0.9781291833659926	0.9758451570488001	0.9821825345742863	0.9836729711791721	0.9727159090847843	0.9727724985415562	0.9823936393681814	0.9835513246758456	0.9737749143804677	0.9812371492365694	0.9799476829194822	0.9814110816331826	0.9812371492365694	0.9825615487704081	0.9689989086718174	0.9788875329742418	0.9744258496100845	0.9789343495466315	0.9824356974974481	0.9695657006916578	0.9770567839012368	0.9755869545237252	0.9775973949256912	0.9776460994687881	0.9700431087831856	0.9755350671088064	0.9685510900751818	0.9773036288742868	0.9838344676644988
0.9781129746402822	0.978950951181683	0.9792141613693366	0.9816740365492482	0.9791881920426774	0.9795752751177016	0.9793051738831878	0.9797683014651901	0.978890555426117	0.9784490098725263	0.9798893136716054	0.9803880957130398	0.978122965217428	0.9764917001455505	0.9815409267210594	1.0	0.9777081247003564	0.9793364633376827	0.9786534819983209	0.9795723641616669	0.9782345467688044	0.9808902788553957	0.9814973534426413	0.9789413427387104	0.9799390129831422	0.9798210465758035	0.9802593966764482	0.9857654257992159	0.9823220616945867	0.979633679530695	0.9785322561993283	0.9785023768723312	0.9787840987152803	0.982471154114522	0.9791751098343398	0.9796541379961695	0.9808148964291453	0.979434215708148	0.9760178895338625	0.9774213091975819	0.9793315858326791	0.9805002087875566	0.9793478362725682	0.9801697855953747	0.9806404344716149	0.9793411868326646	0.9784464441775345	0.979675939756997
0.9789083981544932	0.9812861318602882	0.9824431679588279	0.9815976645315889	0.9797532764177289	0.9790536086829177	0.9793346568204738	0.9816260984437833	0.9815172671696243	0.9804537091486579	0.9809761750322745	0.9818447628817126	0.9797355290443776	0.975154919544924	0.9793988581958426	0.9777081247003564	1.0	0.9791335093795129	0.97934678808115	0.9808595669395995	0.9799975255527713	0.9811936872346972	0.9827288393290462	0.9808056101047588	0.9814055366850016	0.9810034433084571	0.9818376781490054	0.9858514888363101	0.9778885363354327	0.9789102261624163	0.9819437884478828	0.9805643980604917	0.9789795447690277	0.9804836185670773	0.9803359206863118	0.9803489561150311	0.9804670974410289	0.9823386665300539	0.9773111339695127	0.9799957199743937	0.9791524109253341	0.9821098413070289	0.9808687574980394	0.9813597147576927	0.9816724043815584	0.9806517489914116	0.9814889869523439	0.9812748827957326
0.9812722934574947	0.9811835297074084	0.9823441802032287	0.9819463251906203	0.9803887542401055	0.9793308231479118	0.9798608472218426	0.9814651691910673	0.9822385573777045	0.9813267299678153	0.9832541335018232	0.9803498784201345	0.9790092291048417	0.9773206037932232	0.9804874386233833	0.9793364633376827	0.9791335093795129	1.0	0.9815119356469286	0.98077339555276	0.9802028258493816	0.9819463251906203	0.9841145367113097	0.9825349221427354	0.9819036681651621	0.9830225484898237	0.9836871571681537	0.9859373270676315	0.9809712622360386	0.9801365973501575	0.9804167293811555	0.9791335093795129	0.9803046848391347	0.9901047631403614	0.9788218915502584	0.9806371477024924	0.9813452308052855	0.9825019783732646	0.9778548532054674	0.9786642856125977	0.9793673030977158	0.9822765100277756	0.9808687574980394	0.980553118319884	0.9806404344716149	0.9812484395271233	0.979785235749699	0.9822914113803356
0.9796701262301446	0.9740524945256827	0.9813085619603196	0.9812404887793859	0.9797058558421099	0.9766769871073491	0.9776421964618112	0.9737684805658996	0.9806907411632421	0.9807599672340485	0.9821808615297667	0.9741338980296852	0.9723673621357363	0.9742365140817306	0.9719131051997439	0.9786534819983209	0.97934678808115	0.9815119356469286	1.0	0.9790566629443516	0.9729438982624281	0.9802020093356549	0.9823789024725527	0.9737529486473271	0.9747909348770762	0.9810011106470948	0.9819149295238015	0.9797267911800409	0.9796701262301446	0.9782825789703203	0.9789471976444726	0.9780579952457923	0.9797415464053105	0.9744850320741342	0.9745308602076848	0.9732636353413269	0.9760039099728414	0.9802020093356549	0.9712752666337273	0.9729438982624281	0.9716434047593513	0.9733892203328308	0.9759638802771102	0.9733305299988146	0.9735170958653304	0.9735982524368733	0.9764804640780702	0.9812063989870176
0.9805424884909296	0.9805610629293394	0.9832113024802295	0.9822358175940932	0.9809455118110317	0.9781439945053362	0.9796915010795737	0.979725793397638	0.9824277843062968	0.9816530695313536	0.982591436261932	0.9806164656992742	0.9782663957691824	0.9749794936536461	0.9781291833659926	0.9795723641616669	0.9808595669395995	0.98077339555276	0.9790566629443516	1.0	0.9785231029002555	0.9826458057004118	0.9849782551997993	0.9807330464943861	0.9808997026611652	0.9822358175940932	0.9835036659224865	0.9849805408944308	0.9799284789373627	0.9790319207716129	0.981484646200916	0.9801637499069702	0.9796915010795737	0.9803497030084304	0.9791111720339646	0.9791325381081216	0.9791371248253173	0.9826458057004118	0.9770358333106864	0.97824343901336	0.9775317348585225	0.9808146310231121	0.9800219679671378	0.981039459755946	0.9806404344716149	0.9809315601415505	0.9799410196427791	0.982591436261932
0.9790926686855899	0.9745601109682969	0.9826975195878263	0.9822520320538232	0.9815722244028328	0.9792686383474484	0.9804068442118806	0.9760369074104536	0.9825708545762847	0.9811773263459609	0.9815722244028328	0.9764554862853191	0.9753972832381532	0.9741071078136938	0.9758451570488001	0.9782345467688044	0.9799975255527713	0.9802028258493816	0.9729438982624281	0.9785231029002555	1.0	0.9818653011707339	0.983105830894308	0.9742885301901315	0.9753569044095645	0.9814739458915046	0.9819947197842064	0.9798818524442477	0.9790926686855899	0.9794785573694998	0.9813753712609763	0.9811110439920753	0.9809447479652396	0.9757969885633238	0.9770916245331567	0.9765545456130734	0.9778335658221917	0.9824755333117913	0.9709111260093195	0.9733160905996253	0.9757863895189736	0.9770604877359615	0.9787021626506486	0.9760037975988302	0.9769306093334181	0.9747731684071071	0.9770164925003444	0.9824436978036795
0.9812659396518958	0.9815920214360014	0.9836765694863104	0.9839475021299858	0.9824930393322249	0.9817252622154553	0.9828516326244041	0.9814651691910673	0.9827993051289021	0.9822356116646619	0.9833034705081193	0.9829227510173955	0.9816614695893906	0.9767925419633674	0.9821825345742863	0.9808902788553957	0.9811936872346972	0.9819463251906203	0.9802020093356549	0.9826458057004118	0.9818653011707339	1.0	0.9850568586923388	0.9819102329400564	0.9818683377186355	0.9827993051289021	0.9840454707945397	0.9884532556653838	0.981051455204413	0.9822398758129166	0.9820282022541637	0.9803745808057076	0.9817932849353354	0.9822608731430187	0.9812777153706199	0.9823489731547991	0.9825601789513878	0.9834283092378218	0.9804141329110395	0.9813392793845808	0.9808332141383076	0.9838348075350387	0.9830831343882969	0.982915601196966	0.9826047997124233	0.9832365849856806	0.9818721209745714	0.9839720217430091
0.9837422484178091	0.9842547821522601	0.9854002987080671	0.9825538449526323	0.9843337034742242	0.9838763938403164	0.9844779016464464	0.9831550411768504	0.9837831198753192	0.9824816841359505	0.9834916696031836	0.9841030747231514	0.982895544249847	0.9805294284806026	0.9836729711791721	0.9814973534426413	0.9827288393290462	0.9841145367113097	0.9823789024725527	0.9849782551997993	0.983105830894308	0.9850568586923388	1.0	0.9833832433530157	0.9843850029357979	0.9842351356654929	0.9830630882102069	0.9877712057581639	0.9807194228681866	0.9849592829999947	0.9826988808806557	0.9819357053455198	0.9835978001487747	0.984106515627684	0.98271317693184	0.9833874898110951	0.984386787862625	0.9837530825281878	0.9826713345661994	0.9824130575247901	0.9831710024388257	0.9850485672278125	0.9846647073685646	0.9828649119179022	0.9836435868226502	0.9841871728951851	0.9845706588631542	0.9843923408355526
0.9811660320368614	0.976305137628469	0.9825349221427354	0.9832153269645627	0.9809863176501564	0.9779281414006247	0.9801836229376595	0.9748731524329075	0.9817345714231507	0.9805509296273812	0.9812018567095895	0.9735737410462711	0.9741109828336265	0.9745969215248372	0.9727159090847843	0.9789413427387104	0.9808056101047588	0.9825349221427354	0.9737529486473271	0.9807330464943861	0.9742885301901315	0.9819102329400564	0.9833832433530157	1.0	0.975053376747308	0.9823625894980395	0.9838158428398931	0.9800874623280122	0.9795872051317237	0.9785941695671433	0.9807330464943861	0.9799240291324166	0.9793228075838376	0.9754869139296138	0.9768415366310356	0.9727938716110566	0.9784386764160695	0.9818400814337404	0.9725145587082489	0.9756750255369274	0.9744651121729647	0.9764297088783563	0.9781647666507585	0.9733305299988146	0.9732083812212229	0.9749649213697845	0.9778885363354327	0.9826036020886456
0.9801632306050913	0.9768746728983075	0.9833541428216406	0.982809127301872	0.9819036681651621	0.9787164676549427	0.9800886622544914	0.9747247093874046	0.9821849472465722	0.9815843125779184	0.9828434576505948	0.9751812547884514	0.974834822639579	0.9751403885265245	0.9727724985415562	0.9799390129831422	0.9814055366850016	0.9819036681651621	0.9747909348770762	0.9808997026611652	0.9753569044095645	0.9818683377186355	0.9843850029357979	0.975053376747308	1.0	0.9827403584873833	0.9824290995410945	0.9788339226414987	0.9803859199786404	0.9793716407618844	0.9816911111027928	0.9810812571126941	0.9803118586855276	0.9756423207950633	0.9782064223336098	0.9731701258055168	0.9779284420145435	0.9835226180909274	0.9749224207392629	0.9747909348770762	0.973945599543139	0.9751838072247382	0.9774058176498569	0.9737357523233375	0.975053376747308	0.9747250528358344	0.9783248350643907	0.9826714450029264
0.981803058595204	0.9814224360095267	0.9833986338238633	0.9828711012077241	0.9816324208814629	0.9813237449465662	0.9817755519032988	0.9827309786568289	0.9827696486954399	0.9823091831734896	0.9829722405299879	0.9817716191264466	0.9821733959676332	0.9773860136218213	0.9823936393681814	0.9798210465758035	0.9810034433084571	0.9830225484898237	0.9810011106470948	0.9822358175940932	0.9814739458915046	0.9827993051289021	0.9842351356654929	0.9823625894980395	0.9827403584873833	1.0	0.9838441442554328	0.9878117197378485	0.9803996646470932	0.982046607867437	0.9814742373190848	0.9806716369339387	0.9815797779551616	0.9831761770104022	0.981127635909009	0.9816610507952299	0.9829749797411431	0.9826678810148146	0.9791109671225354	0.9803947057097313	0.9813748062323024	0.9832913450929821	0.982262778511248	0.9820430295740012	0.9817074153485784	0.981601297418226	0.9814889869523439	0.9833487568763216
0.9829545841091037	0.9818950777822532	0.9834411887390775	0.9826479706445279	0.9838030140050178	0.9832294213055486	0.9836877502370235	0.9816662073850904	0.983170284028333	0.9820886667794966	0.9822499949743827	0.9814773981340411	0.98220512709153	0.979011101668484	0.9835513246758456	0.9802593966764482	0.9818376781490054	0.9836871571681537	0.9819149295238015	0.9835036659224865	0.9819947197842064	0.9840454707945397	0.9830630882102069	0.9838158428398931	0.9824290995410945	0.9838441442554328	1.0	0.9875678846610083	0.9797511130247618	0.9839820638695774	0.9820887326185241	0.9815515217207553	0.9825227270840715	0.9843449338953012	0.9818712415000403	0.9827212587896571	0.9837604224354229	0.9823018664990596	0.9822026899312893	0.981817353126985	0.9820723053343913	0.9843694104466847	0.9838834538029878	0.9840603285724495	0.9834118832295645	0.9826376033536204	0.9833052947668891	0.9833766315505499
0.9847591463063488	0.9789932729775852	0.987649363842761	0.9878925984580748	0.987116107706694	0.9837210402118352	0.9854189014394161	0.9756481122457197	0.9866999482857173	0.987116107706694	0.9875270693188191	0.9785128679161683	0.9803934711029411	0.9782428870012712	0.9737749143804677	0.9857654257992159	0.9858514888363101	0.9859373270676315	0.9797267911800409	0.9849805408944308	0.9798818524442477	0.9884532556653838	0.9877712057581639	0.9800874623280122	0.9788339226414987	0.9878117197378485	0.9875678846610083	1.0	0.9843568335201376	0.9852442587495149	0.9862360076385377	0.9852880065588551	0.9869502751427892	0.9738990809320652	0.9833521176126387	0.9796749400548375	0.9828850472841482	0.9873222299766081	0.9764026201304246	0.9806463075705505	0.9796749400548375	0.9829320550428711	0.9833984606209016	0.9701182418924963	0.979830247110886	0.9751153143234498	0.9829320550428711	0.9880135452973229
0.9787333060268197	0.9792430575329547	0.9799710780453452	0.981217766199445	0.9793836226926033	0.9793921079495355	0.9795695666703279	0.9795124190811775	0.979498106455038	0.9787893024880909	0.9795435488848842	0.9813292894553854	0.9779427851303449	0.9784151014570033	0.9812371492365694	0.9823220616945867	0.9778885363354327	0.9809712622360386	0.9796701262301446	0.9799284789373627	0.9790926686855899	0.981051455204413	0.9807194228681866	0.9795872051317237	0.9803859199786404	0.9803996646470932	0.9797511130247618	0.9843568335201376	1.0	0.9805740090827244	0.9782229937324716	0.9787278651851213	0.9791806250554432	0.981921588915167	0.9787572572242548	0.9790573387686061	0.9794337453380108	0.9787669198168854	0.976688402218059	0.9776377851809681	0.9787183345387586	0.9813662454722378	0.9802751640790052	0.9787052389789936	0.9803134303058507	0.9805310928453252	0.9789629566163491	0.9795245742827602
0.9799599797911607	0.978096277021638	0.9822673926197713	0.9836936655562469	0.9830286238807381	0.9805351874098294	0.9817685162016234	0.9780232566726429	0.9825412963345584	0.9813751744043613	0.9834558019235975	0.9799265112094927	0.9777616035921151	0.9735041075682402	0.9799476829194822	0.979633679530695	0.9789102261624163	0.9801365973501575	0.9782825789703203	0.9790319207716129	0.9794785573694998	0.9822398758129166	0.9849592829999947	0.9785941695671433	0.9793716407618844	0.982046607867437	0.9839820638695774	0.9852442587495149	0.9805740090827244	1.0	0.9822398758129166	0.9814880411338377	0.981935654572806	0.9805725917308198	0.9790471087299192	0.9799118462609172	0.9803077751841633	0.9831627161037735	0.9763372234083284	0.9785246059036721	0.9794029813274818	0.9810916012701087	0.9799901800316706	0.9800041133840969	0.9798722710845733	0.9784086554711225	0.9790269495102732	0.9841642784496468
0.9799960224958723	0.9807698714088486	0.9816634203621647	0.9816921842736382	0.9811709488761159	0.9812370606207713	0.9819392360871781	0.9808545332068889	0.9808588026506746	0.9797057604030223	0.980498727885747	0.9822802258865522	0.9801771798950927	0.9770246232432954	0.9814110816331826	0.9785322561993283	0.9819437884478828	0.9804167293811555	0.9789471976444726	0.981484646200916	0.9813753712609763	0.9820282022541637	0.9826988808806557	0.9807330464943861	0.9816911111027928	0.9814742373190848	0.9820887326185241	0.9862360076385377	0.9782229937324716	0.9822398758129166	1.0	0.9965400704689675	0.9810143493151846	0.98144925475968	0.9809466266892094	0.981695792483691	0.9819583416446912	0.981940589438644	0.9797849357688033	0.9824751373586824	0.9807648800319909	0.9822099443197205	0.9818747988215207	0.9821987120413179	0.9822281346760934	0.9817569098581103	0.9821347643694963	0.9814167428236855
0.979024606434857	0.9791338237969116	0.980874725450636	0.9813188274994283	0.980208182088299	0.9800887381217959	0.9802356696464295	0.9801903669617487	0.9802909022834015	0.979532441332978	0.9802909022834015	0.9812921572697543	0.9792531289776625	0.9761541375635956	0.9812371492365694	0.9785023768723312	0.9805643980604917	0.9791335093795129	0.9780579952457923	0.9801637499069702	0.9811110439920753	0.9803745808057076	0.9819357053455198	0.9799240291324166	0.9810812571126941	0.9806716369339387	0.9815515217207553	0.9852880065588551	0.9787278651851213	0.9814880411338377	0.9965400704689675	1.0	0.9800144443701561	0.9801252835840731	0.9801194487070123	0.9813467043231732	0.9810967326530486	0.9817313688337271	0.9779221846951106	0.98062521737463	0.9799685940353707	0.9811604788317558	0.9798627180421563	0.9815186740646034	0.9816724043815584	0.9801256578621176	0.9812808104945081	0.9810059709187177
0.9794281075891094	0.97920668689094	0.9819587364261749	0.981881070259984	0.9811471559144606	0.9807414615077931	0.9810006749113647	0.980399372448522	0.9818032193549898	0.981516170947679	0.9825481336516046	0.9817716191264466	0.9795296582752753	0.9754336465568428	0.9825615487704081	0.9787840987152803	0.9789795447690277	0.9803046848391347	0.9797415464053105	0.9796915010795737	0.9809447479652396	0.9817932849353354	0.9835978001487747	0.9793228075838376	0.9803118586855276	0.9815797779551616	0.9825227270840715	0.9869502751427892	0.9791806250554432	0.981935654572806	0.9810143493151846	0.9800144443701561	1.0	0.9811014046376069	0.9804589781339186	0.9811354492264008	0.9815918554246607	0.981881070259984	0.9776520201377658	0.9796594684899601	0.9806277818089186	0.9828042200282633	0.9808687574980394	0.9810930538392006	0.9819514489378518	0.9790051599285389	0.979878795219136	0.9822675713906215
0.9808821044170805	0.9756423207950633	0.9834621284731744	0.9836244163066254	0.9817506188249503	0.979534473588431	0.9811014046376069	0.9712792999476217	0.9825130487585471	0.982763297469476	0.9823872036977048	0.9743777511827411	0.9774515167477023	0.9759509243467481	0.9689989086718174	0.982471154114522	0.9804836185670773	0.9901047631403614	0.9744850320741342	0.9803497030084304	0.9757969885633238	0.9822608731430187	0.984106515627684	0.9754869139296138	0.9756423207950633	0.9831761770104022	0.9843449338953012	0.9738990809320652	0.981921588915167	0.9805725917308198	0.98144925475968	0.9801252835840731	0.9811014046376069	1.0	0.9771075133074174	0.9737812861482258	0.9787923327880905	0.9817934451540498	0.9718651308034436	0.9766096898872257	0.9743777511827411	0.9761041351549669	0.9794426235098866	0.9699678006878112	0.9753307607498773	0.9715149054955905	0.9802601201183208	0.983421430676228
0.978627603146719	0.9754297916668746	0.9823384322793459	0.9813375548685794	0.9815758242382012	0.9782683740048019	0.9796821533550658	0.9780680400153197	0.9810975371971711	0.9810372565401401	0.9815758242382012	0.9787029796237631	0.9761221951046761	0.972772409220573	0.9788875329742418	0.9791751098343398	0.9803359206863118	0.9788218915502584	0.9745308602076848	0.9791111720339646	0.9770916245331567	0.9812777153706199	0.98271317693184	0.9768415366310356	0.9782064223336098	0.981127635909009	0.9818712415000403	0.9833521176126387	0.9787572572242548	0.9790471087299192	0.9809466266892094	0.9801194487070123	0.9804589781339186	0.9771075133074174	1.0	0.9782956562742459	0.9780600841116674	0.9829701266706304	0.9729932595108649	0.977493627775307	0.9770370609403543	0.9799693545279586	0.9787917274247365	0.9802797688508531	0.9797981618182368	0.9771371967726016	0.9783011951972497	0.9824541957090468
0.9803127528186364	0.9740194147986505	0.9833214729042496	0.983056067450955	0.9820068190993393	0.979245013246543	0.9806012624149469	0.9747742657914386	0.9828220611371726	0.9819724061852807	0.9822467018654126	0.9739482509328827	0.9750573099475468	0.972443729853238	0.9744258496100845	0.9796541379961695	0.9803489561150311	0.9806371477024924	0.9732636353413269	0.9791325381081216	0.9765545456130734	0.9823489731547991	0.9833874898110951	0.9727938716110566	0.9731701258055168	0.9816610507952299	0.9827212587896571	0.9796749400548375	0.9790573387686061	0.9799118462609172	0.981695792483691	0.9813467043231732	0.9811354492264008	0.9737812861482258	0.9782956562742459	1.0	0.979282418996478	0.9834533740294339	0.9730832170799155	0.9755640854903628	0.9749293718807627	0.9773178299742787	0.9771186936858499	0.9748571546894349	0.9750118501920663	0.9726369736558141	0.9786024666871163	0.9828220611371726
0.9826197587632887	0.9755521539105998	0.9830338105913938	0.9830044083696751	0.9822907202755564	0.9794665374175998	0.9805939983840904	0.978820095321403	0.9830631864544352	0.9816532221942106	0.9826197587632887	0.9771377227684334	0.9765021024844497	0.9739048241523725	0.9789343495466315	0.9808148964291453	0.9804670974410289	0.9813452308052855	0.9760039099728414	0.9791371248253173	0.9778335658221917	0.9825601789513878	0.984386787862625	0.9784386764160695	0.9779284420145435	0.9829749797411431	0.9837604224354229	0.9828850472841482	0.9794337453380108	0.9803077751841633	0.9819583416446912	0.9810967326530486	0.9815918554246607	0.9787923327880905	0.9780600841116674	0.979282418996478	1.0	0.9830044083696751	0.9728778236171531	0.9767261543604461	0.9770753806321286	0.9834200314811946	0.978904541744248	0.9777701764125967	0.9785504272537273	0.978750849482924	0.9787038567748007	0.9834426956975871
0.982514463586622	0.9826242809708685	0.9837521418629979	0.9811572370942583	0.9824627881188451	0.9820655417092448	0.9826392267018164	0.9826143661951111	0.9822534663462871	0.9813893229368159	0.9823496973435264	0.9840348076874197	0.9811741540911599	0.978351726425111	0.9824356974974481	0.979434215708148	0.9823386665300539	0.9825019783732646	0.9802020093356549	0.9826458057004118	0.9824755333117913	0.9834283092378218	0.9837530825281878	0.9818400814337404	0.9835226180909274	0.9826678810148146	0.9823018664990596	0.9873222299766081	0.9787669198168854	0.9831627161037735	0.981940589438644	0.9817313688337271	0.981881070259984	0.9817934451540498	0.9829701266706304	0.9834533740294339	0.9830044083696751	1.0	0.9824671272600225	0.9823508597804052	0.9815422310124102	0.9838981561158212	0.9833712108949723	0.9836171396863629	0.984457986850802	0.9828259641287334	0.9842724826414292	0.982449255504312
