/home/jshaw/scratch/2022_sketched_distance/references/SGB_genome_fastas_part2/2241/BritoIL_2016__M1.15.ST__bin.41.fa	/home/jshaw/scratch/2022_sketched_distance/references/SGB_genome_fastas_part2/2241/BritoIL_2016__M1.29.ST__bin.68.fa	/home/jshaw/scratch/2022_sketched_distance/references/SGB_genome_fastas_part2/2241/BritoIL_2016__W1.2.ST__bin.41.fa	/home/jshaw/scratch/2022_sketched_distance/references/SGB_genome_fastas_part2/2241/BritoIL_2016__W1.33.ST__bin.25.fa	/home/jshaw/scratch/2022_sketched_distance/references/SGB_genome_fastas_part2/2241/BritoIL_2016__W1.5.ST__bin.29.fa	/home/jshaw/scratch/2022_sketched_distance/references/SGB_genome_fastas_part2/2241/BritoIL_2016__W2.35.ST__bin.34.fa	/home/jshaw/scratch/2022_sketched_distance/references/SGB_genome_fastas_part2/2241/BritoIL_2016__W2.61.ST__bin.52.fa	/home/jshaw/scratch/2022_sketched_distance/references/SGB_genome_fastas_part2/2241/BritoIL_2016__W3.17.ST__bin.75.fa	/home/jshaw/scratch/2022_sketched_distance/references/SGB_genome_fastas_part2/2241/BritoIL_2016__W3.18.ST__bin.62.fa	/home/jshaw/scratch/2022_sketched_distance/references/SGB_genome_fastas_part2/2241/BritoIL_2016__W3.22.ST__bin.21.fa	/home/jshaw/scratch/2022_sketched_distance/references/SGB_genome_fastas_part2/2241/BritoIL_2016__WL.14.ST__bin.43.fa	/home/jshaw/scratch/2022_sketched_distance/references/SGB_genome_fastas_part2/2241/CM_madagascar__A08_01_1FE__bin.2.fa	/home/jshaw/scratch/2022_sketched_distance/references/SGB_genome_fastas_part2/2241/CM_madagascar__A32_01_1FE__bin.4.fa	/home/jshaw/scratch/2022_sketched_distance/references/SGB_genome_fastas_part2/2241/CM_madagascar__A39_02_1FE__bin.21.fa	/home/jshaw/scratch/2022_sketched_distance/references/SGB_genome_fastas_part2/2241/CM_madagascar__A81_03_1FE__bin.52.fa	/home/jshaw/scratch/2022_sketched_distance/references/SGB_genome_fastas_part2/2241/CM_madagascar__A90_04_1FE__bin.83.fa	/home/jshaw/scratch/2022_sketched_distance/references/SGB_genome_fastas_part2/2241/CM_madagascar__V12_01_2FE__bin.49.fa	/home/jshaw/scratch/2022_sketched_distance/references/SGB_genome_fastas_part2/2241/CosteaPI_2017__SID713A028-11-0-0__bin.67.fa	/home/jshaw/scratch/2022_sketched_distance/references/SGB_genome_fastas_part2/2241/CosteaPI_2017__SID713A028-11-90-0__bin.78.fa	/home/jshaw/scratch/2022_sketched_distance/references/SGB_genome_fastas_part2/2241/CosteaPI_2017__SID713B041-11-0-0__bin.41.fa	/home/jshaw/scratch/2022_sketched_distance/references/SGB_genome_fastas_part2/2241/CosteaPI_2017__SID713B046-11-0-0__bin.22.fa	/home/jshaw/scratch/2022_sketched_distance/references/SGB_genome_fastas_part2/2241/CosteaPI_2017__SID713B076-11-0-0__bin.33.fa	/home/jshaw/scratch/2022_sketched_distance/references/SGB_genome_fastas_part2/2241/FerrettiP_2018__CA_C10002MS2016FE_t0M15__bin.45.fa	/home/jshaw/scratch/2022_sketched_distance/references/SGB_genome_fastas_part2/2241/FerrettiP_2018__CA_C10031MS2526FE_t0M15__bin.17.fa	/home/jshaw/scratch/2022_sketched_distance/references/SGB_genome_fastas_part2/2241/LeChatelierE_2013__MH0175__bin.63.fa	/home/jshaw/scratch/2022_sketched_distance/references/SGB_genome_fastas_part2/2241/LeChatelierE_2013__MH0189__bin.81.fa	/home/jshaw/scratch/2022_sketched_distance/references/SGB_genome_fastas_part2/2241/LeChatelierE_2013__MH0257__bin.12.fa	/home/jshaw/scratch/2022_sketched_distance/references/SGB_genome_fastas_part2/2241/LeChatelierE_2013__MH0407__bin.67.fa	/home/jshaw/scratch/2022_sketched_distance/references/SGB_genome_fastas_part2/2241/LeChatelierE_2013__MH0430__bin.47.fa	/home/jshaw/scratch/2022_sketched_distance/references/SGB_genome_fastas_part2/2241/LiJ_2014__MH0252__bin.12.fa	/home/jshaw/scratch/2022_sketched_distance/references/SGB_genome_fastas_part2/2241/LiuW_2016__SRR3993051__bin.74.fa	/home/jshaw/scratch/2022_sketched_distance/references/SGB_genome_fastas_part2/2241/NielsenHB_2014__MH0175__bin.23.fa	/home/jshaw/scratch/2022_sketched_distance/references/SGB_genome_fastas_part2/2241/Obregon-TitoAJ_2015__HCO11__bin.22.fa	/home/jshaw/scratch/2022_sketched_distance/references/SGB_genome_fastas_part2/2241/Obregon-TitoAJ_2015__HCO12__bin.13.fa	/home/jshaw/scratch/2022_sketched_distance/references/SGB_genome_fastas_part2/2241/Obregon-TitoAJ_2015__HCO67__bin.11.fa	/home/jshaw/scratch/2022_sketched_distance/references/SGB_genome_fastas_part2/2241/RampelliS_2015__H10__bin.58.fa	/home/jshaw/scratch/2022_sketched_distance/references/SGB_genome_fastas_part2/2241/RampelliS_2015__H13__bin.18.fa	/home/jshaw/scratch/2022_sketched_distance/references/SGB_genome_fastas_part2/2241/RampelliS_2015__H14__bin.94.fa	/home/jshaw/scratch/2022_sketched_distance/references/SGB_genome_fastas_part2/2241/XieH_2016__YSZC12003_35520__bin.2.fa	/home/jshaw/scratch/2022_sketched_distance/references/SGB_genome_fastas_part2/2241/XieH_2016__YSZC12003_36244__bin.14.fa	/home/jshaw/scratch/2022_sketched_distance/references/SGB_genome_fastas_part2/2241/XieH_2016__YSZC12003_37100__bin.68.fa	/home/jshaw/scratch/2022_sketched_distance/references/SGB_genome_fastas_part2/2241/XieH_2016__YSZC12003_37315__bin.79.fa	/home/jshaw/scratch/2022_sketched_distance/references/SGB_genome_fastas_part2/2241/ZeeviD_2015__PNP_Main_257__bin.39.fa	/home/jshaw/scratch/2022_sketched_distance/references/SGB_genome_fastas_part2/2241/ZeeviD_2015__PNP_Main_438__bin.9.fa	/home/jshaw/scratch/2022_sketched_distance/references/SGB_genome_fastas_part2/2241/ZeeviD_2015__PNP_Main_698__bin.3.fa	/home/jshaw/scratch/2022_sketched_distance/references/SGB_genome_fastas_part2/2241/ZellerG_2014__CCMD18872694ST-21-0__bin.35.fa	/home/jshaw/scratch/2022_sketched_distance/references/SGB_genome_fastas_part2/2241/ZellerG_2014__CCMD86114146ST-21-0__bin.29.fa	/home/jshaw/scratch/2022_sketched_distance/references/SGB_genome_fastas_part2/2241/ZellerG_2014__CCMD87156761ST-21-0__bin.33.fa
1.0	0.9806303898841843	0.9767822142530085	0.9789109032301097	0.9788613495502343	0.9791335093795129	0.9790222939649417	0.9793598702416676	0.9805686575810211	0.9807446831177783	0.9797895759320175	0.9774615679252204	0.9773519137521602	0.9771923125572262	0.9777385009890888	0.9771358821707541	0.9776179734247709	0.9802857915201727	0.9793180109052423	0.9801136719062996	0.9804922935456806	0.9777969736741752	0.9788374641426397	0.9788306954097118	0.9810012406556986	0.9782537849483738	0.9800301154107915	0.9791496593286023	0.9792626077371427	0.9797137302763541	0.9812019164593216	0.980219333345671	0.9731140511947264	0.9732243282445691	0.9742537137584635	0.9702302636019696	0.9612705192470312	0.9634713771729455	0.9802077754309616	0.9796707520635063	0.9816265404400668	0.9798978414717022	0.9794024545881365	0.9795505827634267	0.9811499556852007	0.9785571545796806	0.979571795801875	0.9782819338630117
0.9806303898841843	1.0	0.9766839924102197	0.9786674645185417	0.9792175009744033	0.9791475403671992	0.9791425351139369	0.979850252300077	0.9805908318578962	0.9799477479419988	0.9798280269532151	0.9783712051663396	0.9783559868172974	0.977705684564331	0.9779995271417481	0.9780613445126215	0.9785587866875448	0.9818341149609652	0.9811944842487891	0.9809669502941953	0.9825476348579745	0.9798883119099824	0.9806563575201238	0.9802689535862312	0.9813613242749898	0.9810765444767718	0.9804636146523672	0.9789873984286586	0.9803216772734165	0.9792463233902803	0.9832750824387199	0.9809442314460662	0.973988895622987	0.9738824970210931	0.9749803853575811	0.9712469459237026	0.9605643990548061	0.9631642400300882	0.9802329205704371	0.9800763239257103	0.982077842322482	0.9810173013940029	0.9802802214689256	0.9811321076778865	0.981909652391893	0.9795058614820071	0.9798087002926186	0.9785974570225984
0.9767822142530085	0.9766839924102197	1.0	0.9790560994072071	0.9794665825164569	0.9778683865637496	0.9780440697648445	0.9785655620424994	0.9802118076338155	0.9797347566898902	0.9783943655286806	0.9755623400214232	0.9740242765092834	0.9753836981432092	0.973450385067529	0.9743951932754196	0.9746479887637713	0.9797453782723479	0.979117594978374	0.9772318979063499	0.9784515562807947	0.9759310849887756	0.9770294090607097	0.9790620438070784	0.9774877898075568	0.9764755492717739	0.9762833983099921	0.9764764088377543	0.976991049252496	0.9769298215703669	0.9780067627011635	0.9772580969929178	0.9721236596674112	0.9709182789238979	0.9732082540999066	0.9682291073502457	0.9570459318130624	0.9589736356833146	0.977151050865549	0.9776180335766551	0.9774924078679472	0.9762038827753448	0.978007519440965	0.9764200390506902	0.977834046923671	0.9777449280703083	0.9771542956354387	0.975915232711623
0.9789109032301097	0.9786674645185417	0.9790560994072071	1.0	0.9795592590478994	0.9799844521408919	0.9789351475016322	0.9749138823991937	0.9754333575706257	0.9777254625597536	0.9790319448628337	0.9757021032396266	0.9743076636390612	0.9764168176316622	0.9765474666115449	0.9753793408690595	0.9767035563545864	0.9741115124811086	0.9743634899057583	0.9759420901605643	0.9734421223593708	0.9771417898211092	0.9728131458677578	0.974711431455362	0.9734579628169133	0.9774983124742138	0.972141249638834	0.9726454665203373	0.9763644108451629	0.9718717625166396	0.9741998037833163	0.972337119698576	0.9689061753988981	0.9667494925370912	0.9719018644752937	0.9633781348848516	0.9519888003192651	0.9604676041728749	0.9720788554291044	0.9729215930285166	0.9747516101429505	0.9728319750961709	0.9754063604374893	0.9761803196337391	0.9768330619010078	0.9712586544825565	0.9717332681468553	0.9736586664782491
0.9788613495502343	0.9792175009744033	0.9794665825164569	0.9795592590478994	1.0	0.9789874943535966	0.9797547961262479	0.9783863917916555	0.9800994880695527	0.9784934343524913	0.979425200678509	0.9762758289415037	0.9755844040336626	0.9769751956279135	0.976930525729005	0.9766161087010995	0.9774845439059425	0.978566412883991	0.978280480664611	0.9776341299679796	0.9781712615390292	0.9775284609991359	0.9768518637235535	0.9770002955454865	0.9780474654110922	0.9762301883066592	0.9777718306804188	0.9770239562116322	0.9767287493723618	0.9761109119567773	0.9786044253655497	0.9772580969929178	0.9715238783306157	0.971745709677134	0.9715474118998148	0.9673173073484777	0.9582452573763094	0.9628843147842683	0.9769292914652502	0.9773452665994962	0.9788245581681748	0.976849357228817	0.976930525729005	0.9775502491995268	0.9775492240672708	0.976143588546361	0.9773330469650587	0.9745188919767918
0.9791335093795129	0.9791475403671992	0.9778683865637496	0.9799844521408919	0.9789874943535966	1.0	0.979322070329402	0.9800215851640004	0.9823177661402405	0.980411497143288	0.9792268873578152	0.9760038181276635	0.9758833861904832	0.9764597202570122	0.9770933137305703	0.9766948344115302	0.9763838389748667	0.9795632351068	0.9789832973738496	0.9789188059791663	0.9809420465050686	0.9781011876447723	0.9782458510750053	0.9796710741109225	0.9801205064366696	0.9787415219722084	0.9790456746076619	0.9783775500185935	0.9799994519883289	0.9780964527548683	0.9807228165175723	0.979452120861414	0.9749247562901414	0.9736835940558558	0.9745463358125573	0.968822968883554	0.9608015063515845	0.9627695969950595	0.9785303579663698	0.9795941434279624	0.9801044442070811	0.9786072703390757	0.9791740675391963	0.9793581234783064	0.9780947693893544	0.9793496463622368	0.9795955637409718	0.9770103703573794
0.9790222939649417	0.9791425351139369	0.9780440697648445	0.9789351475016322	0.9797547961262479	0.979322070329402	1.0	0.9790092291048417	0.9797601935093148	0.9799477479419988	0.9790824699149819	0.9757737970772845	0.9761487258910471	0.9755735418265176	0.97552887270081	0.9763890447747545	0.9768644241147607	0.9793571021518356	0.9784405100631696	0.9781190989457853	0.979228761145135	0.9772906460210986	0.9770883763908903	0.9780078057219447	0.9783106376018614	0.9766555618450693	0.9780048256351775	0.976974557917726	0.977974787059333	0.9782909349432807	0.979267115441514	0.977533701018447	0.9731140511947264	0.9714111566370988	0.9719706698452583	0.9660956148724091	0.9594011756180475	0.9624641229998706	0.9780232950408698	0.9777535655924913	0.9791604039668743	0.9769326138490233	0.978201287224023	0.9784005194321841	0.9794926388640155	0.9765300318658973	0.978113081148451	0.9760513280168076
0.9793598702416676	0.979850252300077	0.9785655620424994	0.9749138823991937	0.9783863917916555	0.9800215851640004	0.9790092291048417	1.0	0.9753769698884573	0.9771349773568949	0.9796204013579627	0.976123723603373	0.9762838177160795	0.9766016625183686	0.9774754673829114	0.9760594647533002	0.9769164339286666	0.975344110101426	0.9757037541711929	0.9771660784790717	0.9725297640334342	0.977197149933093	0.9661277627461468	0.9665099652002815	0.970874792910441	0.9762838177160795	0.97030378624486	0.9719509685240116	0.9767908903027973	0.9713244531727923	0.9720966394318739	0.9703421685196901	0.9621318354417334	0.967075315261736	0.970685574874308	0.964051532736524	0.9520265125582507	0.9630090636382147	0.9692498571937526	0.9688104258049158	0.9762198745570035	0.9707235071014848	0.9773211402148935	0.9754753504583757	0.9773211402148935	0.966507504935839	0.9710629110481332	0.9753112170689544
0.9805686575810211	0.9805908318578962	0.9802118076338155	0.9754333575706257	0.9800994880695527	0.9823177661402405	0.9797601935093148	0.9753769698884573	1.0	0.9773299364689286	0.9807676866286629	0.9779366607805999	0.976586628856925	0.9776953248579089	0.977840340735316	0.9773544235902343	0.9782000828170377	0.9764359091270255	0.9771333740133535	0.9783191201566016	0.9770253396593865	0.9793252971849451	0.9745785583440033	0.9742247517930426	0.9764221726632246	0.9784613937678186	0.9753453377156105	0.9743297286129761	0.9776953248579089	0.9750038273197074	0.9767775191913917	0.976074393301443	0.9685507773563862	0.9688680477822278	0.9723926284447386	0.9653032773011512	0.95720494511256	0.9637477548644849	0.9760839756597771	0.9745735852616639	0.9772072240023075	0.9751963922477352	0.9784613937678186	0.9770346461675301	0.9787206277513719	0.9747762259117673	0.9758481369386938	0.976511356227588
0.9807446831177783	0.9799477479419988	0.9797347566898902	0.9777254625597536	0.9784934343524913	0.980411497143288	0.9799477479419988	0.9771349773568949	0.9773299364689286	1.0	0.9799052606608822	0.9755449302299743	0.9763133975980319	0.9769013852391298	0.9772029934001515	0.9760033937741798	0.9771798916735064	0.9777802029347856	0.9768037207173572	0.9773182569152477	0.9765984398466397	0.9787807280345255	0.9758576680194775	0.9771228548001908	0.9776486802541348	0.975690407550561	0.9758453258988238	0.9751704983218258	0.9771798916735064	0.9752176271886845	0.9779279927857109	0.9775062452898011	0.9696548251625751	0.9704807663949219	0.9709588732235449	0.966938313863775	0.957625146911912	0.9626396856888219	0.976226395065339	0.9762307635976267	0.9776094169089228	0.9763170626753441	0.9782035876108223	0.9773182569152477	0.977752576648442	0.9751791610116524	0.975661018189631	0.9759794245352282
0.9797895759320175	0.9798280269532151	0.9783943655286806	0.9790319448628337	0.979425200678509	0.9792268873578152	0.9790824699149819	0.9796204013579627	0.9807676866286629	0.9799052606608822	1.0	0.9771878794957491	0.9777037806472545	0.9785945205225286	0.9786742398854903	0.9767050158461631	0.9787339018227104	0.9807734393800573	0.9800207998405823	0.9803801702662027	0.9812695291233028	0.9789517335558592	0.9784159811998577	0.979138796905632	0.9805638399663685	0.9787415219722084	0.9797134160657099	0.9793571021518356	0.9788039872611058	0.9783877427906196	0.9807228165175723	0.9799655929328687	0.9742039715172235	0.9734547736818544	0.9737102937518433	0.970010433864447	0.9591036384622964	0.9617323803185056	0.979598411477001	0.9794660615939034	0.9808108782785732	0.9792331154910082	0.9791323703876573	0.9788828342899217	0.980733460240242	0.9781535704359785	0.9789476762680024	0.9773383832422233
0.9774615679252204	0.9783712051663396	0.9755623400214232	0.9757021032396266	0.9762758289415037	0.9760038181276635	0.9757737970772845	0.976123723603373	0.9779366607805999	0.9755449302299743	0.9771878794957491	1.0	0.975981885949565	0.9777537607715056	0.9782281771575223	0.9767194101070865	0.9783508109604493	0.979057037623047	0.9784405100631696	0.97691558048141	0.9787042960592558	0.9766550025093882	0.9773231839343061	0.9781266403465848	0.97851965676858	0.9772338229130774	0.9779273455477654	0.9769992664308244	0.9774100336333426	0.9765229419571969	0.9796932498541558	0.9779427851303449	0.9729362155493729	0.9715636547645232	0.9719180640542467	0.9690509972226796	0.9607542251305573	0.9630168817855896	0.977807412888146	0.9781033338007222	0.9778189802551891	0.9783694481472777	0.9763690590335581	0.977208413196047	0.9775272111582517	0.977205915553047	0.9771542956354387	0.9762544094938711
0.9773519137521602	0.9783559868172974	0.9740242765092834	0.9743076636390612	0.9755844040336626	0.9758833861904832	0.9761487258910471	0.9762838177160795	0.976586628856925	0.9763133975980319	0.9777037806472545	0.975981885949565	1.0	0.9769962049396544	0.9770802512886005	0.9761219843229406	0.9765939953405175	0.978566412883991	0.9777490701893384	0.9768246368714857	0.9789300997499383	0.9772685663493335	0.9769407573909337	0.977528086955708	0.9778885363354327	0.9762718379404369	0.9771157428484859	0.9759450149392984	0.9767012381159141	0.9758245841180164	0.9789119555039898	0.9772304079194278	0.972532483399945	0.9718665136193314	0.9729797766136923	0.9700733950016803	0.9627713048232229	0.9648055373106287	0.9773713106547504	0.9765971783952222	0.9786440168687605	0.9786598850597208	0.9768871937331526	0.9770936660680817	0.9784391875310349	0.9770802512886005	0.976974557917726	0.9758013834004591
0.9771923125572262	0.977705684564331	0.9753836981432092	0.9764168176316622	0.9769751956279135	0.9764597202570122	0.9755735418265176	0.9766016625183686	0.9776953248579089	0.9769013852391298	0.9785945205225286	0.9777537607715056	0.9769962049396544	1.0	0.9784110856621392	0.9774059485897864	0.9789646227620197	0.9796999376366223	0.9789384084077328	0.9775674351758947	0.9790548743206494	0.9772213960921564	0.9769703347699535	0.9772855530513429	0.9785456902299411	0.9771234133750692	0.977719827061019	0.9771962625884605	0.977737046208014	0.9763175790282841	0.9792418746453831	0.9779156720181081	0.972169340031651	0.9720768426062887	0.973106907183819	0.9706654908465617	0.9617327659759097	0.9644841134098115	0.9773713106547504	0.9775636625482913	0.9782570162532976	0.9786598850597208	0.9767752551265376	0.9770015764037998	0.9778776457377621	0.977455799040966	0.9777379758441379	0.9769443694976173
0.9777385009890888	0.9779995271417481	0.973450385067529	0.9765474666115449	0.976930525729005	0.9770933137305703	0.97552887270081	0.9774754673829114	0.977840340735316	0.9772029934001515	0.9786742398854903	0.9782281771575223	0.9770802512886005	0.9784110856621392	1.0	0.9771150147911397	0.9757819454767002	0.9787775846703761	0.9781426847587704	0.9775006035956998	0.9795247145764191	0.9783024312922346	0.9769703347699535	0.9789851097722315	0.9789337194664263	0.9790765671398123	0.9780821220138864	0.9771471251388573	0.9771460396459876	0.9769298215703669	0.9796683364857157	0.9783735561739141	0.9733349834163826	0.9728755612390809	0.97274967815156	0.9704796814406278	0.9606594527534363	0.9633132232901124	0.977562823928386	0.9781568127677643	0.9797344742825875	0.9793105089473136	0.9778560108812147	0.9776859857143351	0.9794511472395195	0.9766152885995547	0.9776119752674558	0.9770103703573794
0.9771358821707541	0.9780613445126215	0.9743951932754196	0.9753793408690595	0.9766161087010995	0.9766948344115302	0.9763890447747545	0.9760594647533002	0.9773544235902343	0.9760033937741798	0.9767050158461631	0.9767194101070865	0.9761219843229406	0.9774059485897864	0.9771150147911397	1.0	0.9776943073908941	0.9798360703069539	0.979117594978374	0.9774336346557386	0.9789300997499383	0.9769266042653083	0.9770294090607097	0.9777688289405597	0.9787532133242139	0.9761808886411568	0.977875589656541	0.9767015196225919	0.977606634714436	0.9773815655404103	0.9788609013593916	0.9781319481352402	0.9731583581752199	0.9719868687531914	0.9738594035939098	0.9695342758351556	0.9636910497646667	0.9658485471822187	0.9785832772561276	0.9772080219204358	0.9788020450673055	0.9779691825460919	0.9775727556062265	0.9782233487246068	0.9783534234262917	0.9770802512886005	0.9777631176072988	0.9757557318657566
0.9776179734247709	0.9785587866875448	0.9746479887637713	0.9767035563545864	0.9774845439059425	0.9763838389748667	0.9768644241147607	0.9769164339286666	0.9782000828170377	0.9771798916735064	0.9787339018227104	0.9783508109604493	0.9765939953405175	0.9789646227620197	0.9757819454767002	0.9776943073908941	1.0	0.9796088662338859	0.9790952503873114	0.9787260795370323	0.9805161196620263	0.9774075143459824	0.9788653703328491	0.9790620438070784	0.980170063797655	0.9773658222713658	0.9801993825325601	0.9785899440352956	0.9788249740752155	0.97816951958094	0.980040056169691	0.9792964913866685	0.973685375378807	0.9728463273188455	0.9725437663339188	0.9701048296574318	0.9615486665146655	0.9635973418984997	0.9793669363381254	0.9788703247014178	0.9786213787919905	0.9785545706165532	0.9784791567490208	0.9782677317245304	0.9787163735907097	0.9789954047783777	0.9788748884141376	0.976988384929941
0.9802857915201727	0.9818341149609652	0.9797453782723479	0.9741115124811086	0.978566412883991	0.9795632351068	0.9793571021518356	0.975344110101426	0.9764359091270255	0.9777802029347856	0.9807734393800573	0.979057037623047	0.978566412883991	0.9796999376366223	0.9787775846703761	0.9798360703069539	0.9796088662338859	1.0	0.999579540209499	0.9869874469044473	0.9807534304500461	0.9821731419946018	0.9786975740346475	0.9795577429741844	0.9789851097722315	0.9807734393800573	0.9782617707591477	0.9778283955708423	0.9812755933334878	0.9781208265618744	0.9793930274957375	0.9785336394547625	0.971570411717752	0.9701009877580888	0.9763254653969806	0.9663789708667065	0.956992750763483	0.9648236962518043	0.9789251759046665	0.9798995055717605	0.9806190664417868	0.9773730899662487	0.9817701545825906	0.9801515239865682	0.9815989798737811	0.9770802512886005	0.9787775846703761	0.9776351959759468
0.9793180109052423	0.9811944842487891	0.979117594978374	0.9743634899057583	0.978280480664611	0.9789832973738496	0.9784405100631696	0.9757037541711929	0.9771333740133535	0.9768037207173572	0.9800207998405823	0.9784405100631696	0.9777490701893384	0.9789384084077328	0.9781426847587704	0.979117594978374	0.9790952503873114	0.999579540209499	1.0	0.9867883784300032	0.9810827979392646	0.9814034276140771	0.9792811245704609	0.9801576815028268	0.9793679791841418	0.9802373559399356	0.9785928009922842	0.9780921889483474	0.9804953428561716	0.9783635677568774	0.9796683364857157	0.9789041399966844	0.9716632783896895	0.9702914345032032	0.9754573483354206	0.9666947951537345	0.95720494511256	0.9640041020485474	0.9793927369912173	0.9804021833852705	0.979671295942913	0.9776453935235943	0.9816524107380562	0.979251342231329	0.9806449000812633	0.9769119411260903	0.9788748884141376	0.9770902174007666
0.9801136719062996	0.9809669502941953	0.9772318979063499	0.9759420901605643	0.9776341299679796	0.9789188059791663	0.9781190989457853	0.9771660784790717	0.9783191201566016	0.9773182569152477	0.9803801702662027	0.97691558048141	0.9768246368714857	0.9775674351758947	0.9775006035956998	0.9774336346557386	0.9787260795370323	0.9869874469044473	0.9867883784300032	1.0	0.9820741743199138	0.9804617344179622	0.97894894598881	0.9793679791841418	0.9803182864742914	0.9795531296217701	0.9795662048484919	0.978306443523841	0.9803801702662027	0.9776545788548168	0.9815096095615623	0.9796841829019151	0.972396780981574	0.9726409485693999	0.9740205966459051	0.9686919404298545	0.9585508552458353	0.9634615780420226	0.9786097047409192	0.9804271154157389	0.9819962489371117	0.9774822846221013	0.980441362456354	0.980267584115334	0.9806849919283165	0.977455799040966	0.9792852227005172	0.9760644969194429
0.9804922935456806	0.9825476348579745	0.9784515562807947	0.9734421223593708	0.9781712615390292	0.9809420465050686	0.979228761145135	0.9725297640334342	0.9770253396593865	0.9765984398466397	0.9812695291233028	0.9787042960592558	0.9789300997499383	0.9790548743206494	0.9795247145764191	0.9789300997499383	0.9805161196620263	0.9807534304500461	0.9810827979392646	0.9820741743199138	1.0	0.9818234112681273	0.9796099568585248	0.9813613242749898	0.9830593058005395	0.9818234112681273	0.9816615357504727	0.982681661470624	0.9833436914691583	0.9817546865804685	0.9793175385568603	0.98220512709153	0.9699005699562694	0.970630397587388	0.9762474137749708	0.9676571913244738	0.9570459318130624	0.965799755322001	0.9814419220229476	0.9812150630829646	0.9809655471900436	0.973975046770501	0.9807534304500461	0.9814320489807749	0.9805399284220951	0.9809910418047291	0.982480415318892	0.9790050217274725
0.9777969736741752	0.9798883119099824	0.9759310849887756	0.9771417898211092	0.9775284609991359	0.9781011876447723	0.9772906460210986	0.977197149933093	0.9793252971849451	0.9787807280345255	0.9789517335558592	0.9766550025093882	0.9772685663493335	0.9772213960921564	0.9783024312922346	0.9769266042653083	0.9774075143459824	0.9821731419946018	0.9814034276140771	0.9804617344179622	0.9818234112681273	1.0	0.9799624942674339	0.9821747788354596	0.9815042550919911	0.9794905939372829	0.9792201085999912	0.9799941779295989	0.9791381672246614	0.9794340898834281	0.9825985068980978	0.9809936368568195	0.9746721837534432	0.9739956110543685	0.9749803853575811	0.9696937757816619	0.9594504970954512	0.9616222849154976	0.9799045144571763	0.9803772323193253	0.9815230979964933	0.9809438517640134	0.9793817580307302	0.9796782615843407	0.9810907801414109	0.9789954047783777	0.9806245923326626	0.9773818697953406
0.9788374641426397	0.9806563575201238	0.9770294090607097	0.9728131458677578	0.9768518637235535	0.9782458510750053	0.9770883763908903	0.9661277627461468	0.9745785583440033	0.9758576680194775	0.9784159811998577	0.9773231839343061	0.9769407573909337	0.9769703347699535	0.9769703347699535	0.9770294090607097	0.9788653703328491	0.9786975740346475	0.9792811245704609	0.97894894598881	0.9796099568585248	0.9799624942674339	1.0	0.9839757352373515	0.9830242895712074	0.9795280587559192	0.9831468735586876	0.9843009289361014	0.9814906075994164	0.9837049289070177	0.9753333991687644	0.9816446880613515	0.9655010867735666	0.9672152005865536	0.9740977188502249	0.9648105798660558	0.9516946606710293	0.9628584085527427	0.9821783275134914	0.9808406770943084	0.9783876877425646	0.9711942441151764	0.9798002574190542	0.9805240614586319	0.9786695238888119	0.9774142846667847	0.9835360893931895	0.977439956059288
0.9788306954097118	0.9802689535862312	0.9790620438070784	0.974711431455362	0.9770002955454865	0.9796710741109225	0.9780078057219447	0.9665099652002815	0.9742247517930426	0.9771228548001908	0.979138796905632	0.9781266403465848	0.977528086955708	0.9772855530513429	0.9789851097722315	0.9777688289405597	0.9790620438070784	0.9795577429741844	0.9801576815028268	0.9793679791841418	0.9813613242749898	0.9821747788354596	0.9839757352373515	1.0	0.9830025884259049	0.9801948143181791	0.9837101531940038	0.9845655478308393	0.9816465641982189	0.9839095410838707	0.9773261009597172	0.9820698156326674	0.9587382804933102	0.9696867035839578	0.9761712275763971	0.9663965981216285	0.9533304437537061	0.963361950585218	0.9820698156326674	0.9813971155667474	0.9804903674442346	0.9729055797761375	0.9813254937799395	0.981289623994185	0.9792535891843631	0.9662739915222308	0.9839426548600037	0.9787532133242139
0.9810012406556986	0.9813613242749898	0.9774877898075568	0.9734579628169133	0.9780474654110922	0.9801205064366696	0.9783106376018614	0.970874792910441	0.9764221726632246	0.9776486802541348	0.9805638399663685	0.97851965676858	0.9778885363354327	0.9785456902299411	0.9789337194664263	0.9787532133242139	0.980170063797655	0.9789851097722315	0.9793679791841418	0.9803182864742914	0.9830593058005395	0.9815042550919911	0.9830242895712074	0.9830025884259049	1.0	0.9800956995382473	0.9888238285164819	0.9906190678292578	0.9824645899970285	0.9892208605260305	0.977054823271955	0.9985677297759649	0.9679322700862268	0.9695496693846396	0.9750318809141152	0.9661495920769836	0.9558549572910752	0.9657658442959848	0.9866906601604999	0.9843891960643311	0.980170063797655	0.9731449061392213	0.9805148766409965	0.9811937784763521	0.9797714837655076	0.9842485478565042	0.9889756431583575	0.9793679791841418
0.9782537849483738	0.9810765444767718	0.9764755492717739	0.9774983124742138	0.9762301883066592	0.9787415219722084	0.9766555618450693	0.9762838177160795	0.9784613937678186	0.975690407550561	0.9787415219722084	0.9772338229130774	0.9762718379404369	0.9771234133750692	0.9790765671398123	0.9761808886411568	0.9773658222713658	0.9807734393800573	0.9802373559399356	0.9795531296217701	0.9818234112681273	0.9794905939372829	0.9795280587559192	0.9801948143181791	0.9800956995382473	1.0	0.979070650901077	0.978353865076309	0.9798384351786082	0.9772817180234545	0.9816506515547873	0.9794262340822725	0.9711962586645673	0.972611502260784	0.9725953670228883	0.9688556430954538	0.9562387516572562	0.9609722375632895	0.9793152737778911	0.9807495129150525	0.9807896939999735	0.9769048852875788	0.9785854024143713	0.9790564686302711	0.9784819851575456	0.9785170201655117	0.9793331599161925	0.9766779935867965
0.9800301154107915	0.9804636146523672	0.9762833983099921	0.972141249638834	0.9777718306804188	0.9790456746076619	0.9780048256351775	0.97030378624486	0.9753453377156105	0.9758453258988238	0.9797134160657099	0.9779273455477654	0.9771157428484859	0.977719827061019	0.9780821220138864	0.977875589656541	0.9801993825325601	0.9782617707591477	0.9785928009922842	0.9795662048484919	0.9816615357504727	0.9792201085999912	0.9831468735586876	0.9837101531940038	0.9888238285164819	0.979070650901077	1.0	0.9904333585237259	0.9820056758781824	0.9886927498942493	0.9780329771007269	0.987910980737193	0.9682430053187204	0.9684123042389474	0.9738268398390578	0.9652835513836225	0.9547322131267695	0.9643925788497848	0.9867937045785947	0.9847842913602616	0.9793688850680665	0.9723568421505004	0.9794676940253685	0.9802716579940597	0.9793193682146469	0.9842485478565042	0.9879394682297451	0.9780306114630626
0.9791496593286023	0.9789873984286586	0.9764764088377543	0.9726454665203373	0.9770239562116322	0.9783775500185935	0.976974557917726	0.9719509685240116	0.9743297286129761	0.9751704983218258	0.9793571021518356	0.9769992664308244	0.9759450149392984	0.9771962625884605	0.9771471251388573	0.9767015196225919	0.9785899440352956	0.9778283955708423	0.9780921889483474	0.978306443523841	0.982681661470624	0.9799941779295989	0.9843009289361014	0.9845655478308393	0.9906190678292578	0.978353865076309	0.9904333585237259	1.0	0.9815560459136661	0.9886893895765667	0.9787329153966581	0.989719722013478	0.9692077201933396	0.9686689987181074	0.972616720413606	0.964453518321862	0.9559650852906485	0.963426498475201	0.9880651506223463	0.9865470396303745	0.9785428647451371	0.9740962446243766	0.9794488775099369	0.9791265285331322	0.9783301629198776	0.98585988201516	0.9888840958539017	0.977220803544082
0.9792626077371427	0.9803216772734165	0.976991049252496	0.9763644108451629	0.9767287493723618	0.9799994519883289	0.977974787059333	0.9767908903027973	0.9776953248579089	0.9771798916735064	0.9788039872611058	0.9774100336333426	0.9767012381159141	0.977737046208014	0.9771460396459876	0.977606634714436	0.9788249740752155	0.9812755933334878	0.9804953428561716	0.9803801702662027	0.9833436914691583	0.9791381672246614	0.9814906075994164	0.9816465641982189	0.9824645899970285	0.9798384351786082	0.9820056758781824	0.9815560459136661	1.0	0.9804025326232171	0.9833196946410003	0.981434958742595	0.973202604720601	0.973368548338498	0.9738097763813373	0.9677595402649056	0.9574157375940183	0.9626899429525085	0.9815386706918949	0.9823154855933709	0.9810430039267029	0.9775095262013153	0.9793817580307302	0.9810711084191202	0.9795547776037363	0.9802759210503292	0.9821318345861848	0.9759537623117128
0.9797137302763541	0.9792463233902803	0.9769298215703669	0.9718717625166396	0.9761109119567773	0.9780964527548683	0.9782909349432807	0.9713244531727923	0.9750038273197074	0.9752176271886845	0.9783877427906196	0.9765229419571969	0.9758245841180164	0.9763175790282841	0.9769298215703669	0.9773815655404103	0.97816951958094	0.9781208265618744	0.9783635677568774	0.9776545788548168	0.9817546865804685	0.9794340898834281	0.9837049289070177	0.9839095410838707	0.9892208605260305	0.9772817180234545	0.9886927498942493	0.9886893895765667	0.9804025326232171	1.0	0.9769134018678332	0.9886425204740069	0.9700471251604731	0.9678261577525599	0.973127361711196	0.9638869768804145	0.9562932040802226	0.9640727071017037	0.9874456545514674	0.9862145090077336	0.9786285126701001	0.9731449061392213	0.9796440443721771	0.9787482344391176	0.9790100860837081	0.9849818009078337	0.9878845355511449	0.9780964527548683
0.9812019164593216	0.9832750824387199	0.9780067627011635	0.9741998037833163	0.9786044253655497	0.9807228165175723	0.979267115441514	0.9720966394318739	0.9767775191913917	0.9779279927857109	0.9807228165175723	0.9796932498541558	0.9789119555039898	0.9792418746453831	0.9796683364857157	0.9788609013593916	0.980040056169691	0.9793930274957375	0.9796683364857157	0.9815096095615623	0.9793175385568603	0.9825985068980978	0.9753333991687644	0.9773261009597172	0.977054823271955	0.9816506515547873	0.9780329771007269	0.9787329153966581	0.9833196946410003	0.9769134018678332	1.0	0.9761030828100187	0.9717558795508788	0.9712062657151438	0.9759221448748171	0.9693772962835834	0.9562932040802226	0.9645519072797765	0.976481189759253	0.9765971783952222	0.9811781274382627	0.9748731945558878	0.9816037050779258	0.9811543211014035	0.9807228165175723	0.9755331799582145	0.9780067627011635	0.9780329771007269
0.980219333345671	0.9809442314460662	0.9772580969929178	0.972337119698576	0.9772580969929178	0.979452120861414	0.977533701018447	0.9703421685196901	0.976074393301443	0.9775062452898011	0.9799655929328687	0.9779427851303449	0.9772304079194278	0.9779156720181081	0.9783735561739141	0.9781319481352402	0.9792964913866685	0.9785336394547625	0.9789041399966844	0.9796841829019151	0.98220512709153	0.9809936368568195	0.9816446880613515	0.9820698156326674	0.9985677297759649	0.9794262340822725	0.987910980737193	0.989719722013478	0.981434958742595	0.9886425204740069	0.9761030828100187	1.0	0.9661125348222019	0.9686577993360789	0.9742139318823206	0.9657524861359862	0.955186072283869	0.9654350496481645	0.9855060626749799	0.9828644753529316	0.9797355290443776	0.9725297640334342	0.9800927094834788	0.980646220871268	0.9791139808837538	0.9839097560766663	0.9880705338590191	0.9789567268549163
0.9731140511947264	0.973988895622987	0.9721236596674112	0.9689061753988981	0.9715238783306157	0.9749247562901414	0.9731140511947264	0.9621318354417334	0.9685507773563862	0.9696548251625751	0.9742039715172235	0.9729362155493729	0.972532483399945	0.972169340031651	0.9733349834163826	0.9731583581752199	0.973685375378807	0.971570411717752	0.9716632783896895	0.972396780981574	0.9699005699562694	0.9746721837534432	0.9655010867735666	0.9587382804933102	0.9679322700862268	0.9711962586645673	0.9682430053187204	0.9692077201933396	0.973202604720601	0.9700471251604731	0.9717558795508788	0.9661125348222019	1.0	0.9764803683898431	0.9756709071242476	0.9667665896203524	0.9578007736807359	0.9694568751659787	0.9682945048785548	0.9671420791493539	0.9717558795508788	0.9662772977320794	0.9734229367547647	0.9734229367547647	0.9735981314380531	0.9552697078314666	0.9702899173680134	0.9701444608926089
0.9732243282445691	0.9738824970210931	0.9709182789238979	0.9667494925370912	0.971745709677134	0.9736835940558558	0.9714111566370988	0.967075315261736	0.9688680477822278	0.9704807663949219	0.9734547736818544	0.9715636547645232	0.9718665136193314	0.9720768426062887	0.9728755612390809	0.9719868687531914	0.9728463273188455	0.9701009877580888	0.9702914345032032	0.9726409485693999	0.970630397587388	0.9739956110543685	0.9672152005865536	0.9696867035839578	0.9695496693846396	0.972611502260784	0.9684123042389474	0.9686689987181074	0.973368548338498	0.9678261577525599	0.9712062657151438	0.9686577993360789	0.9764803683898431	1.0	0.973825791861632	0.9657815182421132	0.959695970032241	0.9679284686538897	0.9688913008094902	0.968344518395662	0.9716244535104012	0.9672520100599427	0.9728463273188455	0.9735979753734063	0.9735121302128485	0.966507504935839	0.968435213219833	0.9695875764628137
0.9742537137584635	0.9749803853575811	0.9732082540999066	0.9719018644752937	0.9715474118998148	0.9745463358125573	0.9719706698452583	0.970685574874308	0.9723926284447386	0.9709588732235449	0.9737102937518433	0.9719180640542467	0.9729797766136923	0.973106907183819	0.97274967815156	0.9738594035939098	0.9725437663339188	0.9763254653969806	0.9754573483354206	0.9740205966459051	0.9762474137749708	0.9749803853575811	0.9740977188502249	0.9761712275763971	0.9750318809141152	0.9725953670228883	0.9738268398390578	0.972616720413606	0.9738097763813373	0.973127361711196	0.9759221448748171	0.9742139318823206	0.9756709071242476	0.973825791861632	1.0	0.9666947951537345	0.9597448393758151	0.9628968229403874	0.9743244383317147	0.9746331849361279	0.9746781404880345	0.9720039307739468	0.9739831407179774	0.9741605816202006	0.9750999328535291	0.9711076735199867	0.9737849342939118	0.9707385754507833
0.9702302636019696	0.9712469459237026	0.9682291073502457	0.9633781348848516	0.9673173073484777	0.968822968883554	0.9660956148724091	0.964051532736524	0.9653032773011512	0.966938313863775	0.970010433864447	0.9690509972226796	0.9700733950016803	0.9706654908465617	0.9704796814406278	0.9695342758351556	0.9701048296574318	0.9663789708667065	0.9666947951537345	0.9686919404298545	0.9676571913244738	0.9696937757816619	0.9648105798660558	0.9663965981216285	0.9661495920769836	0.9688556430954538	0.9652835513836225	0.964453518321862	0.9677595402649056	0.9638869768804145	0.9693772962835834	0.9657524861359862	0.9667665896203524	0.9657815182421132	0.9666947951537345	1.0	0.9649193806954224	0.9723208122014485	0.9643443512029823	0.9645098345506126	0.9686262262790455	0.9656823347933194	0.9685603781087936	0.9692774271113744	0.9697255815366881	0.9643422738646343	0.9652925104360917	0.9680956411459214
0.9612705192470312	0.9605643990548061	0.9570459318130624	0.9519888003192651	0.9582452573763094	0.9608015063515845	0.9594011756180475	0.9520265125582507	0.95720494511256	0.957625146911912	0.9591036384622964	0.9607542251305573	0.9627713048232229	0.9617327659759097	0.9606594527534363	0.9636910497646667	0.9615486665146655	0.956992750763483	0.95720494511256	0.9585508552458353	0.9570459318130624	0.9594504970954512	0.9516946606710293	0.9533304437537061	0.9558549572910752	0.9562387516572562	0.9547322131267695	0.9559650852906485	0.9574157375940183	0.9562932040802226	0.9562932040802226	0.955186072283869	0.9578007736807359	0.959695970032241	0.9597448393758151	0.9649193806954224	1.0	0.9956734384296747	0.9540390514198853	0.9524218671180538	0.9604690623314601	0.9538045994542292	0.9597448393758151	0.9603255228108982	0.9604212872990066	0.952055951438277	0.9571520286893667	0.9581427382648432
0.9634713771729455	0.9631642400300882	0.9589736356833146	0.9604676041728749	0.9628843147842683	0.9627695969950595	0.9624641229998706	0.9630090636382147	0.9637477548644849	0.9626396856888219	0.9617323803185056	0.9630168817855896	0.9648055373106287	0.9644841134098115	0.9633132232901124	0.9658485471822187	0.9635973418984997	0.9648236962518043	0.9640041020485474	0.9634615780420226	0.965799755322001	0.9616222849154976	0.9628584085527427	0.963361950585218	0.9657658442959848	0.9609722375632895	0.9643925788497848	0.963426498475201	0.9626899429525085	0.9640727071017037	0.9645519072797765	0.9654350496481645	0.9694568751659787	0.9679284686538897	0.9628968229403874	0.9723208122014485	0.9956734384296747	1.0	0.9640143474774101	0.9634331728823006	0.9657928730204798	0.9634066444457193	0.9645223669078088	0.9653030698335514	0.9642436989011782	0.9637773979278104	0.9654031331182563	0.9617414173967669
