/home/jshaw/scratch/2022_sketched_distance/references/SGB_genome_fastas_part3/5104/BritoIL_2016__M1.64.ST__bin.39.fa	/home/jshaw/scratch/2022_sketched_distance/references/SGB_genome_fastas_part3/5104/BritoIL_2016__W2.17.ST__bin.65.fa	/home/jshaw/scratch/2022_sketched_distance/references/SGB_genome_fastas_part3/5104/BritoIL_2016__W3.22.ST__bin.95.fa	/home/jshaw/scratch/2022_sketched_distance/references/SGB_genome_fastas_part3/5104/CM_madagascar__V40_01_1FE__bin.47.fa	/home/jshaw/scratch/2022_sketched_distance/references/SGB_genome_fastas_part3/5104/CosteaPI_2017__SID713A038-11-90-0__bin.23.fa	/home/jshaw/scratch/2022_sketched_distance/references/SGB_genome_fastas_part3/5104/CosteaPI_2017__SID713A052-11-0-0__bin.70.fa	/home/jshaw/scratch/2022_sketched_distance/references/SGB_genome_fastas_part3/5104/CosteaPI_2017__SID713A053-11-0-0__bin.44.fa	/home/jshaw/scratch/2022_sketched_distance/references/SGB_genome_fastas_part3/5104/CosteaPI_2017__SID713A056-11-0-0__bin.78.fa	/home/jshaw/scratch/2022_sketched_distance/references/SGB_genome_fastas_part3/5104/CosteaPI_2017__SID713A056-11-90-0__bin.25.fa	/home/jshaw/scratch/2022_sketched_distance/references/SGB_genome_fastas_part3/5104/CosteaPI_2017__SID713A057-11-0-0__bin.68.fa	/home/jshaw/scratch/2022_sketched_distance/references/SGB_genome_fastas_part3/5104/CosteaPI_2017__SID713A058-11-90-0__bin.58.fa	/home/jshaw/scratch/2022_sketched_distance/references/SGB_genome_fastas_part3/5104/CosteaPI_2017__SID713B007-11-0-0__bin.9.fa	/home/jshaw/scratch/2022_sketched_distance/references/SGB_genome_fastas_part3/5104/CosteaPI_2017__SID713B014-11-0-0__bin.95.fa	/home/jshaw/scratch/2022_sketched_distance/references/SGB_genome_fastas_part3/5104/CosteaPI_2017__SID713B040-11-0-0__bin.80.fa	/home/jshaw/scratch/2022_sketched_distance/references/SGB_genome_fastas_part3/5104/CosteaPI_2017__SID713B040-11-90-0__bin.57.fa	/home/jshaw/scratch/2022_sketched_distance/references/SGB_genome_fastas_part3/5104/CosteaPI_2017__SID713B042-11-0-0__bin.52.fa	/home/jshaw/scratch/2022_sketched_distance/references/SGB_genome_fastas_part3/5104/CosteaPI_2017__SID713B046-11-0-0__bin.75.fa	/home/jshaw/scratch/2022_sketched_distance/references/SGB_genome_fastas_part3/5104/CosteaPI_2017__SID713B051-11-90-0__bin.49.fa	/home/jshaw/scratch/2022_sketched_distance/references/SGB_genome_fastas_part3/5104/CosteaPI_2017__SID713B072-11-90-0__bin.48.fa	/home/jshaw/scratch/2022_sketched_distance/references/SGB_genome_fastas_part3/5104/CosteaPI_2017__SID713B076-11-0-0__bin.63.fa	/home/jshaw/scratch/2022_sketched_distance/references/SGB_genome_fastas_part3/5104/FengQ_2015__SID31160__bin.2.fa	/home/jshaw/scratch/2022_sketched_distance/references/SGB_genome_fastas_part3/5104/FengQ_2015__SID31276__bin.76.fa	/home/jshaw/scratch/2022_sketched_distance/references/SGB_genome_fastas_part3/5104/FengQ_2015__SID530743__bin.36.fa	/home/jshaw/scratch/2022_sketched_distance/references/SGB_genome_fastas_part3/5104/KarlssonFH_2013__S187__bin.51.fa	/home/jshaw/scratch/2022_sketched_distance/references/SGB_genome_fastas_part3/5104/LeChatelierE_2013__MH0031__bin.15.fa	/home/jshaw/scratch/2022_sketched_distance/references/SGB_genome_fastas_part3/5104/LeChatelierE_2013__MH0077__bin.16.fa	/home/jshaw/scratch/2022_sketched_distance/references/SGB_genome_fastas_part3/5104/LeChatelierE_2013__MH0130__bin.21.fa	/home/jshaw/scratch/2022_sketched_distance/references/SGB_genome_fastas_part3/5104/LeChatelierE_2013__MH0257__bin.45.fa	/home/jshaw/scratch/2022_sketched_distance/references/SGB_genome_fastas_part3/5104/LeChatelierE_2013__MH0421__bin.46.fa	/home/jshaw/scratch/2022_sketched_distance/references/SGB_genome_fastas_part3/5104/NielsenHB_2014__MH0031__bin.2.fa	/home/jshaw/scratch/2022_sketched_distance/references/SGB_genome_fastas_part3/5104/NielsenHB_2014__MH0077__bin.4.fa	/home/jshaw/scratch/2022_sketched_distance/references/SGB_genome_fastas_part3/5104/NielsenHB_2014__MH0130__bin.16.fa	/home/jshaw/scratch/2022_sketched_distance/references/SGB_genome_fastas_part3/5104/NielsenHB_2014__V1_CD34_0__bin.26.fa	/home/jshaw/scratch/2022_sketched_distance/references/SGB_genome_fastas_part3/5104/XieH_2016__YSZC12003_36049__bin.31.fa	/home/jshaw/scratch/2022_sketched_distance/references/SGB_genome_fastas_part3/5104/XieH_2016__YSZC12003_37331__bin.23.fa	/home/jshaw/scratch/2022_sketched_distance/references/SGB_genome_fastas_part3/5104/ZeeviD_2015__PNP_Main_287__bin.26.fa	/home/jshaw/scratch/2022_sketched_distance/references/SGB_genome_fastas_part3/5104/ZeeviD_2015__PNP_Main_415__bin.31.fa	/home/jshaw/scratch/2022_sketched_distance/references/SGB_genome_fastas_part3/5104/ZeeviD_2015__PNP_Main_455__bin.62.fa	/home/jshaw/scratch/2022_sketched_distance/references/SGB_genome_fastas_part3/5104/ZeeviD_2015__PNP_Main_73__bin.33.fa	/home/jshaw/scratch/2022_sketched_distance/references/SGB_genome_fastas_part3/5104/ZellerG_2014__CCIS31434951ST-20-0__bin.2.fa	/home/jshaw/scratch/2022_sketched_distance/references/SGB_genome_fastas_part3/5104/ZellerG_2014__CCIS48725289ST-4-0__bin.22.fa
1.0	0.9833630662911275	0.9874220140031247	0.9777433798427048	0.9860190088852077	0.9865351773295733	0.9886548463320166	0.9861471397853548	0.9885195206611896	0.9874846458899537	0.9892542374071128	0.9798506019074588	0.9861225557063228	0.9862703987911362	0.9881046491663031	0.9882444696711771	0.9883308380167684	0.9871208021311607	0.9878343783529039	0.9897090253753801	0.9872635308629469	0.9890456095845505	0.9832405223418645	0.9756395100114758	0.9880318602213678	0.989220779580187	0.9883566944345378	0.9867427650567143	0.9891231960975538	0.9750216060549516	0.9873225039462565	0.9893493137746099	0.9885686512352011	0.9886354374135676	0.9879179127506178	0.988513026179553	0.9823035768588337	0.9895037839637895	0.9893400085066708	0.9888839728231108	0.9838072699835622
0.9833630662911275	1.0	0.9917822497089491	0.9741138348490851	0.9813683551084823	0.9815191893383652	0.9825682640366636	0.9817665444675227	0.9814024051683131	0.9821465395093549	0.9816981598925355	0.9773234097668219	0.9815382274917374	0.9815100377814561	0.9810388818027969	0.9813410175388062	0.9826963188653467	0.9820801292453963	0.9808728991918994	0.9831910805657585	0.9802217608710692	0.9817542630260162	0.9791332886571669	0.9743625483489642	0.9822444974888066	0.9817271289148233	0.9807454984615692	0.9817232559484255	0.9813828950154247	0.9702723408152513	0.9811414068032109	0.981963754923168	0.9812377551539506	0.9822297010810233	0.9814817188166622	0.9814690842287715	0.9768999272484938	0.9814625380510904	0.9829539413300413	0.9821761107865764	0.9790639809787182
0.9874220140031247	0.9917822497089491	1.0	0.9770616808854606	0.9849940608839481	0.985446439950564	0.98632927553284	0.9842952609879093	0.9856233107670198	0.9859104049840604	0.9863183537588757	0.979534722300419	0.9845896597900637	0.9845968544456715	0.9852386488722339	0.9852305206518902	0.9863427314473364	0.9860837530214407	0.9853804600938256	0.9870558659495313	0.9843931367378107	0.9858276783029494	0.9825407772671144	0.9750388521104926	0.9860874184982061	0.9858463909404607	0.9849589299657775	0.9847229365768411	0.9856756513428822	0.9736406233163636	0.9847397714169325	0.9862693949650803	0.9857534552213505	0.9868430876918607	0.9855110451774775	0.9857506630855326	0.9815897148090433	0.9856685341295663	0.9862567448902658	0.9862353739305617	0.9810384328152424
0.9777433798427048	0.9741138348490851	0.9770616808854606	1.0	0.977161217721067	0.9778322135454497	0.9783465746505947	0.9767311811731328	0.9778256488567206	0.9779394985653517	0.9780150689226741	0.9726020808333476	0.977276063515326	0.9759284342373773	0.9782790535346236	0.9771555718422431	0.9783780965267874	0.9778820993008891	0.9775214569203012	0.9788306954097118	0.9780798384759315	0.978623292706143	0.9747808611290071	0.9678944010569384	0.9783373986726159	0.9777449654194775	0.9771752768052518	0.9771637584281955	0.9790372768367983	0.9665808669571984	0.9769926014462446	0.9785300785337167	0.97775347514055	0.9783597802233981	0.9791799837749833	0.9787280379765719	0.9813632313838699	0.9781066262961448	0.978335678119628	0.9795360078527	0.9737256853957141
0.9860190088852077	0.9813683551084823	0.9849940608839481	0.977161217721067	1.0	0.9864941019992264	0.9879081079984459	0.9840234315980007	0.9849466645714099	0.9880749548749544	0.9873031044542231	0.9813906807904997	0.9869201183053478	0.9862179894797105	0.9870884219481605	0.986211193697171	0.9855866515416364	0.9872559562574863	0.9846449521180701	0.9876900612466802	0.9841240698305557	0.9863938333876424	0.984635308649934	0.980284155616315	0.9869023114346858	0.9872950201032274	0.9856803847863743	0.9869246806988655	0.9877475418060383	0.9739826283476816	0.9862154191847046	0.9873654025567954	0.9895289323861052	0.9911270073275822	0.9895931843615634	0.9876596611626269	0.9807570336753701	0.986667226605295	0.9863796134903225	0.9880774935195921	0.9849855192808558
0.9865351773295733	0.9815191893383652	0.985446439950564	0.9778322135454497	0.9864941019992264	1.0	0.9906293122921868	0.9862290936243225	0.9868210890435513	0.9896047294151878	0.9902638439373608	0.9809505145368048	0.9860518508057114	0.9864462310473356	0.9918803539504716	0.9895753885144	0.98699300617351	0.9912260319311208	0.9862752812993685	0.9883679865186829	0.9845870752044645	0.9870482484920473	0.9846317128277919	0.9780821082408357	0.9879091166180212	0.9888723813202023	0.9857082862920363	0.9877461500066519	0.9891866128150997	0.9760275716680935	0.9881702855058038	0.9869287430122547	0.9875248209841267	0.9878398175801659	0.987638239419649	0.9892563142409752	0.9812092841311979	0.9880111987605174	0.9871499935369794	0.993120944620546	0.9847781395913335
0.9886548463320166	0.9825682640366636	0.98632927553284	0.9783465746505947	0.9879081079984459	0.9906293122921868	1.0	0.986998732381079	0.9882670344846456	0.9917610457063502	0.9923491857104052	0.9827781428367782	0.9882381823491944	0.9892238505359483	0.9921696928159796	0.9917657465029651	0.9884881861450145	0.990954667167691	0.9879455787116063	0.9904204001333381	0.9863311194467416	0.9890843865347128	0.9865176343303581	0.9788884893364531	0.9900293048870135	0.9901738923974648	0.9883892292797654	0.9889822865929961	0.9909070835757827	0.9774625631417543	0.9893245924134986	0.9898791546035987	0.9894721661599717	0.9896615097287775	0.9897082383321062	0.9911122157579326	0.9823210018154809	0.9905687412968648	0.988998233105713	0.9928796796443902	0.9864170922618768
0.9861471397853548	0.9817665444675227	0.9842952609879093	0.9767311811731328	0.9840234315980007	0.9862290936243225	0.986998732381079	1.0	0.9938058970328099	0.986461527811425	0.9865523810885334	0.9811035049091154	0.985681562822114	0.9861409036507071	0.9853457367158039	0.985915099181001	0.9870384595889462	0.9869546988438317	0.9859483889420971	0.9874058911304749	0.9842340569663426	0.986579473737374	0.9833377133066427	0.9762937935563549	0.9870056455892898	0.9862558326010206	0.9856258638143787	0.9859919586810584	0.9860580589948	0.9751920171049872	0.9855698889947744	0.9869523601670724	0.985249716904502	0.9855592348407043	0.9845690380681112	0.9856017600692719	0.9796269288678955	0.9864875379635442	0.9863921986305535	0.9870809096541747	0.9827700261441018
0.9885195206611896	0.9814024051683131	0.9856233107670198	0.9778256488567206	0.9849466645714099	0.9868210890435513	0.9882670344846456	0.9938058970328099	1.0	0.9873662494118173	0.9890647502522187	0.980060094478201	0.9861555703398865	0.9865885415843688	0.9876747693719236	0.9880691418361087	0.9885941311738589	0.9877172060201092	0.988075775866912	0.9892035861072648	0.9866427924658953	0.9888448824530685	0.9827594689591032	0.9749209160045087	0.9884034313532382	0.9887932938919585	0.9882265137108939	0.9860977194385926	0.9882538190353485	0.9764670893999362	0.9866719190858543	0.989071032247693	0.9875426394606852	0.9877628886568244	0.9871406526296664	0.988428309661359	0.9822179877136067	0.9887049954317733	0.9885931692879201	0.98856714837149	0.9822375007757729
0.9874846458899537	0.9821465395093549	0.9859104049840604	0.9779394985653517	0.9880749548749544	0.9896047294151878	0.9917610457063502	0.986461527811425	0.9873662494118173	1.0	0.9951329422466202	0.9815274760700133	0.9874684145083119	0.9881882821836296	0.9912631281706756	0.9893727800095147	0.9871534906829356	0.9904251687199389	0.9863860695725887	0.9890094406132367	0.9853544154998162	0.9877541040241787	0.9857965272495778	0.9792796869506376	0.9889148182062103	0.9899790297694089	0.9868633934363478	0.9885717664461063	0.9899479851258958	0.9766196697036966	0.9886186339130587	0.9885051357413221	0.9883100905747197	0.9886420506822857	0.98929958945167	0.9903019205595738	0.9813188376191955	0.9892956494362106	0.988269993775993	0.9920000125591888	0.9865399258026996
0.9892542374071128	0.9816981598925355	0.9863183537588757	0.9780150689226741	0.9873031044542231	0.9902638439373608	0.9923491857104052	0.9865523810885334	0.9890647502522187	0.9951329422466202	1.0	0.9807215772452047	0.9870751308142888	0.9877827009461166	0.9930230754741938	0.9917010667863336	0.9884969143310283	0.9905768574093208	0.9882767547676736	0.9903729585838615	0.987016842731094	0.9893881266252477	0.9849217236923653	0.9773233383744266	0.9890334133548907	0.9914797053435614	0.9889941515329863	0.9880810636285481	0.9912073096342021	0.9770637344432654	0.9893822035934262	0.9898654579206939	0.9898060959076371	0.9903145632330752	0.990080590118507	0.9921777140015638	0.9825495350675485	0.9905442544502439	0.9894144491473202	0.992448502409496	0.9856589446250037
0.9798506019074588	0.9773234097668219	0.979534722300419	0.9726020808333476	0.9813906807904997	0.9809505145368048	0.9827781428367782	0.9811035049091154	0.980060094478201	0.9815274760700133	0.9807215772452047	1.0	0.9823612342786948	0.9808104407687581	0.980414085505625	0.98076215025207	0.9802800608017612	0.9820313679032522	0.9792144349142908	0.9824050520497318	0.978081327816682	0.9806774887583763	0.9802387454382819	0.9744627263880875	0.9823631442387881	0.9806847742459093	0.9791316646921107	0.98238622179539	0.9810418479133373	0.9698988472585178	0.9808210442932486	0.9805302956711722	0.980072915875718	0.980922584881007	0.9810695435486712	0.9804354859193941	0.9755005031969581	0.9812903232834037	0.9804295987826269	0.9817738266869734	0.9792732079441047
0.9861225557063228	0.9815382274917374	0.9845896597900637	0.977276063515326	0.9869201183053478	0.9860518508057114	0.9882381823491944	0.985681562822114	0.9861555703398865	0.9874684145083119	0.9870751308142888	0.9823612342786948	1.0	0.985695253812081	0.9862617230615858	0.9863276425987345	0.9867659667775566	0.9871267271264488	0.9856039954647577	0.9886816877917222	0.9847214410245335	0.9866053896520209	0.9844029920014962	0.9773718925414924	0.9882733455387984	0.9867089249543116	0.9851227849355373	0.9871004848113457	0.9867604288774727	0.9747390038659287	0.9861348320595745	0.9867165998355496	0.9866169640531187	0.9867535256439434	0.9865341607310902	0.9863802307001022	0.981418722402582	0.9875383818332264	0.9862058084787994	0.9873802961948263	0.9836413782244169
0.9862703987911362	0.9815100377814561	0.9845968544456715	0.9759284342373773	0.9862179894797105	0.9864462310473356	0.9892238505359483	0.9861409036507071	0.9865885415843688	0.9881882821836296	0.9877827009461166	0.9808104407687581	0.985695253812081	1.0	0.9873849831271502	0.986840071110062	0.9864244771144199	0.9879858675202736	0.9849982600687262	0.9878725749763421	0.9840843044884126	0.986597975641253	0.9844354862250665	0.9791124194618949	0.9875295854716182	0.9872692804558564	0.986537391503845	0.987093480978708	0.9876417972162103	0.9748038397378471	0.9866772812207685	0.9879368858753078	0.9865504369245168	0.9867462982601105	0.9865663037892217	0.987243232299184	0.9794744719406584	0.987270691311788	0.9879518466114897	0.9882634950832907	0.9848600045449741
0.9881046491663031	0.9810388818027969	0.9852386488722339	0.9782790535346236	0.9870884219481605	0.9918803539504716	0.9921696928159796	0.9853457367158039	0.9876747693719236	0.9912631281706756	0.9930230754741938	0.980414085505625	0.9862617230615858	0.9873849831271502	1.0	0.9922649514237343	0.9876301550781429	0.9915633621528579	0.9873838911487874	0.989195341052466	0.9866217062915261	0.9883976258594294	0.9837088395697451	0.9763961527775951	0.9881895096880066	0.9910344149245601	0.9876670597205461	0.9868027243344663	0.9912281322831478	0.976340934085498	0.9892434043022754	0.9887600342273466	0.9891591731390345	0.9893387713761574	0.9890588935742943	0.9919217803597785	0.9822779248501483	0.9898143200867353	0.9885444861100694	0.9957968745752174	0.9849762065014358
0.9882444696711771	0.9813410175388062	0.9852305206518902	0.9771555718422431	0.986211193697171	0.9895753885144	0.9917657465029651	0.985915099181001	0.9880691418361087	0.9893727800095147	0.9917010667863336	0.98076215025207	0.9863276425987345	0.986840071110062	0.9922649514237343	1.0	0.9877078835413642	0.9889388415687932	0.987135275399039	0.9897046014383661	0.9858688793134988	0.9885392285671093	0.9840434909697285	0.9759617255588705	0.9886576177436556	0.9904464439853707	0.987644961153974	0.9867158980334368	0.9901750988986238	0.9769234630414764	0.9887390128435095	0.9886018520506792	0.9888637767754473	0.9891652812280568	0.9891494868245502	0.9906065520543315	0.9822614368481494	0.9892446254075531	0.9878748933859116	0.9917619270233542	0.9841274998448719
0.9883308380167684	0.9826963188653467	0.9863427314473364	0.9783780965267874	0.9855866515416364	0.98699300617351	0.9884881861450145	0.9870384595889462	0.9885941311738589	0.9871534906829356	0.9884969143310283	0.9802800608017612	0.9867659667775566	0.9864244771144199	0.9876301550781429	0.9877078835413642	1.0	0.9875731090392585	0.9937162343495184	0.988984108827621	0.9865694286980474	0.9884247006548659	0.9831846933692883	0.9755393090498166	0.9879066354435414	0.988149321267831	0.9884614124863199	0.9861779128467347	0.9887461525652971	0.9751745958390636	0.9864950165496933	0.9898686041119117	0.9880144134342943	0.9875109782543107	0.9874921398709193	0.9884387746051678	0.9819439410966362	0.9887230656969567	0.9898346412848675	0.9891763169227545	0.9830119115093827
0.9871208021311607	0.9820801292453963	0.9860837530214407	0.9778820993008891	0.9872559562574863	0.9912260319311208	0.990954667167691	0.9869546988438317	0.9877172060201092	0.9904251687199389	0.9905768574093208	0.9820313679032522	0.9871267271264488	0.9879858675202736	0.9915633621528579	0.9889388415687932	0.9875731090392585	1.0	0.9869860706879244	0.9887254850326007	0.9855478092305754	0.9872365484703238	0.9846703421150861	0.9787805137039806	0.9884753465188374	0.9892453405188942	0.9864592739158092	0.9880716023255828	0.989268719398917	0.9760257118027547	0.9886082540661902	0.9878066225831911	0.9876546714252671	0.9882411812390929	0.987948957577789	0.9894239119580212	0.9810966896961199	0.9882978128614057	0.987634054254415	0.9932244180397944	0.98457108172663
0.9878343783529039	0.9808728991918994	0.9853804600938256	0.9775214569203012	0.9846449521180701	0.9862752812993685	0.9879455787116063	0.9859483889420971	0.988075775866912	0.9863860695725887	0.9882767547676736	0.9792144349142908	0.9856039954647577	0.9849982600687262	0.9873838911487874	0.987135275399039	0.9937162343495184	0.9869860706879244	1.0	0.9884386097763515	0.9867531691299619	0.9875865849098524	0.982762305804998	0.9740752245491514	0.987534633024534	0.9879271821836528	0.9881130848166004	0.9850207201001421	0.9880284070224039	0.9752073150236444	0.9860976996215264	0.9890826047859255	0.9874362005331399	0.9874362005331399	0.9866886463232014	0.988086202628988	0.9818023467356477	0.9880166417993276	0.9886407124114017	0.9883856031182028	0.9817309174415962
0.9897090253753801	0.9831910805657585	0.9870558659495313	0.9788306954097118	0.9876900612466802	0.9883679865186829	0.9904204001333381	0.9874058911304749	0.9892035861072648	0.9890094406132367	0.9903729585838615	0.9824050520497318	0.9886816877917222	0.9878725749763421	0.989195341052466	0.9897046014383661	0.988984108827621	0.9887254850326007	0.9884386097763515	1.0	0.987370240879259	0.990008633004382	0.9860410134623175	0.9776533301918156	0.9904138355681659	0.9900008259502973	0.9882481185205526	0.9880642116566272	0.9900065518878305	0.9776508678693877	0.9884261134125222	0.9893917441481702	0.9893368694885291	0.9895523615485924	0.9892899585977651	0.9898567816583432	0.9836606055438869	0.9900789876912683	0.9895303851121512	0.9901413537661757	0.9849908093194525
0.9872635308629469	0.9802217608710692	0.9843931367378107	0.9780798384759315	0.9841240698305557	0.9845870752044645	0.9863311194467416	0.9842340569663426	0.9866427924658953	0.9853544154998162	0.987016842731094	0.978081327816682	0.9847214410245335	0.9840843044884126	0.9866217062915261	0.9858688793134988	0.9865694286980474	0.9855478092305754	0.9867531691299619	0.987370240879259	1.0	0.9870827670628776	0.980930257972301	0.9740625092158959	0.986240897506881	0.9866416436764164	0.9871097625137139	0.9838525698749241	0.9869998276271074	0.9744690614690508	0.9850098412112784	0.9879328026407284	0.9861583062519385	0.9864200223916159	0.9860028079395791	0.9869056331133439	0.9818479916358601	0.9866568768590435	0.9872939779003697	0.9868930736946576	0.9812217448620332
0.9890456095845505	0.9817542630260162	0.9858276783029494	0.978623292706143	0.9863938333876424	0.9870482484920473	0.9890843865347128	0.986579473737374	0.9888448824530685	0.9877541040241787	0.9893881266252477	0.9806774887583763	0.9866053896520209	0.986597975641253	0.9883976258594294	0.9885392285671093	0.9884247006548659	0.9872365484703238	0.9875865849098524	0.990008633004382	0.9870827670628776	1.0	0.9840096547739864	0.9763625177917717	0.9885723749822086	0.9896195151200763	0.9886044620791804	0.9869096052668962	0.9900907189020792	0.9765897204837971	0.987538467651054	0.9898539503926674	0.989605901198193	0.9892391284067052	0.9891918672019112	0.9902476492322643	0.9832433367026846	0.9901723440074529	0.9897268935913155	0.989085332437502	0.9844888993367945
0.9832405223418645	0.9791332886571669	0.9825407772671144	0.9747808611290071	0.984635308649934	0.9846317128277919	0.9865176343303581	0.9833377133066427	0.9827594689591032	0.9857965272495778	0.9849217236923653	0.9802387454382819	0.9844029920014962	0.9844354862250665	0.9837088395697451	0.9840434909697285	0.9831846933692883	0.9846703421150861	0.982762305804998	0.9860410134623175	0.980930257972301	0.9840096547739864	1.0	0.976482952748639	0.9892640070603428	0.9839649600598038	0.9827991462922863	0.9859558537747327	0.9844977388180071	0.9773041889294286	0.9835168497677381	0.9842877223747744	0.9840551301964546	0.9848198311477381	0.9845631540368609	0.9843025052107435	0.9775225360608903	0.9848728595287806	0.9837897534361828	0.9853280077436748	0.9820172727287095
0.9756395100114758	0.9743625483489642	0.9750388521104926	0.9678944010569384	0.980284155616315	0.9780821082408357	0.9788884893364531	0.9762937935563549	0.9749209160045087	0.9792796869506376	0.9773233383744266	0.9744627263880875	0.9773718925414924	0.9791124194618949	0.9763961527775951	0.9759617255588705	0.9755393090498166	0.9787805137039806	0.9740752245491514	0.9776533301918156	0.9740625092158959	0.9763625177917717	0.976482952748639	1.0	0.9776963866428672	0.9775181541174867	0.9754647094157832	0.9790519330031696	0.9775597046254318	0.966009576940347	0.9780153154864043	0.977130409625372	0.9801968906872266	0.9805127061386459	0.9814471576794941	0.9775956273104185	0.9703548021260135	0.9767336027962743	0.976893263073288	0.9785433525828753	0.9775277526931617
0.9880318602213678	0.9822444974888066	0.9860874184982061	0.9783373986726159	0.9869023114346858	0.9879091166180212	0.9900293048870135	0.9870056455892898	0.9884034313532382	0.9889148182062103	0.9890334133548907	0.9823631442387881	0.9882733455387984	0.9875295854716182	0.9881895096880066	0.9886576177436556	0.9879066354435414	0.9884753465188374	0.987534633024534	0.9904138355681659	0.986240897506881	0.9885723749822086	0.9892640070603428	0.9776963866428672	1.0	0.9888434697535996	0.9873518494815173	0.9882785315304236	0.9887737439194103	0.9850070576879248	0.9882228977013474	0.9889138413275145	0.9885960040994589	0.9889156706325173	0.9883999790931863	0.9890192429896977	0.981874770364483	0.9897445246309187	0.9886101602906502	0.9893194449606741	0.984621522207436
0.989220779580187	0.9817271289148233	0.9858463909404607	0.9777449654194775	0.9872950201032274	0.9888723813202023	0.9901738923974648	0.9862558326010206	0.9887932938919585	0.9899790297694089	0.9914797053435614	0.9806847742459093	0.9867089249543116	0.9872692804558564	0.9910344149245601	0.9904464439853707	0.988149321267831	0.9892453405188942	0.9879271821836528	0.9900008259502973	0.9866416436764164	0.9896195151200763	0.9839649600598038	0.9775181541174867	0.9888434697535996	1.0	0.9889469460137725	0.9878041374437099	0.9930321037894045	0.976726126028395	0.9953513731110765	0.9899088951270079	0.9906350045391452	0.9900396161301762	0.9903315512957827	0.9935199336326722	0.9821627394695368	0.9900733631924349	0.9897002840822486	0.9913883012548707	0.9858936120090593
0.9883566944345378	0.9807454984615692	0.9849589299657775	0.9771752768052518	0.9856803847863743	0.9857082862920363	0.9883892292797654	0.9856258638143787	0.9882265137108939	0.9868633934363478	0.9889941515329863	0.9791316646921107	0.9851227849355373	0.986537391503845	0.9876670597205461	0.987644961153974	0.9884614124863199	0.9864592739158092	0.9881130848166004	0.9882481185205526	0.9871097625137139	0.9886044620791804	0.9827991462922863	0.9754647094157832	0.9873518494815173	0.9889469460137725	1.0	0.9862272365903654	0.9890527803648514	0.9753866263943155	0.9870784229137902	0.9977009830193462	0.9882510151247463	0.9885782046758838	0.9887154110790655	0.9886031378589757	0.98138522670432	0.9877307488851849	0.9898183045099983	0.988087992676563	0.9831969771985759
0.9867427650567143	0.9817232559484255	0.9847229365768411	0.9771637584281955	0.9869246806988655	0.9877461500066519	0.9889822865929961	0.9859919586810584	0.9860977194385926	0.9885717664461063	0.9880810636285481	0.98238622179539	0.9871004848113457	0.987093480978708	0.9868027243344663	0.9867158980334368	0.9861779128467347	0.9880716023255828	0.9850207201001421	0.9880642116566272	0.9838525698749241	0.9869096052668962	0.9859558537747327	0.9790519330031696	0.9882785315304236	0.9878041374437099	0.9862272365903654	1.0	0.9876523545382493	0.9753529162575973	0.9871341230896246	0.9878765617250992	0.9870520252622346	0.9873683083236897	0.987624743174961	0.9873386940169845	0.9803477347167024	0.9899635604433246	0.9871705768184003	0.9881307300383294	0.9846256116804947
0.9891231960975538	0.9813828950154247	0.9856756513428822	0.9790372768367983	0.9877475418060383	0.9891866128150997	0.9909070835757827	0.9860580589948	0.9882538190353485	0.9899479851258958	0.9912073096342021	0.9810418479133373	0.9867604288774727	0.9876417972162103	0.9912281322831478	0.9901750988986238	0.9887461525652971	0.989268719398917	0.9880284070224039	0.9900065518878305	0.9869998276271074	0.9900907189020792	0.9844977388180071	0.9775597046254318	0.9887737439194103	0.9930321037894045	0.9890527803648514	0.9876523545382493	1.0	0.9762974714160556	0.990615168887325	0.9904120490793085	0.9916136281536522	0.990195608321344	0.9914566472162317	0.9937471623476645	0.9826640967422536	0.9900660002810245	0.9900239758857645	0.9919348986461676	0.9866527000707007
0.9750216060549516	0.9702723408152513	0.9736406233163636	0.9665808669571984	0.9739826283476816	0.9760275716680935	0.9774625631417543	0.9751920171049872	0.9764670893999362	0.9766196697036966	0.9770637344432654	0.9698988472585178	0.9747390038659287	0.9748038397378471	0.976340934085498	0.9769234630414764	0.9751745958390636	0.9760257118027547	0.9752073150236444	0.9776508678693877	0.9744690614690508	0.9765897204837971	0.9773041889294286	0.966009576940347	0.9850070576879248	0.976726126028395	0.9753866263943155	0.9753529162575973	0.9762974714160556	1.0	0.9765252858306237	0.97648332868911	0.9761934027808596	0.9777459361312749	0.9763860399224821	0.9772628634970976	0.9693612953461537	0.9772878495639983	0.975752397713673	0.9763893164676963	0.973020826744495
0.9873225039462565	0.9811414068032109	0.9847397714169325	0.9769926014462446	0.9862154191847046	0.9881702855058038	0.9893245924134986	0.9855698889947744	0.9866719190858543	0.9886186339130587	0.9893822035934262	0.9808210442932486	0.9861348320595745	0.9866772812207685	0.9892434043022754	0.9887390128435095	0.9864950165496933	0.9886082540661902	0.9860976996215264	0.9884261134125222	0.9850098412112784	0.987538467651054	0.9835168497677381	0.9780153154864043	0.9882228977013474	0.9953513731110765	0.9870784229137902	0.9871341230896246	0.990615168887325	0.9765252858306237	1.0	0.9881779935423897	0.9884098461214395	0.9884461613580651	0.9887070991603016	0.9910860959993675	0.9809531835984685	0.9882114375516248	0.9879870149534563	0.989890513789649	0.9857980934184124
0.9893493137746099	0.981963754923168	0.9862693949650803	0.9785300785337167	0.9873654025567954	0.9869287430122547	0.9898791546035987	0.9869523601670724	0.989071032247693	0.9885051357413221	0.9898654579206939	0.9805302956711722	0.9867165998355496	0.9879368858753078	0.9887600342273466	0.9886018520506792	0.9898686041119117	0.9878066225831911	0.9890826047859255	0.9893917441481702	0.9879328026407284	0.9898539503926674	0.9842877223747744	0.977130409625372	0.9889138413275145	0.9899088951270079	0.9977009830193462	0.9878765617250992	0.9904120490793085	0.97648332868911	0.9881779935423897	1.0	0.9897362772172009	0.9897362772172009	0.9898167241072722	0.98989234164747	0.9823371165929277	0.9891042686210645	0.9911527473332301	0.9896151350371252	0.9850405774039636
0.9885686512352011	0.9812377551539506	0.9857534552213505	0.97775347514055	0.9895289323861052	0.9875248209841267	0.9894721661599717	0.985249716904502	0.9875426394606852	0.9883100905747197	0.9898060959076371	0.980072915875718	0.9866169640531187	0.9865504369245168	0.9891591731390345	0.9888637767754473	0.9880144134342943	0.9876546714252671	0.9874362005331399	0.9893368694885291	0.9861583062519385	0.989605901198193	0.9840551301964546	0.9801968906872266	0.9885960040994589	0.9906350045391452	0.9882510151247463	0.9870520252622346	0.9916136281536522	0.9761934027808596	0.9884098461214395	0.9897362772172009	1.0	0.9933554309295886	0.9939590798070728	0.9911686209369416	0.9821411485137562	0.9898467814404849	0.9887956660033735	0.9902818659550938	0.9856388060083281
0.9886354374135676	0.9822297010810233	0.9868430876918607	0.9783597802233981	0.9911270073275822	0.9878398175801659	0.9896615097287775	0.9855592348407043	0.9877628886568244	0.9886420506822857	0.9903145632330752	0.980922584881007	0.9867535256439434	0.9867462982601105	0.9893387713761574	0.9891652812280568	0.9875109782543107	0.9882411812390929	0.9874362005331399	0.9895523615485924	0.9864200223916159	0.9892391284067052	0.9848198311477381	0.9805127061386459	0.9889156706325173	0.9900396161301762	0.9885782046758838	0.9873683083236897	0.990195608321344	0.9777459361312749	0.9884461613580651	0.9897362772172009	0.9933554309295886	1.0	0.9929004702080816	0.9909548778904238	0.9830445807502408	0.9890869788428315	0.9882892212893514	0.989759829114076	0.9855951627670684
0.9879179127506178	0.9814817188166622	0.9855110451774775	0.9791799837749833	0.9895931843615634	0.987638239419649	0.9897082383321062	0.9845690380681112	0.9871406526296664	0.98929958945167	0.990080590118507	0.9810695435486712	0.9865341607310902	0.9865663037892217	0.9890588935742943	0.9891494868245502	0.9874921398709193	0.987948957577789	0.9866886463232014	0.9892899585977651	0.9860028079395791	0.9891918672019112	0.9845631540368609	0.9814471576794941	0.9883999790931863	0.9903315512957827	0.9887154110790655	0.987624743174961	0.9914566472162317	0.9763860399224821	0.9887070991603016	0.9898167241072722	0.9939590798070728	0.9929004702080816	1.0	0.991023394758092	0.9828430041800431	0.9892023705196534	0.9884783031811448	0.9902387901067005	0.9857219509528787
0.988513026179553	0.9814690842287715	0.9857506630855326	0.9787280379765719	0.9876596611626269	0.9892563142409752	0.9911122157579326	0.9856017600692719	0.988428309661359	0.9903019205595738	0.9921777140015638	0.9804354859193941	0.9863802307001022	0.987243232299184	0.9919217803597785	0.9906065520543315	0.9884387746051678	0.9894239119580212	0.988086202628988	0.9898567816583432	0.9869056331133439	0.9902476492322643	0.9843025052107435	0.9775956273104185	0.9890192429896977	0.9935199336326722	0.9886031378589757	0.9873386940169845	0.9937471623476645	0.9772628634970976	0.9910860959993675	0.98989234164747	0.9911686209369416	0.9909548778904238	0.991023394758092	1.0	0.9828860693718816	0.9907609667637276	0.989716472109228	0.9920664691867479	0.9866180597950186
0.9823035768588337	0.9768999272484938	0.9815897148090433	0.9813632313838699	0.9807570336753701	0.9812092841311979	0.9823210018154809	0.9796269288678955	0.9822179877136067	0.9813188376191955	0.9825495350675485	0.9755005031969581	0.981418722402582	0.9794744719406584	0.9822779248501483	0.9822614368481494	0.9819439410966362	0.9810966896961199	0.9818023467356477	0.9836606055438869	0.9818479916358601	0.9832433367026846	0.9775225360608903	0.9703548021260135	0.981874770364483	0.9821627394695368	0.98138522670432	0.9803477347167024	0.9826640967422536	0.9693612953461537	0.9809531835984685	0.9823371165929277	0.9821411485137562	0.9830445807502408	0.9828430041800431	0.9828860693718816	1.0	0.982623724796077	0.9821126825256712	0.982870609018395	0.977290918432584
0.9895037839637895	0.9814625380510904	0.9856685341295663	0.9781066262961448	0.986667226605295	0.9880111987605174	0.9905687412968648	0.9864875379635442	0.9887049954317733	0.9892956494362106	0.9905442544502439	0.9812903232834037	0.9875383818332264	0.987270691311788	0.9898143200867353	0.9892446254075531	0.9887230656969567	0.9882978128614057	0.9880166417993276	0.9900789876912683	0.9866568768590435	0.9901723440074529	0.9848728595287806	0.9767336027962743	0.9897445246309187	0.9900733631924349	0.9877307488851849	0.9899635604433246	0.9900660002810245	0.9772878495639983	0.9882114375516248	0.9891042686210645	0.9898467814404849	0.9890869788428315	0.9892023705196534	0.9907609667637276	0.982623724796077	1.0	0.9894880740285049	0.990509247736205	0.9842571374511823
0.9893400085066708	0.9829539413300413	0.9862567448902658	0.978335678119628	0.9863796134903225	0.9871499935369794	0.988998233105713	0.9863921986305535	0.9885931692879201	0.988269993775993	0.9894144491473202	0.9804295987826269	0.9862058084787994	0.9879518466114897	0.9885444861100694	0.9878748933859116	0.9898346412848675	0.987634054254415	0.9886407124114017	0.9895303851121512	0.9872939779003697	0.9897268935913155	0.9837897534361828	0.976893263073288	0.9886101602906502	0.9897002840822486	0.9898183045099983	0.9871705768184003	0.9900239758857645	0.975752397713673	0.9879870149534563	0.9911527473332301	0.9887956660033735	0.9882892212893514	0.9884783031811448	0.989716472109228	0.9821126825256712	0.9894880740285049	1.0	0.9894645122520008	0.984220264248446
0.9888839728231108	0.9821761107865764	0.9862353739305617	0.9795360078527	0.9880774935195921	0.993120944620546	0.9928796796443902	0.9870809096541747	0.98856714837149	0.9920000125591888	0.992448502409496	0.9817738266869734	0.9873802961948263	0.9882634950832907	0.9957968745752174	0.9917619270233542	0.9891763169227545	0.9932244180397944	0.9883856031182028	0.9901413537661757	0.9868930736946576	0.989085332437502	0.9853280077436748	0.9785433525828753	0.9893194449606741	0.9913883012548707	0.988087992676563	0.9881307300383294	0.9919348986461676	0.9763893164676963	0.989890513789649	0.9896151350371252	0.9902818659550938	0.989759829114076	0.9902387901067005	0.9920664691867479	0.982870609018395	0.990509247736205	0.9894645122520008	1.0	0.9858143160694983
0.9838072699835622	0.9790639809787182	0.9810384328152424	0.9737256853957141	0.9849855192808558	0.9847781395913335	0.9864170922618768	0.9827700261441018	0.9822375007757729	0.9865399258026996	0.9856589446250037	0.9792732079441047	0.9836413782244169	0.9848600045449741	0.9849762065014358	0.9841274998448719	0.9830119115093827	0.98457108172663	0.9817309174415962	0.9849908093194525	0.9812217448620332	0.9844888993367945	0.9820172727287095	0.9775277526931617	0.984621522207436	0.9858936120090593	0.9831969771985759	0.9846256116804947	0.9866527000707007	0.973020826744495	0.9857980934184124	0.9850405774039636	0.9856388060083281	0.9855951627670684	0.9857219509528787	0.9866180597950186	0.977290918432584	0.9842571374511823	0.984220264248446	0.9858143160694983	1.0
