/home/jshaw/scratch/2022_sketched_distance/references/SGB_genome_fastas_part4/9290/ChengpingW_2017__AS101raw__bin.19.fa	/home/jshaw/scratch/2022_sketched_distance/references/SGB_genome_fastas_part4/9290/ChengpingW_2017__AS131raw__bin.34.fa	/home/jshaw/scratch/2022_sketched_distance/references/SGB_genome_fastas_part4/9290/ChengpingW_2017__AS40raw__bin.68.fa	/home/jshaw/scratch/2022_sketched_distance/references/SGB_genome_fastas_part4/9290/ChengpingW_2017__AS61raw__bin.47.fa	/home/jshaw/scratch/2022_sketched_distance/references/SGB_genome_fastas_part4/9290/ChengpingW_2017__AS92raw__bin.7.fa	/home/jshaw/scratch/2022_sketched_distance/references/SGB_genome_fastas_part4/9290/CosteaPI_2017__SID713A029-11-90-0__bin.38.fa	/home/jshaw/scratch/2022_sketched_distance/references/SGB_genome_fastas_part4/9290/GeversD_2014__SKBSTL033__bin.78.fa	/home/jshaw/scratch/2022_sketched_distance/references/SGB_genome_fastas_part4/9290/HeQ_2017__SZAXPI029552-169__bin.39.fa	/home/jshaw/scratch/2022_sketched_distance/references/SGB_genome_fastas_part4/9290/HeQ_2017__SZAXPI029592-129__bin.39.fa	/home/jshaw/scratch/2022_sketched_distance/references/SGB_genome_fastas_part4/9290/LiJ_2014__O2.UC8-0__bin.38.fa	/home/jshaw/scratch/2022_sketched_distance/references/SGB_genome_fastas_part4/9290/LiJ_2014__V1.FI25__bin.79.fa	/home/jshaw/scratch/2022_sketched_distance/references/SGB_genome_fastas_part4/9290/LiJ_2017__H2M514107__bin.40.fa	/home/jshaw/scratch/2022_sketched_distance/references/SGB_genome_fastas_part4/9290/NielsenHB_2014__V1_UC32_0__bin.67.fa	/home/jshaw/scratch/2022_sketched_distance/references/SGB_genome_fastas_part4/9290/NielsenHB_2014__V1_UC4_5__bin.52.fa	/home/jshaw/scratch/2022_sketched_distance/references/SGB_genome_fastas_part4/9290/QinJ_2012__DOM010__bin.24.fa	/home/jshaw/scratch/2022_sketched_distance/references/SGB_genome_fastas_part4/9290/QinJ_2012__DOM022__bin.5.fa	/home/jshaw/scratch/2022_sketched_distance/references/SGB_genome_fastas_part4/9290/QinJ_2012__T2D-035__bin.12.fa	/home/jshaw/scratch/2022_sketched_distance/references/SGB_genome_fastas_part4/9290/QinN_2014__HD-19__bin.31.fa	/home/jshaw/scratch/2022_sketched_distance/references/SGB_genome_fastas_part4/9290/QinN_2014__HD-65__bin.28.fa	/home/jshaw/scratch/2022_sketched_distance/references/SGB_genome_fastas_part4/9290/QinN_2014__HV-25__bin.3.fa	/home/jshaw/scratch/2022_sketched_distance/references/SGB_genome_fastas_part4/9290/QinN_2014__HV-30__bin.15.fa	/home/jshaw/scratch/2022_sketched_distance/references/SGB_genome_fastas_part4/9290/QinN_2014__LD-40__bin.7.fa	/home/jshaw/scratch/2022_sketched_distance/references/SGB_genome_fastas_part4/9290/QinN_2014__LD-68__bin.49.fa	/home/jshaw/scratch/2022_sketched_distance/references/SGB_genome_fastas_part4/9290/QinN_2014__LD-84__bin.26.fa	/home/jshaw/scratch/2022_sketched_distance/references/SGB_genome_fastas_part4/9290/VogtmannE_2016__MMRS51737257ST-27-0-0__bin.67.fa	/home/jshaw/scratch/2022_sketched_distance/references/SGB_genome_fastas_part4/9290/WenC_2017__N023__bin.5.fa	/home/jshaw/scratch/2022_sketched_distance/references/SGB_genome_fastas_part4/9290/WenC_2017__N024__bin.4.fa	/home/jshaw/scratch/2022_sketched_distance/references/SGB_genome_fastas_part4/9290/WenC_2017__N263__bin.18.fa	/home/jshaw/scratch/2022_sketched_distance/references/SGB_genome_fastas_part4/9290/WenC_2017__RA074__bin.44.fa	/home/jshaw/scratch/2022_sketched_distance/references/SGB_genome_fastas_part4/9290/ZeeviD_2015__PNP_Main_533__bin.10.fa	/home/jshaw/scratch/2022_sketched_distance/references/SGB_genome_fastas_part4/9290/ZeeviD_2015__PNP_Main_705__bin.23.fa	/home/jshaw/scratch/2022_sketched_distance/references/SGB_genome_fastas_part4/9290/ZeeviD_2015__PNP_Validation_59__bin.24.fa	/home/jshaw/scratch/2022_sketched_distance/references/SGB_genome_fastas_part4/9290/ZellerG_2014__CCIS11558985ST-4-0__bin.5.fa
1.0	0.9847502358353379	0.9833439253265546	0.9833189106710312	0.985807145964236	0.9791863986760855	0.98087531612234	0.9837279941716705	0.9839947608163163	0.9838961630073907	0.9814316564437546	0.9817511152037772	0.9819314864990492	0.9804923488981722	0.9858077296315835	0.9841485121570321	0.9860937155439985	0.9923955712288635	0.9846185237030192	0.9832303469664688	0.9860335554101586	0.9887239377098207	0.9835670197429753	0.9841114475509011	0.9839757352373515	0.9861803007187955	0.9852369456690505	0.9831399861015495	0.9834465704237477	0.9830660106940412	0.9848737505384724	0.9851546123813965	0.9825181447578439
0.9847502358353379	1.0	0.9849245926872686	0.9868929478643427	0.9891633348022807	0.9807417729015415	0.983600668119105	0.9842322350112368	0.9853546562267066	0.9845668555076302	0.9836240587807449	0.9827712980173783	0.9846823859506425	0.9819992938658986	0.9851716057371183	0.9857734181691189	0.9840920921652364	0.9931456021404758	0.9855757224828505	0.984310357668419	0.9860752164586724	0.9901171894128767	0.9856857002439867	0.9865952660904937	0.9841171316104801	0.9872593758882731	0.9872158264295394	0.9858827373063388	0.9852212987593292	0.9839339439492972	0.9851894009340054	0.9859220320581755	0.9835697432944004
0.9833439253265546	0.9849245926872686	1.0	0.9861277655766405	0.9869436438330749	0.981330514331079	0.9837698060878426	0.9838294644345911	0.9843522793782907	0.9853540034957063	0.9840273695104418	0.9835575572270218	0.9842134261261795	0.981478410503534	0.984554098087453	0.9848109255617999	0.9836468167178463	0.9933427728240959	0.984992604539154	0.9832053830097921	0.985359693600425	0.9880045890998586	0.984513535656033	0.9845594637073045	0.9844260749261825	0.9852531997060076	0.9852369456690505	0.9853977437387353	0.9850830684125204	0.9848489890767295	0.9854501448787851	0.9851823312040174	0.9847729488904009
0.9833189106710312	0.9868929478643427	0.9861277655766405	1.0	0.9882516015358924	0.9814660941305661	0.9826213437276021	0.9850964295701846	0.9839274422742579	0.9853280669828977	0.9824383340946419	0.9829782508942976	0.9833564734857624	0.9819475770177964	0.9859275120002239	0.986146206721453	0.9846282354957973	0.9955756915189528	0.9843307251530684	0.9859125421659622	0.9857824739678526	0.991837100335066	0.9838569660002338	0.9874595517054399	0.9848978843121592	0.9869291433709734	0.9871459152176909	0.9859437807250938	0.9866333268856379	0.9837908745995035	0.9850845209324942	0.9857590873380383	0.9847991920084512
0.985807145964236	0.9891633348022807	0.9869436438330749	0.9882516015358924	1.0	0.9850927629382376	0.987588907835814	0.9850599188462646	0.9870056455892898	0.9839572040386981	0.9861585959349268	0.9860631180414761	0.9873752224918051	0.9827103886586215	0.9797182894730804	0.9890470992643766	0.9772284255010871	0.9935387763494521	0.9885780146537086	0.9866318699121197	0.9784714179148462	0.9892224222261903	0.9880121621238891	0.9886370166409579	0.9821406448675031	0.9859033692826651	0.9812596627796888	0.9892502433346259	0.9886664780673928	0.9871292996715803	0.98177123932365	0.9833397243342963	0.9841942298275703
0.9791863986760855	0.9807417729015415	0.981330514331079	0.9814660941305661	0.9850927629382376	1.0	0.9806736292343265	0.9810282498894893	0.9808236866860208	0.9840853431839833	0.9824304227202125	0.9805983414109279	0.9821201212687529	0.978997628818457	0.9822964010504822	0.9816855587179261	0.9808942850019601	0.9915244557245142	0.9809233437167768	0.9807425697195468	0.9827018315259203	0.9872254010239895	0.9808984579214544	0.9811225593583761	0.983026907894207	0.9826834923463748	0.9829725749103413	0.9811958447493897	0.9808486294354913	0.9826974765681455	0.9843945100703578	0.9831242078869702	0.9837327437480647
0.98087531612234	0.983600668119105	0.9837698060878426	0.9826213437276021	0.987588907835814	0.9806736292343265	1.0	0.9831383659250555	0.9833610142000974	0.985868479289241	0.9830795143017239	0.9827458068429654	0.9834414934705178	0.9821796620957434	0.9839882293742054	0.9842156086421423	0.9831954109185564	0.9920907323213302	0.9828990759715618	0.9832053830097921	0.9856983520197979	0.9883450634393395	0.9829427346379365	0.9842723142547133	0.9856604997742759	0.9863626233287154	0.984334619035818	0.9836204574448698	0.983147221335904	0.9852171352333353	0.9864729084929118	0.9854582402728258	0.9851384571936204
0.9837279941716705	0.9842322350112368	0.9838294644345911	0.9850964295701846	0.9850599188462646	0.9810282498894893	0.9831383659250555	1.0	0.9841320050612267	0.9815946934427712	0.9832674512591776	0.982166991014757	0.9840566311168633	0.9801332190901952	0.9831532315480483	0.9855802304901283	0.9818552870823247	0.9933918825767559	0.9847041903002788	0.9821936267756943	0.9828858844526438	0.9888492673090805	0.9847288430364197	0.9838294644345911	0.9818991583919627	0.9833735053283732	0.9834459632121577	0.9856042344911332	0.9850476551669183	0.9831124877323146	0.9830812133604195	0.9824385578886942	0.9810515240195201
0.9839947608163163	0.9853546562267066	0.9843522793782907	0.9839274422742579	0.9870056455892898	0.9808236866860208	0.9833610142000974	0.9841320050612267	1.0	0.9858173927159654	0.9834750853868746	0.9825351875934215	0.983904972020231	0.9824611054437327	0.9856272333776245	0.9846594460379405	0.9846282354957973	0.9924461056914914	0.9848600897639557	0.9843586140992036	0.9863653746965685	0.9890985059460816	0.9851618322124559	0.9848404847376414	0.9846489479420583	0.9866728433556952	0.9859341098111658	0.9853243155645287	0.9846836534552766	0.9848952337255117	0.9859655050401444	0.9854857041349713	0.9842436311179377
0.9838961630073907	0.9845668555076302	0.9853540034957063	0.9853280669828977	0.9839572040386981	0.9840853431839833	0.985868479289241	0.9815946934427712	0.9858173927159654	1.0	0.986675247579329	0.9845668555076302	0.9872675955835611	0.9820566421264942	0.982229553130172	0.9845934001387472	0.9799599797911607	0.9899832858567689	0.9848839829585253	0.9835966573056961	0.9826094158089091	0.9865169533679313	0.9849627884278706	0.9860466594908164	0.982939273203884	0.9817701545825906	0.9822494151616515	0.9857662265974637	0.9853540034957063	0.985431690375957	0.9825748367355936	0.9816766338199162	0.9822851944806762
0.9814316564437546	0.9836240587807449	0.9840273695104418	0.9824383340946419	0.9861585959349268	0.9824304227202125	0.9830795143017239	0.9832674512591776	0.9834750853868746	0.986675247579329	1.0	0.9822522382176982	0.9836875357869246	0.9819475770177964	0.9843038049890805	0.9832174972484172	0.9822215184188943	0.9924461056914914	0.9838829690472796	0.9835037028954338	0.9848450670428279	0.9880900381965323	0.981723599212506	0.9842493815343731	0.9851995986390767	0.9848205069691944	0.9845625368007394	0.9835750004757865	0.9829150776776655	0.984616783533735	0.9853981614233723	0.9852653475703012	0.9852680160747327
0.9817511152037772	0.9827712980173783	0.9835575572270218	0.9829782508942976	0.9860631180414761	0.9805983414109279	0.9827458068429654	0.982166991014757	0.9825351875934215	0.9845668555076302	0.9822522382176982	1.0	0.9828622350144964	0.9805734171005561	0.9836375528848462	0.9825426325688094	0.9834970377144873	0.9917830572191481	0.9825957097469638	0.9826766980587354	0.9843661324386882	0.9888075437053611	0.9830938574402042	0.9827952879442656	0.9835765511832882	0.9842160852816539	0.983835297452599	0.9830707687368335	0.9828451126411657	0.9833578825161551	0.9842870550492366	0.984538801517375	0.9838139411243831
0.9819314864990492	0.9846823859506425	0.9842134261261795	0.9833564734857624	0.9873752224918051	0.9821201212687529	0.9834414934705178	0.9840566311168633	0.983904972020231	0.9872675955835611	0.9836875357869246	0.9828622350144964	1.0	0.9825882389644599	0.9851410046412066	0.9845269239940667	0.9838949379526091	0.9933918825767559	0.9843751664770861	0.9839217293608711	0.9851890459737953	0.9899159535969042	0.9827971617291124	0.9849529480826333	0.9861680872284588	0.9856271851128044	0.9855322936744763	0.9840267591604247	0.9831934533734886	0.9859860079190044	0.986823488790337	0.9870667502389949	0.9857302417380265
0.9804923488981722	0.9819992938658986	0.981478410503534	0.9819475770177964	0.9827103886586215	0.978997628818457	0.9821796620957434	0.9801332190901952	0.9824611054437327	0.9820566421264942	0.9819475770177964	0.9805734171005561	0.9825882389644599	1.0	0.9804770882844251	0.9822822852464743	0.9802927931790463	0.9866664583300533	0.9822310138787083	0.9796195687304543	0.9810456411812336	0.9828259641287334	0.9818179262550913	0.9824101135240163	0.9809183761506872	0.9814096475764261	0.9824115028769586	0.981921687918911	0.9812412800385877	0.981214825780605	0.9827445001142441	0.9828576164459496	0.9806966668477154
0.9858077296315835	0.9851716057371183	0.984554098087453	0.9859275120002239	0.9797182894730804	0.9822964010504822	0.9839882293742054	0.9831532315480483	0.9856272333776245	0.982229553130172	0.9843038049890805	0.9836375528848462	0.9851410046412066	0.9804770882844251	1.0	0.9852327225154952	0.9764927120109259	0.9869062471677266	0.9853850187199272	0.9824296888618487	0.9760745878917839	0.9823720650810577	0.9852327225154952	0.9849567967578025	0.9792909318212941	0.9811409900607301	0.9772083457668398	0.9858077296315835	0.9861360863690753	0.9846163742134032	0.9772941379401241	0.9796187247910854	0.980050725656286
0.9841485121570321	0.9857734181691189	0.9848109255617999	0.986146206721453	0.9890470992643766	0.9816855587179261	0.9842156086421423	0.9855802304901283	0.9846594460379405	0.9845934001387472	0.9832174972484172	0.9825426325688094	0.9845269239940667	0.9822822852464743	0.9852327225154952	1.0	0.9856749465395187	0.9944542760051416	0.9855938490076868	0.9851212206192637	0.9866938786308752	0.9901572897457648	0.9851842481431349	0.9859263633386747	0.9858751771290795	0.9881569437313116	0.987040769098972	0.9852276053617854	0.9851657170444245	0.9858516253271892	0.9866736974564131	0.9868304328977288	0.9852680160747327
0.9860937155439985	0.9840920921652364	0.9836468167178463	0.9846282354957973	0.9772284255010871	0.9808942850019601	0.9831954109185564	0.9818552870823247	0.9846282354957973	0.9799599797911607	0.9822215184188943	0.9834970377144873	0.9838949379526091	0.9802927931790463	0.9764927120109259	0.9856749465395187	1.0	0.9736965630498435	0.9865984034943821	0.9817498924717413	0.9679604824908138	0.9694581838987333	0.986461527811425	0.9832962619020887	0.9802927931790463	0.9811640743799513	0.9725415780491717	0.9854870999892794	0.9847729488904009	0.9846765442204124	0.9632514567618701	0.9802927931790463	0.9801268102732381
0.9923955712288635	0.9931456021404758	0.9933427728240959	0.9955756915189528	0.9935387763494521	0.9915244557245142	0.9920907323213302	0.9933918825767559	0.9924461056914914	0.9899832858567689	0.9924461056914914	0.9917830572191481	0.9933918825767559	0.9866664583300533	0.9869062471677266	0.9944542760051416	0.9736965630498435	1.0	0.9945491893910325	0.9930961254404641	0.9795748196173941	0.9951595910980386	0.9926976266009605	0.9937336266795428	0.9899832858567689	0.9910538117191053	0.9862425742494602	0.9955297149852231	0.9948792626728893	0.9934898841212726	0.9772530580906387	0.9921926577921277	0.9904693223687429
0.9846185237030192	0.9855757224828505	0.984992604539154	0.9843307251530684	0.9885780146537086	0.9809233437167768	0.9828990759715618	0.9847041903002788	0.9848600897639557	0.9848839829585253	0.9838829690472796	0.9825957097469638	0.9843751664770861	0.9822310138787083	0.9853850187199272	0.9855938490076868	0.9865984034943821	0.9945491893910325	1.0	0.984189405155915	0.9868569082534815	0.9912607703529798	0.9857238279586817	0.9846370746489488	0.9858751771290795	0.9867242633759015	0.9866167914314091	0.9853810535988549	0.9843508670956054	0.9853541328915603	0.9863215080579272	0.9861918240725714	0.9843501799194336
0.9832303469664688	0.984310357668419	0.9832053830097921	0.9859125421659622	0.9866318699121197	0.9807425697195468	0.9832053830097921	0.9821936267756943	0.9843586140992036	0.9835966573056961	0.9835037028954338	0.9826766980587354	0.9839217293608711	0.9796195687304543	0.9824296888618487	0.9851212206192637	0.9817498924717413	0.9930961254404641	0.984189405155915	1.0	0.9844537329331323	0.9893047751208518	0.9844549145729731	0.9857742749906516	0.9824084842265604	0.9847114368389627	0.9839512019948831	0.9856817725889403	0.9855192640531346	0.9830301008200081	0.9836896770215963	0.982708567368756	0.9827981699890086
0.9860335554101586	0.9860752164586724	0.985359693600425	0.9857824739678526	0.9784714179148462	0.9827018315259203	0.9856983520197979	0.9828858844526438	0.9863653746965685	0.9826094158089091	0.9848450670428279	0.9843661324386882	0.9851890459737953	0.9810456411812336	0.9760745878917839	0.9866938786308752	0.9679604824908138	0.9795748196173941	0.9868569082534815	0.9844537329331323	1.0	0.9751872125178647	0.9863653746965685	0.9869786524071581	0.9803589509755946	0.9821902872075154	0.9717906542681998	0.9863240799836401	0.9870999477057775	0.9847151400720633	0.9681122853063676	0.9799599797911607	0.9814795896229352
0.9887239377098207	0.9901171894128767	0.9880045890998586	0.991837100335066	0.9892224222261903	0.9872254010239895	0.9883450634393395	0.9888492673090805	0.9890985059460816	0.9865169533679313	0.9880900381965323	0.9888075437053611	0.9899159535969042	0.9828259641287334	0.9823720650810577	0.9901572897457648	0.9694581838987333	0.9951595910980386	0.9912607703529798	0.9893047751208518	0.9751872125178647	1.0	0.9903968740326249	0.9892636243820282	0.9864273147685957	0.987443698667328	0.9824228100717481	0.9919511702775384	0.9906742090835079	0.9890570968091547	0.9750168418493097	0.9874001548188345	0.9852392056184192
0.9835670197429753	0.9856857002439867	0.984513535656033	0.9838569660002338	0.9880121621238891	0.9808984579214544	0.9829427346379365	0.9847288430364197	0.9851618322124559	0.9849627884278706	0.981723599212506	0.9830938574402042	0.9827971617291124	0.9818179262550913	0.9852327225154952	0.9851842481431349	0.986461527811425	0.9926976266009605	0.9857238279586817	0.9844549145729731	0.9863653746965685	0.9903968740326249	1.0	0.9859916939948778	0.9851722843342935	0.9873098880183644	0.9862592530517367	0.9863851798746234	0.9856622389093367	0.9857392185212607	0.9856572599748153	0.9859220320581755	0.9838409623004796
0.9841114475509011	0.9865952660904937	0.9845594637073045	0.9874595517054399	0.9886370166409579	0.9811225593583761	0.9842723142547133	0.9838294644345911	0.9848404847376414	0.9860466594908164	0.9842493815343731	0.9827952879442656	0.9849529480826333	0.9824101135240163	0.9849567967578025	0.9859263633386747	0.9832962619020887	0.9937336266795428	0.9846370746489488	0.9857742749906516	0.9869786524071581	0.9892636243820282	0.9859916939948778	1.0	0.9843421057486266	0.9868268628837435	0.9867232992807656	0.9862733025292088	0.9859263633386747	0.9845000617960348	0.9860165992888285	0.9855405630722032	0.9850083851252792
0.9839757352373515	0.9841171316104801	0.9844260749261825	0.9848978843121592	0.9821406448675031	0.983026907894207	0.9856604997742759	0.9818991583919627	0.9846489479420583	0.982939273203884	0.9851995986390767	0.9835765511832882	0.9861680872284588	0.9809183761506872	0.9792909318212941	0.9858751771290795	0.9802927931790463	0.9899832858567689	0.9858751771290795	0.9824084842265604	0.9803589509755946	0.9864273147685957	0.9851722843342935	0.9843421057486266	1.0	0.9808872477407108	0.9807958215488765	0.9854985662081197	0.9846767009511769	0.9855256106270434	0.9808280090439443	0.981273310116953	0.9821098413070289
0.9861803007187955	0.9872593758882731	0.9852531997060076	0.9869291433709734	0.9859033692826651	0.9826834923463748	0.9863626233287154	0.9833735053283732	0.9866728433556952	0.9817701545825906	0.9848205069691944	0.9842160852816539	0.9856271851128044	0.9814096475764261	0.9811409900607301	0.9881569437313116	0.9811640743799513	0.9910538117191053	0.9867242633759015	0.9847114368389627	0.9821902872075154	0.987443698667328	0.9873098880183644	0.9868268628837435	0.9808872477407108	1.0	0.9827332912600608	0.9872087861069109	0.9869291433709734	0.9854140008319856	0.9832482813065813	0.9818304440733635	0.9809227068765926
0.9852369456690505	0.9872158264295394	0.9852369456690505	0.9871459152176909	0.9812596627796888	0.9829725749103413	0.984334619035818	0.9834459632121577	0.9859341098111658	0.9822494151616515	0.9845625368007394	0.983835297452599	0.9855322936744763	0.9824115028769586	0.9772083457668398	0.987040769098972	0.9725415780491717	0.9862425742494602	0.9866167914314091	0.9839512019948831	0.9717906542681998	0.9824228100717481	0.9862592530517367	0.9867232992807656	0.9807958215488765	0.9827332912600608	1.0	0.9875286019347007	0.9865812120266462	0.9849389174136294	0.9727216664667578	0.982086521036202	0.9798041666193971
0.9831399861015495	0.9858827373063388	0.9853977437387353	0.9859437807250938	0.9892502433346259	0.9811958447493897	0.9836204574448698	0.9856042344911332	0.9853243155645287	0.9857662265974637	0.9835750004757865	0.9830707687368335	0.9840267591604247	0.981921687918911	0.9858077296315835	0.9852276053617854	0.9854870999892794	0.9955297149852231	0.9853810535988549	0.9856817725889403	0.9863240799836401	0.9919511702775384	0.9863851798746234	0.9862733025292088	0.9854985662081197	0.9872087861069109	0.9875286019347007	1.0	0.9857264528492857	0.985125484932879	0.9856572599748153	0.985567958225059	0.9846150480393306
0.9834465704237477	0.9852212987593292	0.9850830684125204	0.9866333268856379	0.9886664780673928	0.9808486294354913	0.983147221335904	0.9850476551669183	0.9846836534552766	0.9853540034957063	0.9829150776776655	0.9828451126411657	0.9831934533734886	0.9812412800385877	0.9861360863690753	0.9851657170444245	0.9847729488904009	0.9948792626728893	0.9843508670956054	0.9855192640531346	0.9870999477057775	0.9906742090835079	0.9856622389093367	0.9859263633386747	0.9846767009511769	0.9869291433709734	0.9865812120266462	0.9857264528492857	1.0	0.9843829234221851	0.9856572599748153	0.9852929731250337	0.9846150480393306
0.9830660106940412	0.9839339439492972	0.9848489890767295	0.9837908745995035	0.9871292996715803	0.9826974765681455	0.9852171352333353	0.9831124877323146	0.9848952337255117	0.985431690375957	0.984616783533735	0.9833578825161551	0.9859860079190044	0.981214825780605	0.9846163742134032	0.9858516253271892	0.9846765442204124	0.9934898841212726	0.9853541328915603	0.9830301008200081	0.9847151400720633	0.9890570968091547	0.9857392185212607	0.9845000617960348	0.9855256106270434	0.9854140008319856	0.9849389174136294	0.985125484932879	0.9843829234221851	1.0	0.9884277073705321	0.9872233573846467	0.9842169397636591
0.9848737505384724	0.9851894009340054	0.9854501448787851	0.9850845209324942	0.98177123932365	0.9843945100703578	0.9864729084929118	0.9830812133604195	0.9859655050401444	0.9825748367355936	0.9853981614233723	0.9842870550492366	0.986823488790337	0.9827445001142441	0.9772941379401241	0.9866736974564131	0.9632514567618701	0.9772530580906387	0.9863215080579272	0.9836896770215963	0.9681122853063676	0.9750168418493097	0.9856572599748153	0.9860165992888285	0.9808280090439443	0.9832482813065813	0.9727216664667578	0.9856572599748153	0.9856572599748153	0.9884277073705321	1.0	0.9856572599748153	0.9817130775040421
0.9851546123813965	0.9859220320581755	0.9851823312040174	0.9857590873380383	0.9833397243342963	0.9831242078869702	0.9854582402728258	0.9824385578886942	0.9854857041349713	0.9816766338199162	0.9852653475703012	0.984538801517375	0.9870667502389949	0.9828576164459496	0.9796187247910854	0.9868304328977288	0.9802927931790463	0.9921926577921277	0.9861918240725714	0.982708567368756	0.9799599797911607	0.9874001548188345	0.9859220320581755	0.9855405630722032	0.981273310116953	0.9818304440733635	0.982086521036202	0.985567958225059	0.9852929731250337	0.9872233573846467	0.9856572599748153	1.0	0.9813356844893971
0.9825181447578439	0.9835697432944004	0.9847729488904009	0.9847991920084512	0.9841942298275703	0.9837327437480647	0.9851384571936204	0.9810515240195201	0.9842436311179377	0.9822851944806762	0.9852680160747327	0.9838139411243831	0.9857302417380265	0.9806966668477154	0.980050725656286	0.9852680160747327	0.9801268102732381	0.9904693223687429	0.9843501799194336	0.9827981699890086	0.9814795896229352	0.9852392056184192	0.9838409623004796	0.9850083851252792	0.9821098413070289	0.9809227068765926	0.9798041666193971	0.9846150480393306	0.9846150480393306	0.9842169397636591	0.9817130775040421	0.9813356844893971	1.0
