/home/jshaw/scratch/2022_sketched_distance/references/SGB_genome_fastas_part4/8047/CM_cf__CF_TNFC048IS_t2M15__bin.15.fa	/home/jshaw/scratch/2022_sketched_distance/references/SGB_genome_fastas_part4/8047/CM_periimplantitis__SP_162SPI_T016__bin.27.fa	/home/jshaw/scratch/2022_sketched_distance/references/SGB_genome_fastas_part4/8047/CM_periimplantitis__SP_162SPT_T016__bin.5.fa	/home/jshaw/scratch/2022_sketched_distance/references/SGB_genome_fastas_part4/8047/CM_periimplantitis__SP_191SPI_T016__bin.15.fa	/home/jshaw/scratch/2022_sketched_distance/references/SGB_genome_fastas_part4/8047/CM_periimplantitis__SP_386SPT_T016__bin.7.fa	/home/jshaw/scratch/2022_sketched_distance/references/SGB_genome_fastas_part4/8047/HMP_2012__SRS011098__bin.21.fa	/home/jshaw/scratch/2022_sketched_distance/references/SGB_genome_fastas_part4/8047/HMP_2012__SRS013949__bin.24.fa	/home/jshaw/scratch/2022_sketched_distance/references/SGB_genome_fastas_part4/8047/HMP_2012__SRS015278__bin.1.fa	/home/jshaw/scratch/2022_sketched_distance/references/SGB_genome_fastas_part4/8047/HMP_2012__SRS015378__bin.8.fa	/home/jshaw/scratch/2022_sketched_distance/references/SGB_genome_fastas_part4/8047/HMP_2012__SRS015650__bin.12.fa	/home/jshaw/scratch/2022_sketched_distance/references/SGB_genome_fastas_part4/8047/HMP_2012__SRS015803__bin.41.fa	/home/jshaw/scratch/2022_sketched_distance/references/SGB_genome_fastas_part4/8047/HMP_2012__SRS015947__bin.12.fa	/home/jshaw/scratch/2022_sketched_distance/references/SGB_genome_fastas_part4/8047/HMP_2012__SRS016092__bin.6.fa	/home/jshaw/scratch/2022_sketched_distance/references/SGB_genome_fastas_part4/8047/HMP_2012__SRS016541__bin.4.fa	/home/jshaw/scratch/2022_sketched_distance/references/SGB_genome_fastas_part4/8047/HMP_2012__SRS018443__bin.44.fa	/home/jshaw/scratch/2022_sketched_distance/references/SGB_genome_fastas_part4/8047/HMP_2012__SRS019129__bin.14.fa	/home/jshaw/scratch/2022_sketched_distance/references/SGB_genome_fastas_part4/8047/HMP_2012__SRS019225__bin.13.fa	/home/jshaw/scratch/2022_sketched_distance/references/SGB_genome_fastas_part4/8047/HMP_2012__SRS019591__bin.13.fa	/home/jshaw/scratch/2022_sketched_distance/references/SGB_genome_fastas_part4/8047/HMP_2012__SRS022602__bin.29.fa	/home/jshaw/scratch/2022_sketched_distance/references/SGB_genome_fastas_part4/8047/HMP_2012__SRS024021__bin.12.fa	/home/jshaw/scratch/2022_sketched_distance/references/SGB_genome_fastas_part4/8047/HMP_2012__SRS024561__bin.20.fa	/home/jshaw/scratch/2022_sketched_distance/references/SGB_genome_fastas_part4/8047/HMP_2012__SRS049268__bin.66.fa	/home/jshaw/scratch/2022_sketched_distance/references/SGB_genome_fastas_part4/8047/HMP_2012__SRS053630__bin.11.fa	/home/jshaw/scratch/2022_sketched_distance/references/SGB_genome_fastas_part4/8047/HMP_2012__SRS058808__bin.21.fa	/home/jshaw/scratch/2022_sketched_distance/references/SGB_genome_fastas_part4/8047/HMP_2012__SRS065310__bin.13.fa	/home/jshaw/scratch/2022_sketched_distance/references/SGB_genome_fastas_part4/8047/QinJ_2012__T2D-092__bin.6.fa
1.0	0.959957758606891	0.9611467912102769	0.963284447775934	0.9581781960362729	0.964473875302605	0.9546969060386572	0.9740110408749629	0.9586790464474129	0.9573516857460563	0.9580946520009285	0.9616065875247479	0.9599911492758997	0.9588920208315677	0.9630215788145371	0.9573673945684288	0.9627336965430743	0.9602354148318818	0.9573837745978704	0.957623536604621	0.9611810103600795	0.9632042852099192	0.9628954706027932	0.9594064559098443	0.9617445903073183	0.9564427411011461
0.959957758606891	1.0	0.9888607090360184	0.9620272776847105	0.9603007293263942	0.9607901394069646	0.9552808769949216	0.9570128965579466	0.9652115161188995	0.9557522119353186	0.952930838548524	0.9583106813606787	0.9576159202138287	0.9623574626130813	0.9587555328535604	0.9575405121389291	0.9916200088393463	0.9648994295811673	0.9582350044350882	0.9696279916084201	0.958723611602439	0.959189992627592	0.9578238920544833	0.9565640797151002	0.9623353505773761	0.9561695462668119
0.9611467912102769	0.9888607090360184	1.0	0.9609137111948381	0.9576186130620019	0.9623532619336094	0.9551544244255417	0.959047191814765	0.95554167488716	0.9567235636752904	0.9555737634658231	0.9602133734648605	0.9582943311638531	0.9550509916272006	0.9613801060690984	0.9578754552505724	0.9932649317227116	0.9589566947531034	0.9587218148408122	0.9598169702236402	0.9600757128793631	0.9603497300513223	0.9599484015580546	0.9591945697585823	0.9626584392410796	0.9577645516184883
0.963284447775934	0.9620272776847105	0.9609137111948381	1.0	0.9796786155533516	0.9679160759968082	0.9568291380592635	0.9654082991481898	0.9770149561162309	0.9620860417321279	0.9705251969599794	0.9683189858610881	0.9612039778578977	0.9719300183152424	0.9645050277775203	0.9601638645881132	0.963835861662672	0.9666910190203407	0.9581597517877682	0.9799663779524834	0.9788337595001565	0.9690184602478977	0.9670935736598442	0.9617533093839816	0.9839035681151724	0.9581629574646061
0.9581781960362729	0.9603007293263942	0.9576186130620019	0.9796786155533516	1.0	0.9672612548696957	0.9546860904735315	0.9634610264044837	0.9772435523657125	0.958387699591605	0.9671343802541239	0.9648488553586939	0.9557858623309144	0.9731026651118087	0.9611105653579899	0.9565149647895343	0.9587006888057941	0.968292606289847	0.9596142193956029	0.9793552809120916	0.9770708580278541	0.9672817499102789	0.9656650296502524	0.9576296203942122	0.9801703033866063	0.9533534219005845
0.964473875302605	0.9607901394069646	0.9623532619336094	0.9679160759968082	0.9672612548696957	1.0	0.9604634596316164	0.9632772335128782	0.9618503764975275	0.9618044797945201	0.9631824965512827	0.9718790226801943	0.9634068760339664	0.9640294150199934	0.9658785114971074	0.9627690169761935	0.9633794512313587	0.9710311379771759	0.9606498865750832	0.963673032879925	0.9698458708044265	0.9861708073711517	0.9909516533327672	0.962611313274211	0.9693727532241322	0.9608669537599921
0.9546969060386572	0.9552808769949216	0.9551544244255417	0.9568291380592635	0.9546860904735315	0.9604634596316164	1.0	0.9537939429319137	0.951626057360741	0.9632022177332822	0.9535056887942678	0.9563676335070724	0.9807329687167755	0.9531509600168354	0.9562830559228301	0.9902465136006693	0.9556559799487108	0.9557527796318914	0.9552914526607666	0.954166431114747	0.9570614650018953	0.9614237393986114	0.9594129452673228	0.961539803481346	0.9559352654605469	0.9562145072151247
0.9740110408749629	0.9570128965579466	0.959047191814765	0.9654082991481898	0.9634610264044837	0.9632772335128782	0.9537939429319137	1.0	0.9571112925725047	0.9573613255434843	0.9627146045307163	0.9614196845663598	0.9579180155499681	0.9612197705506934	0.9593458342987302	0.9564341098116301	0.9593646121795771	0.9610290326286612	0.9566177739182348	0.9605025378292762	0.9662887522757668	0.9613792612572494	0.9621873645287614	0.9585494737486459	0.965429243951872	0.9536205368444608
0.9586790464474129	0.9652115161188995	0.95554167488716	0.9770149561162309	0.9772435523657125	0.9618503764975275	0.951626057360741	0.9571112925725047	1.0	0.957601868534315	0.9644579182136181	0.9599735781933975	0.9540091458974278	0.9797793218733071	0.9562572866750333	0.9543564768317224	0.9592113329259143	0.9715692572151144	0.9539891745072593	0.9892069212695836	0.9709572016227263	0.9631795029199935	0.9593824021129401	0.9543602661585133	0.9893022107518411	0.9520773381268296
0.9573516857460563	0.9557522119353186	0.9567235636752904	0.9620860417321279	0.958387699591605	0.9618044797945201	0.9632022177332822	0.9573613255434843	0.957601868534315	1.0	0.9558230036480964	0.9577864381090052	0.963612363929854	0.9567833415809627	0.9577336238845446	0.9658586155510704	0.9578184150533108	0.9586020474802719	0.9527575696473862	0.957363804850661	0.9583305973509529	0.9576263552074843	0.9585618061116777	0.9693967558786273	0.9617455088439457	0.9590132234754244
0.9580946520009285	0.952930838548524	0.9555737634658231	0.9705251969599794	0.9671343802541239	0.9631824965512827	0.9535056887942678	0.9627146045307163	0.9644579182136181	0.9558230036480964	1.0	0.9638980787833382	0.9550704272065235	0.97615514391127	0.9594579244653365	0.955470440594235	0.9560862749918336	0.9614769619735765	0.9553779387370385	0.9639771432670544	0.9717928359396811	0.962101247650541	0.9603415214786379	0.9542023570516827	0.9716798391813205	0.9520569189093319
0.9616065875247479	0.9583106813606787	0.9602133734648605	0.9683189858610881	0.9648488553586939	0.9718790226801943	0.9563676335070724	0.9614196845663598	0.9599735781933975	0.9577864381090052	0.9638980787833382	1.0	0.9590161061166865	0.9622783705928932	0.9648147737976828	0.9594082630157318	0.9614804354132152	0.9693711602031289	0.9595508266297361	0.9622240605363743	0.9687589379701542	0.9707881399600148	0.9721307961611654	0.9569538738146828	0.9671183006921951	0.9565349679057101
0.9599911492758997	0.9576159202138287	0.9582943311638531	0.9612039778578977	0.9557858623309144	0.9634068760339664	0.9807329687167755	0.9579180155499681	0.9540091458974278	0.963612363929854	0.9550704272065235	0.9590161061166865	1.0	0.9563073905999578	0.9609365409617961	0.9862524498192909	0.961497590792458	0.9582711951716331	0.9554166619161615	0.9576607548069462	0.9616620769607823	0.964288585101213	0.9609318848466815	0.9663383216603674	0.9596676623976287	0.960068418959916
0.9588920208315677	0.9623574626130813	0.9550509916272006	0.9719300183152424	0.9731026651118087	0.9640294150199934	0.9531509600168354	0.9612197705506934	0.9797793218733071	0.9567833415809627	0.97615514391127	0.9622783705928932	0.9563073905999578	1.0	0.9570695770896813	0.9552201683828493	0.9570669678741441	0.9724161580712471	0.9541223782934725	0.977623977459842	0.972527698666268	0.9651378580220028	0.9616528120620311	0.9540393311296721	0.974261877850166	0.9523035185421271
0.9630215788145371	0.9587555328535604	0.9613801060690984	0.9645050277775203	0.9611105653579899	0.9658785114971074	0.9562830559228301	0.9593458342987302	0.9562572866750333	0.9577336238845446	0.9594579244653365	0.9648147737976828	0.9609365409617961	0.9570695770896813	1.0	0.9601139021327458	0.9619669529756926	0.9604956749144182	0.9742058294124384	0.958667205760445	0.964903721798358	0.9665404068242297	0.9657533934774577	0.9626576960814311	0.9656951735158873	0.9588282422364081
0.9573673945684288	0.9575405121389291	0.9578754552505724	0.9601638645881132	0.9565149647895343	0.9627690169761935	0.9902465136006693	0.9564341098116301	0.9543564768317224	0.9658586155510704	0.955470440594235	0.9594082630157318	0.9862524498192909	0.9552201683828493	0.9601139021327458	1.0	0.959690581262413	0.957573797858777	0.9567751387664893	0.9564153404585335	0.9597416017289275	0.9645883314886844	0.9607844324724667	0.964053105777999	0.9592488517701581	0.9594262252584637
0.9627336965430743	0.9916200088393463	0.9932649317227116	0.963835861662672	0.9587006888057941	0.9633794512313587	0.9556559799487108	0.9593646121795771	0.9592113329259143	0.9578184150533108	0.9560862749918336	0.9614804354132152	0.961497590792458	0.9570669678741441	0.9619669529756926	0.959690581262413	1.0	0.9606367806683986	0.9585559066700691	0.9643624674005509	0.9618899574550177	0.9625590106755421	0.9610277035775924	0.9602391829068421	0.9642216556153801	0.9580354360046849
0.9602354148318818	0.9648994295811673	0.9589566947531034	0.9666910190203407	0.968292606289847	0.9710311379771759	0.9557527796318914	0.9610290326286612	0.9715692572151144	0.9586020474802719	0.9614769619735765	0.9693711602031289	0.9582711951716331	0.9724161580712471	0.9604956749144182	0.957573797858777	0.9606367806683986	1.0	0.9583201754514853	0.9707095917249745	0.9682341016115197	0.971585603887006	0.970764132877158	0.9572397669862722	0.9673960382095081	0.9543680378552689
0.9573837745978704	0.9582350044350882	0.9587218148408122	0.9581597517877682	0.9596142193956029	0.9606498865750832	0.9552914526607666	0.9566177739182348	0.9539891745072593	0.9527575696473862	0.9553779387370385	0.9595508266297361	0.9554166619161615	0.9541223782934725	0.9742058294124384	0.9567751387664893	0.9585559066700691	0.9583201754514853	1.0	0.9531672708457984	0.9592899373730155	0.960359864558564	0.9593729206034728	0.9566984207283374	0.961516901269584	0.9545574396067644
0.957623536604621	0.9696279916084201	0.9598169702236402	0.9799663779524834	0.9793552809120916	0.963673032879925	0.954166431114747	0.9605025378292762	0.9892069212695836	0.957363804850661	0.9639771432670544	0.9622240605363743	0.9576607548069462	0.977623977459842	0.958667205760445	0.9564153404585335	0.9643624674005509	0.9707095917249745	0.9531672708457984	1.0	0.973357000299079	0.9649248620640088	0.9617347943296423	0.9556582148738869	0.9848792885741329	0.9537665217526847
0.9611810103600795	0.958723611602439	0.9600757128793631	0.9788337595001565	0.9770708580278541	0.9698458708044265	0.9570614650018953	0.9662887522757668	0.9709572016227263	0.9583305973509529	0.9717928359396811	0.9687589379701542	0.9616620769607823	0.972527698666268	0.964903721798358	0.9597416017289275	0.9618899574550177	0.9682341016115197	0.9592899373730155	0.973357000299079	1.0	0.9698509295193604	0.9687010540351991	0.9605726576141815	0.9794811771717277	0.9555060783515396
0.9632042852099192	0.959189992627592	0.9603497300513223	0.9690184602478977	0.9672817499102789	0.9861708073711517	0.9614237393986114	0.9613792612572494	0.9631795029199935	0.9576263552074843	0.962101247650541	0.9707881399600148	0.964288585101213	0.9651378580220028	0.9665404068242297	0.9645883314886844	0.9625590106755421	0.971585603887006	0.960359864558564	0.9649248620640088	0.9698509295193604	1.0	0.9849608606224242	0.9613471104006955	0.9688176642412532	0.9584693319076872
0.9628954706027932	0.9578238920544833	0.9599484015580546	0.9670935736598442	0.9656650296502524	0.9909516533327672	0.9594129452673228	0.9621873645287614	0.9593824021129401	0.9585618061116777	0.9603415214786379	0.9721307961611654	0.9609318848466815	0.9616528120620311	0.9657533934774577	0.9607844324724667	0.9610277035775924	0.970764132877158	0.9593729206034728	0.9617347943296423	0.9687010540351991	0.9849608606224242	1.0	0.9606727702800675	0.9676977628094708	0.9586892582281201
0.9594064559098443	0.9565640797151002	0.9591945697585823	0.9617533093839816	0.9576296203942122	0.962611313274211	0.961539803481346	0.9585494737486459	0.9543602661585133	0.9693967558786273	0.9542023570516827	0.9569538738146828	0.9663383216603674	0.9540393311296721	0.9626576960814311	0.964053105777999	0.9602391829068421	0.9572397669862722	0.9566984207283374	0.9556582148738869	0.9605726576141815	0.9613471104006955	0.9606727702800675	1.0	0.9616219883280922	0.960414904716289
0.9617445903073183	0.9623353505773761	0.9626584392410796	0.9839035681151724	0.9801703033866063	0.9693727532241322	0.9559352654605469	0.965429243951872	0.9893022107518411	0.9617455088439457	0.9716798391813205	0.9671183006921951	0.9596676623976287	0.974261877850166	0.9656951735158873	0.9592488517701581	0.9642216556153801	0.9673960382095081	0.961516901269584	0.9848792885741329	0.9794811771717277	0.9688176642412532	0.9676977628094708	0.9616219883280922	1.0	0.9579734196742573
0.9564427411011461	0.9561695462668119	0.9577645516184883	0.9581629574646061	0.9533534219005845	0.9608669537599921	0.9562145072151247	0.9536205368444608	0.9520773381268296	0.9590132234754244	0.9520569189093319	0.9565349679057101	0.960068418959916	0.9523035185421271	0.9588282422364081	0.9594262252584637	0.9580354360046849	0.9543680378552689	0.9545574396067644	0.9537665217526847	0.9555060783515396	0.9584693319076872	0.9586892582281201	0.960414904716289	0.9579734196742573	1.0
