/home/jshaw/scratch/2022_sketched_distance/references/SGB_genome_fastas_part5/15201/GeversD_2014__SKBSTL024__bin.11.fa	/home/jshaw/scratch/2022_sketched_distance/references/SGB_genome_fastas_part5/15201/KarlssonFH_2013__S144__bin.55.fa	/home/jshaw/scratch/2022_sketched_distance/references/SGB_genome_fastas_part5/15201/KarlssonFH_2013__S347__bin.32.fa	/home/jshaw/scratch/2022_sketched_distance/references/SGB_genome_fastas_part5/15201/LeChatelierE_2013__MH0433__bin.72.fa	/home/jshaw/scratch/2022_sketched_distance/references/SGB_genome_fastas_part5/15201/LiJ_2014__MH0343__bin.58.fa	/home/jshaw/scratch/2022_sketched_distance/references/SGB_genome_fastas_part5/15201/LiJ_2014__MH0348__bin.42.fa	/home/jshaw/scratch/2022_sketched_distance/references/SGB_genome_fastas_part5/15201/LiJ_2014__MH0382__bin.26.fa	/home/jshaw/scratch/2022_sketched_distance/references/SGB_genome_fastas_part5/15201/LiJ_2014__V1.FI26__bin.52.fa	/home/jshaw/scratch/2022_sketched_distance/references/SGB_genome_fastas_part5/15201/LouisS_2016__AS50_6__bin.15.fa	/home/jshaw/scratch/2022_sketched_distance/references/SGB_genome_fastas_part5/15201/LouisS_2016__AS60_6__bin.21.fa	/home/jshaw/scratch/2022_sketched_distance/references/SGB_genome_fastas_part5/15201/NielsenHB_2014__V1_UC26_4__bin.30.fa	/home/jshaw/scratch/2022_sketched_distance/references/SGB_genome_fastas_part5/15201/NielsenHB_2014__V1_UC50_1__bin.32.fa	/home/jshaw/scratch/2022_sketched_distance/references/SGB_genome_fastas_part5/15201/Obregon-TitoAJ_2015__NO22__bin.52.fa	/home/jshaw/scratch/2022_sketched_distance/references/SGB_genome_fastas_part5/15201/RaymondF_2016__P21E90__bin.27.fa	/home/jshaw/scratch/2022_sketched_distance/references/SGB_genome_fastas_part5/15201/VogtmannE_2016__MMRS15137911ST-27-0-0__bin.27.fa	/home/jshaw/scratch/2022_sketched_distance/references/SGB_genome_fastas_part5/15201/VogtmannE_2016__MMRS55294627ST-27-0-0__bin.38.fa	/home/jshaw/scratch/2022_sketched_distance/references/SGB_genome_fastas_part5/15201/VogtmannE_2016__MMRS80093644ST-27-0-0__bin.27.fa	/home/jshaw/scratch/2022_sketched_distance/references/SGB_genome_fastas_part5/15201/XieH_2016__YSZC12003_35387__bin.21.fa	/home/jshaw/scratch/2022_sketched_distance/references/SGB_genome_fastas_part5/15201/XieH_2016__YSZC12003_36699__bin.14.fa	/home/jshaw/scratch/2022_sketched_distance/references/SGB_genome_fastas_part5/15201/XieH_2016__YSZC12003_37199__bin.48.fa	/home/jshaw/scratch/2022_sketched_distance/references/SGB_genome_fastas_part5/15201/XieH_2016__YSZC12003_37297R1__bin.8.fa	/home/jshaw/scratch/2022_sketched_distance/references/SGB_genome_fastas_part5/15201/YuJ_2015__SZAXPI003413-4__bin.66.fa	/home/jshaw/scratch/2022_sketched_distance/references/SGB_genome_fastas_part5/15201/YuJ_2015__SZAXPI015225-18__bin.48.fa	/home/jshaw/scratch/2022_sketched_distance/references/SGB_genome_fastas_part5/15201/YuJ_2015__SZAXPI017584-108__bin.17.fa	/home/jshaw/scratch/2022_sketched_distance/references/SGB_genome_fastas_part5/15201/ZeeviD_2015__PNP_Main_123__bin.25.fa	/home/jshaw/scratch/2022_sketched_distance/references/SGB_genome_fastas_part5/15201/ZellerG_2014__CCIS17669415ST-4-0__bin.25.fa	/home/jshaw/scratch/2022_sketched_distance/references/SGB_genome_fastas_part5/15201/ZellerG_2014__CCIS33816588ST-4-0__bin.26.fa	/home/jshaw/scratch/2022_sketched_distance/references/SGB_genome_fastas_part5/15201/ZellerG_2014__CCIS81710917ST-20-0__bin.55.fa	/home/jshaw/scratch/2022_sketched_distance/references/SGB_genome_fastas_part5/15201/ZellerG_2014__CCIS87167916ST-4-0__bin.6.fa	/home/jshaw/scratch/2022_sketched_distance/references/SGB_genome_fastas_part5/15201/ZellerG_2014__CCIS90166425ST-4-0__bin.57.fa	/home/jshaw/scratch/2022_sketched_distance/references/SGB_genome_fastas_part5/15201/ZellerG_2014__CCMD12232071ST-21-0__bin.2.fa	/home/jshaw/scratch/2022_sketched_distance/references/SGB_genome_fastas_part5/15201/ZellerG_2014__CCMD25511638ST-21-0__bin.43.fa
1.0	0.9862447595746949	0.9846717056039209	0.9861425426914028	0.9798679206688965	0.9875123292555804	0.9885128999071892	0.9847897700984228	0.9888143917509619	0.9872590729449172	0.9865560796449043	0.9884793258043247	0.9880863112194347	0.9887926996441493	0.987899647733093	0.9777965464546525	0.9881058592037075	0.9880026683082014	0.9792507329240622	0.9894720083666226	0.9852589948629127	0.9867037082490706	0.985244365444345	0.9868927880748816	0.9864111154863329	0.981464001540731	0.9825931873089979	0.988475545404984	0.9888054413130751	0.9859171041078079	0.9865942713131374	0.9875595347616083
0.9862447595746949	1.0	0.9835312182206821	0.9852737591623466	0.9849662486717914	0.986916160632062	0.9863789551204534	0.9826593037560725	0.9874777457337693	0.9855817383936559	0.9854633113478396	0.9872286108046687	0.98820218766447	0.9873076753241729	0.9869168558035549	0.9754805688029279	0.9854387370989416	0.9875145915661174	0.977102648574177	0.9863904838524159	0.9834024687340278	0.9894102230217685	0.9838844400003202	0.9842314656937594	0.9855622159726363	0.9803256910382306	0.9826120895366555	0.9867871180309056	0.9875666016156618	0.9907564378942197	0.9969328550443475	0.9869467046138825
0.9846717056039209	0.9835312182206821	1.0	0.9865419669594153	0.9826926382997919	0.9849499348883455	0.9853320236248881	0.9833096135468382	0.9852791666620385	0.9830257956114574	0.9851673232999694	0.9852668307953979	0.9858964588272596	0.9858913081221712	0.984705719690778	0.977877705565608	0.9838099275163465	0.985685615255857	0.9776254439389881	0.9837623291196175	0.9830966294020317	0.9842051776125603	0.9840500857694395	0.9842934810255787	0.9847493306241947	0.9817020215248543	0.9810313018717869	0.9849309961248183	0.9856025711826911	0.983729606594616	0.9838070131140068	0.9850768261098526
0.9861425426914028	0.9852737591623466	0.9865419669594153	1.0	0.9854113872405202	0.9876316900847449	0.9877672429970409	0.9852626408799884	0.9857505345694767	0.987154342183326	0.988753462757767	0.9872350394065807	0.9875379684144472	0.9874156792125005	0.9864528160785879	0.9791156525776343	0.9855769692002733	0.9865263071223996	0.9782169417041507	0.9852638989360678	0.9850534394254409	0.9857174638322638	0.9880537094778952	0.9882448904671118	0.9855314192624614	0.9838184422931624	0.9828406826604208	0.9868261609882064	0.9872030824501428	0.9855030078645073	0.9854630764489413	0.9863793385984521
0.9798679206688965	0.9849662486717914	0.9826926382997919	0.9854113872405202	1.0	0.9822459549380614	0.9819619376194173	0.9795560752881206	0.9821634938651159	0.9796378075349874	0.9824464913498955	0.9818577888419215	0.9830074514443403	0.9817025624299331	0.9816499699269917	0.9734203532919941	0.979957870454208	0.9819061741465942	0.9722224554866714	0.9802965246698983	0.9796812972007325	0.9841783980302975	0.9839644621998994	0.9840141665725509	0.9819034716262539	0.9794907920287096	0.9786425211238331	0.9812162344826695	0.9828547163739031	0.9910548685030081	0.984687166555397	0.9813886577820319
0.9875123292555804	0.986916160632062	0.9849499348883455	0.9876316900847449	0.9822459549380614	1.0	0.9870590232257896	0.9841606014556337	0.9870584587776148	0.98754667135018	0.9869031761122553	0.9886032684427118	0.988979224920314	0.9883472700742834	0.988601064420341	0.977116772679143	0.9868901544263797	0.9883421093461083	0.9783226315382858	0.9870364231539899	0.9846089265081673	0.9869420842453613	0.9852003518152297	0.9854059305645748	0.98615268387846	0.9818521920804874	0.982477654098154	0.9876464440805496	0.9882065400393599	0.9869223431111697	0.9869464122021459	0.9877947006097556
0.9885128999071892	0.9863789551204534	0.9853320236248881	0.9877672429970409	0.9819619376194173	0.9870590232257896	1.0	0.9849925311376801	0.9890253274647203	0.9866751684381136	0.987233806505743	0.988725414639279	0.9878676765423997	0.9885663642831352	0.9878814299403023	0.9776049240623305	0.9894202214012568	0.9881216696096643	0.9787346577050988	0.9878310428532273	0.9844127561594347	0.9870122835542585	0.9856046526048434	0.9875897633338565	0.9863770025822396	0.9821390542494371	0.9838604684068171	0.9896426331572952	0.9884314412702606	0.9860756715747488	0.9866665103769477	0.9873600840998609
0.9847897700984228	0.9826593037560725	0.9833096135468382	0.9852626408799884	0.9795560752881206	0.9841606014556337	0.9849925311376801	1.0	0.9842860481444503	0.9833067419256356	0.9845820342534127	0.9852078234145094	0.985425315942807	0.9854004586700539	0.9842608176591631	0.9778453548160084	0.9835259995146242	0.9850677267516108	0.9785545622207679	0.9829321934207086	0.9822058975055937	0.983479894607905	0.9823076343989386	0.9829775614265877	0.9836710484851753	0.9814561104040053	0.9807149699103929	0.9842881406101199	0.985251115048517	0.9833696605112101	0.9832005041089792	0.9848677391286562
0.9888143917509619	0.9874777457337693	0.9852791666620385	0.9857505345694767	0.9821634938651159	0.9870584587776148	0.9890253274647203	0.9842860481444503	1.0	0.9874286026849036	0.9872101471254746	0.9887264949012886	0.9883869639886519	0.9886292602768407	0.98834767799829	0.9770704323593992	0.9882286253306827	0.988420491744573	0.979384033019507	0.9881009105164946	0.9849780552200098	0.9879254388414508	0.9849969734218128	0.9857509169620338	0.9860199155872984	0.9814229224253832	0.9833513089768411	0.9892526982142649	0.9883388555998894	0.9872102918757822	0.9872634305247339	0.9880924091254891
0.9872590729449172	0.9855817383936559	0.9830257956114574	0.987154342183326	0.9796378075349874	0.98754667135018	0.9866751684381136	0.9833067419256356	0.9874286026849036	1.0	0.9884447014263763	0.988904113174496	0.9877210034503181	0.987285365842862	0.9883842119677482	0.9757760332022049	0.9865280769661192	0.9872266467507637	0.9773309068971795	0.9871400578973125	0.9841346925875799	0.985745887236215	0.9835627171679245	0.9843634378699149	0.984545970694766	0.9793939966552163	0.981328543733957	0.9868865584440623	0.9875501681136504	0.9857173873715156	0.9855140523784863	0.9873513148371823
0.9865560796449043	0.9854633113478396	0.9851673232999694	0.988753462757767	0.9824464913498955	0.9869031761122553	0.987233806505743	0.9845820342534127	0.9872101471254746	0.9884447014263763	1.0	0.9885925312682732	0.9872349549220466	0.9870851106125381	0.9870867155232331	0.977822810423958	0.9860052408975918	0.9869221919484588	0.9777826277303058	0.9860198400199442	0.9848794879553656	0.9862581966135227	0.9852541591884679	0.9859972889202634	0.985632837973785	0.9820067632332965	0.9820439827316272	0.9873152218071115	0.987619135380057	0.9857869025989692	0.9856918349270877	0.9866394213734025
0.9884793258043247	0.9872286108046687	0.9852668307953979	0.9872350394065807	0.9818577888419215	0.9886032684427118	0.988725414639279	0.9852078234145094	0.9887264949012886	0.988904113174496	0.9885925312682732	1.0	0.9891720175373031	0.9888767796965545	0.9888261254636265	0.977940011389112	0.9875274313210343	0.9884810922875988	0.9795095360381391	0.9884179278424213	0.9862324341822194	0.988001487466354	0.9848782416229789	0.9857005615888675	0.9866391256873155	0.9820742253525543	0.9833624568128112	0.9882895392672247	0.9896882893297095	0.9876340772671163	0.9873463005694879	0.9879554307124815
0.9880863112194347	0.98820218766447	0.9858964588272596	0.9875379684144472	0.9830074514443403	0.988979224920314	0.9878676765423997	0.985425315942807	0.9883869639886519	0.9877210034503181	0.9872349549220466	0.9891720175373031	1.0	0.9892572217090377	0.9894720083666226	0.9787324639293542	0.988048289025497	0.9895144107668731	0.9787415219722084	0.9878368919472642	0.985484729637619	0.9882209644969158	0.9854635434661521	0.9854135373623454	0.9877350542156859	0.9817636588590078	0.9838354770909938	0.9878973558886069	0.9899161894816277	0.9882682613263515	0.9881151979953677	0.9889842220174716
0.9887926996441493	0.9873076753241729	0.9858913081221712	0.9874156792125005	0.9817025624299331	0.9883472700742834	0.9885663642831352	0.9854004586700539	0.9886292602768407	0.987285365842862	0.9870851106125381	0.9888767796965545	0.9892572217090377	1.0	0.989640375577448	0.97898750049812	0.988292945256389	0.9891909794080287	0.9803308794162207	0.9877058189927161	0.9856644741682384	0.9874320388193021	0.9849218141520854	0.9855320672332739	0.9868077658697281	0.9823079865133915	0.9848469961364898	0.9887079484167918	0.9892460921597934	0.9868089816619389	0.9874959778993433	0.9883356142924231
0.987899647733093	0.9869168558035549	0.984705719690778	0.9864528160785879	0.9816499699269917	0.988601064420341	0.9878814299403023	0.9842608176591631	0.98834767799829	0.9883842119677482	0.9870867155232331	0.9888261254636265	0.9894720083666226	0.989640375577448	1.0	0.9782595278075172	0.9883504886108262	0.9893014789574968	0.9788283364677614	0.9879930975099231	0.9848482166925312	0.9873379146311089	0.9846372554402882	0.9847938754845948	0.985985516294425	0.9806709683417838	0.9845708892887896	0.9880436320896171	0.9886976070018061	0.9869992949780463	0.9870056455892898	0.9886150671977354
0.9777965464546525	0.9754805688029279	0.977877705565608	0.9791156525776343	0.9734203532919941	0.977116772679143	0.9776049240623305	0.9778453548160084	0.9770704323593992	0.9757760332022049	0.977822810423958	0.977940011389112	0.9787324639293542	0.97898750049812	0.9782595278075172	1.0	0.9768214817861267	0.978436401418681	0.9726605116553589	0.9757552827096667	0.978383407556944	0.975589484523293	0.9769105695175944	0.9773183292570958	0.97649004069196	0.9757328567158944	0.9755520490533314	0.9771170920416423	0.9780551067050961	0.9755549270054917	0.9759691117201538	0.977505164793692
0.9881058592037075	0.9854387370989416	0.9838099275163465	0.9855769692002733	0.979957870454208	0.9868901544263797	0.9894202214012568	0.9835259995146242	0.9882286253306827	0.9865280769661192	0.9860052408975918	0.9875274313210343	0.988048289025497	0.988292945256389	0.9883504886108262	0.9768214817861267	1.0	0.9886450130758588	0.9780263495423968	0.9877144101831254	0.9842309363673741	0.9857726996898323	0.9840569096323412	0.9855347514563146	0.9849600920491546	0.9805764150183176	0.9825109533937484	0.9890597171099417	0.9875043266368082	0.9857027669909847	0.9858988902990126	0.9869004203100076
0.9880026683082014	0.9875145915661174	0.985685615255857	0.9865263071223996	0.9819061741465942	0.9883421093461083	0.9881216696096643	0.9850677267516108	0.988420491744573	0.9872266467507637	0.9869221919484588	0.9884810922875988	0.9895144107668731	0.9891909794080287	0.9893014789574968	0.978436401418681	0.9886450130758588	1.0	0.9794863651985021	0.9877422913540583	0.9850773109872034	0.98707660912791	0.9854232495075196	0.9854202071640433	0.9869983723112498	0.9814458191723433	0.984475136907053	0.9890129210349399	0.9886454228765159	0.9873101872867176	0.9878968425874488	0.9896292491004677
0.9792507329240622	0.977102648574177	0.9776254439389881	0.9782169417041507	0.9722224554866714	0.9783226315382858	0.9787346577050988	0.9785545622207679	0.979384033019507	0.9773309068971795	0.9777826277303058	0.9795095360381391	0.9787415219722084	0.9803308794162207	0.9788283364677614	0.9726605116553589	0.9780263495423968	0.9794863651985021	1.0	0.9774058573617285	0.9781397627255521	0.9769924964258824	0.9748711849112242	0.975320532717748	0.9780563921786268	0.9757484035428902	0.9759424659192367	0.9794875969018397	0.9801458674258006	0.9766731761341872	0.9769508453975427	0.9789406923882423
0.9894720083666226	0.9863904838524159	0.9837623291196175	0.9852638989360678	0.9802965246698983	0.9870364231539899	0.9878310428532273	0.9829321934207086	0.9881009105164946	0.9871400578973125	0.9860198400199442	0.9884179278424213	0.9878368919472642	0.9877058189927161	0.9879930975099231	0.9757552827096667	0.9877144101831254	0.9877422913540583	0.9774058573617285	1.0	0.9835435757122231	0.9870301373495898	0.9842531862176479	0.9860580945392263	0.9852822848033588	0.9806547338666409	0.9822337105544056	0.9880263564740668	0.9881758863709139	0.9862629111531327	0.9858385749226739	0.987331997691386
0.9852589948629127	0.9834024687340278	0.9830966294020317	0.9850534394254409	0.9796812972007325	0.9846089265081673	0.9844127561594347	0.9822058975055937	0.9849780552200098	0.9841346925875799	0.9848794879553656	0.9862324341822194	0.985484729637619	0.9856644741682384	0.9848482166925312	0.978383407556944	0.9842309363673741	0.9850773109872034	0.9781397627255521	0.9835435757122231	1.0	0.9838580754440173	0.9825843885180063	0.9820970470322654	0.9837911853688363	0.9792887971244064	0.9808680770555348	0.9850547512825094	0.9859143436557382	0.9838023776929871	0.983959357673124	0.9851001088418769
0.9867037082490706	0.9894102230217685	0.9842051776125603	0.9857174638322638	0.9841783980302975	0.9869420842453613	0.9870122835542585	0.983479894607905	0.9879254388414508	0.985745887236215	0.9862581966135227	0.988001487466354	0.9882209644969158	0.9874320388193021	0.9873379146311089	0.975589484523293	0.9857726996898323	0.98707660912791	0.9769924964258824	0.9870301373495898	0.9838580754440173	1.0	0.9852736035966949	0.9850288781369995	0.9856447502213548	0.9799753770729447	0.9819775405716332	0.9868345185653885	0.9879870447927132	0.9888314351175359	0.9894917977974453	0.9867573936176788
0.985244365444345	0.9838844400003202	0.9840500857694395	0.9880537094778952	0.9839644621998994	0.9852003518152297	0.9856046526048434	0.9823076343989386	0.9849969734218128	0.9835627171679245	0.9852541591884679	0.9848782416229789	0.9854635434661521	0.9849218141520854	0.9846372554402882	0.9769105695175944	0.9840569096323412	0.9854232495075196	0.9748711849112242	0.9842531862176479	0.9825843885180063	0.9852736035966949	1.0	0.9885484586440654	0.9836346542831499	0.9811577069455627	0.9805588432318812	0.9855993043789527	0.98517604476742	0.9834685394665611	0.9845057326395471	0.9851387887907403
0.9868927880748816	0.9842314656937594	0.9842934810255787	0.9882448904671118	0.9840141665725509	0.9854059305645748	0.9875897633338565	0.9829775614265877	0.9857509169620338	0.9843634378699149	0.9859972889202634	0.9857005615888675	0.9854135373623454	0.9855320672332739	0.9847938754845948	0.9773183292570958	0.9855347514563146	0.9854202071640433	0.975320532717748	0.9860580945392263	0.9820970470322654	0.9850288781369995	0.9885484586440654	1.0	0.9841443416177884	0.9816830950729042	0.9803800084371992	0.9867467952652148	0.9855689927330739	0.9840444652293732	0.9848855577735837	0.9853754076782852
0.9864111154863329	0.9855622159726363	0.9847493306241947	0.9855314192624614	0.9819034716262539	0.98615268387846	0.9863770025822396	0.9836710484851753	0.9860199155872984	0.984545970694766	0.985632837973785	0.9866391256873155	0.9877350542156859	0.9868077658697281	0.985985516294425	0.97649004069196	0.9849600920491546	0.9869983723112498	0.9780563921786268	0.9852822848033588	0.9837911853688363	0.9856447502213548	0.9836346542831499	0.9841443416177884	1.0	0.9810248167420702	0.9812259082746874	0.9861805194858833	0.9878117012073788	0.9857219509528787	0.9858958473675834	0.9861660347854323
0.981464001540731	0.9803256910382306	0.9817020215248543	0.9838184422931624	0.9794907920287096	0.9818521920804874	0.9821390542494371	0.9814561104040053	0.9814229224253832	0.9793939966552163	0.9820067632332965	0.9820742253525543	0.9817636588590078	0.9823079865133915	0.9806709683417838	0.9757328567158944	0.9805764150183176	0.9814458191723433	0.9757484035428902	0.9806547338666409	0.9792887971244064	0.9799753770729447	0.9811577069455627	0.9816830950729042	0.9810248167420702	1.0	0.9768345585450257	0.9824415953061654	0.9822227925296255	0.9804574431559296	0.9801869842265635	0.9816381672291825
0.9825931873089979	0.9826120895366555	0.9810313018717869	0.9828406826604208	0.9786425211238331	0.982477654098154	0.9838604684068171	0.9807149699103929	0.9833513089768411	0.981328543733957	0.9820439827316272	0.9833624568128112	0.9838354770909938	0.9848469961364898	0.9845708892887896	0.9755520490533314	0.9825109533937484	0.984475136907053	0.9759424659192367	0.9822337105544056	0.9808680770555348	0.9819775405716332	0.9805588432318812	0.9803800084371992	0.9812259082746874	0.9768345585450257	1.0	0.9838033861949098	0.9835905896650504	0.9822821920986228	0.9822358175940932	0.9835901262328692
0.988475545404984	0.9867871180309056	0.9849309961248183	0.9868261609882064	0.9812162344826695	0.9876464440805496	0.9896426331572952	0.9842881406101199	0.9892526982142649	0.9868865584440623	0.9873152218071115	0.9882895392672247	0.9878973558886069	0.9887079484167918	0.9880436320896171	0.9771170920416423	0.9890597171099417	0.9890129210349399	0.9794875969018397	0.9880263564740668	0.9850547512825094	0.9868345185653885	0.9855993043789527	0.9867467952652148	0.9861805194858833	0.9824415953061654	0.9838033861949098	1.0	0.9883961541797405	0.9864113121296532	0.9865671461031097	0.9878747189976333
0.9888054413130751	0.9875666016156618	0.9856025711826911	0.9872030824501428	0.9828547163739031	0.9882065400393599	0.9884314412702606	0.985251115048517	0.9883388555998894	0.9875501681136504	0.987619135380057	0.9896882893297095	0.9899161894816277	0.9892460921597934	0.9886976070018061	0.9780551067050961	0.9875043266368082	0.9886454228765159	0.9801458674258006	0.9881758863709139	0.9859143436557382	0.9879870447927132	0.98517604476742	0.9855689927330739	0.9878117012073788	0.9822227925296255	0.9835905896650504	0.9883961541797405	1.0	0.9881084621406537	0.9878722187188822	0.9886708468827942
0.9859171041078079	0.9907564378942197	0.983729606594616	0.9855030078645073	0.9910548685030081	0.9869223431111697	0.9860756715747488	0.9833696605112101	0.9872102918757822	0.9857173873715156	0.9857869025989692	0.9876340772671163	0.9882682613263515	0.9868089816619389	0.9869992949780463	0.9755549270054917	0.9857027669909847	0.9873101872867176	0.9766731761341872	0.9862629111531327	0.9838023776929871	0.9888314351175359	0.9834685394665611	0.9840444652293732	0.9857219509528787	0.9804574431559296	0.9822821920986228	0.9864113121296532	0.9881084621406537	1.0	0.9896208829268317	0.9866759660262479
0.9865942713131374	0.9969328550443475	0.9838070131140068	0.9854630764489413	0.984687166555397	0.9869464122021459	0.9866665103769477	0.9832005041089792	0.9872634305247339	0.9855140523784863	0.9856918349270877	0.9873463005694879	0.9881151979953677	0.9874959778993433	0.9870056455892898	0.9759691117201538	0.9858988902990126	0.9878968425874488	0.9769508453975427	0.9858385749226739	0.983959357673124	0.9894917977974453	0.9845057326395471	0.9848855577735837	0.9858958473675834	0.9801869842265635	0.9822358175940932	0.9865671461031097	0.9878722187188822	0.9896208829268317	1.0	0.9870999477057775
0.9875595347616083	0.9869467046138825	0.9850768261098526	0.9863793385984521	0.9813886577820319	0.9877947006097556	0.9873600840998609	0.9848677391286562	0.9880924091254891	0.9873513148371823	0.9866394213734025	0.9879554307124815	0.9889842220174716	0.9883356142924231	0.9886150671977354	0.977505164793692	0.9869004203100076	0.9896292491004677	0.9789406923882423	0.987331997691386	0.9851001088418769	0.9867573936176788	0.9851387887907403	0.9853754076782852	0.9861660347854323	0.9816381672291825	0.9835901262328692	0.9878747189976333	0.9886708468827942	0.9866759660262479	0.9870999477057775	1.0
