/home/jshaw/scratch/2022_sketched_distance/references/SGB_genome_fastas_part4/8651/Bengtsson-PalmeJ_2015__TRAVELRES63__bin.91.fa	/home/jshaw/scratch/2022_sketched_distance/references/SGB_genome_fastas_part4/8651/Bengtsson-PalmeJ_2015__TRAVELRES64__bin.3.fa	/home/jshaw/scratch/2022_sketched_distance/references/SGB_genome_fastas_part4/8651/BritoIL_2016__M1.24.ST__bin.37.fa	/home/jshaw/scratch/2022_sketched_distance/references/SGB_genome_fastas_part4/8651/BritoIL_2016__M1.27.ST__bin.1.fa	/home/jshaw/scratch/2022_sketched_distance/references/SGB_genome_fastas_part4/8651/BritoIL_2016__M1.65.ST__bin.19.fa	/home/jshaw/scratch/2022_sketched_distance/references/SGB_genome_fastas_part4/8651/BritoIL_2016__M2.31.ST__bin.48.fa	/home/jshaw/scratch/2022_sketched_distance/references/SGB_genome_fastas_part4/8651/BritoIL_2016__M2.32.ST__bin.43.fa	/home/jshaw/scratch/2022_sketched_distance/references/SGB_genome_fastas_part4/8651/BritoIL_2016__M2.38.ST__bin.34.fa	/home/jshaw/scratch/2022_sketched_distance/references/SGB_genome_fastas_part4/8651/BritoIL_2016__M2.48.ST__bin.10.fa	/home/jshaw/scratch/2022_sketched_distance/references/SGB_genome_fastas_part4/8651/BritoIL_2016__M2.52.ST__bin.55.fa	/home/jshaw/scratch/2022_sketched_distance/references/SGB_genome_fastas_part4/8651/BritoIL_2016__W1.1.ST__bin.95.fa	/home/jshaw/scratch/2022_sketched_distance/references/SGB_genome_fastas_part4/8651/BritoIL_2016__W2.15.ST__bin.66.fa	/home/jshaw/scratch/2022_sketched_distance/references/SGB_genome_fastas_part4/8651/BritoIL_2016__W3.20.ST__bin.30.fa	/home/jshaw/scratch/2022_sketched_distance/references/SGB_genome_fastas_part4/8651/BritoIL_2016__WL.15.ST__bin.63.fa	/home/jshaw/scratch/2022_sketched_distance/references/SGB_genome_fastas_part4/8651/BritoIL_2016__WL.17.ST__bin.18.fa	/home/jshaw/scratch/2022_sketched_distance/references/SGB_genome_fastas_part4/8651/CM_madagascar__A14_01_1FE__bin.15.fa	/home/jshaw/scratch/2022_sketched_distance/references/SGB_genome_fastas_part4/8651/CM_madagascar__A25_01_1FE__bin.10.fa	/home/jshaw/scratch/2022_sketched_distance/references/SGB_genome_fastas_part4/8651/CM_madagascar__A53_01_1FE__bin.6.fa	/home/jshaw/scratch/2022_sketched_distance/references/SGB_genome_fastas_part4/8651/CM_madagascar__A55_02_1FE__bin.58.fa	/home/jshaw/scratch/2022_sketched_distance/references/SGB_genome_fastas_part4/8651/CM_madagascar__A56_01_1FE__bin.28.fa	/home/jshaw/scratch/2022_sketched_distance/references/SGB_genome_fastas_part4/8651/CosteaPI_2017__SID713A074-11-0-0__bin.18.fa	/home/jshaw/scratch/2022_sketched_distance/references/SGB_genome_fastas_part4/8651/HMP_2012__SRS049959__bin.75.fa	/home/jshaw/scratch/2022_sketched_distance/references/SGB_genome_fastas_part4/8651/LeChatelierE_2013__MH0065__bin.14.fa	/home/jshaw/scratch/2022_sketched_distance/references/SGB_genome_fastas_part4/8651/LiuW_2016__SRR3993044__bin.128.fa	/home/jshaw/scratch/2022_sketched_distance/references/SGB_genome_fastas_part4/8651/NielsenHB_2014__MH0065__bin.14.fa	/home/jshaw/scratch/2022_sketched_distance/references/SGB_genome_fastas_part4/8651/RampelliS_2015__H18__bin.17.fa	/home/jshaw/scratch/2022_sketched_distance/references/SGB_genome_fastas_part4/8651/ZeeviD_2015__PNP_Main_22__bin.20.fa	/home/jshaw/scratch/2022_sketched_distance/references/SGB_genome_fastas_part4/8651/ZeeviD_2015__PNP_Main_415__bin.68.fa	/home/jshaw/scratch/2022_sketched_distance/references/SGB_genome_fastas_part4/8651/ZeeviD_2015__PNP_Main_618__bin.4.fa	/home/jshaw/scratch/2022_sketched_distance/references/SGB_genome_fastas_part4/8651/ZeeviD_2015__PNP_Main_654__bin.4.fa	/home/jshaw/scratch/2022_sketched_distance/references/SGB_genome_fastas_part4/8651/ZeeviD_2015__PNP_Main_660__bin.34.fa
1.0	0.9997390978191826	0.9868381492757279	0.9867484586842941	0.9838428685068294	0.9871355427071777	0.9833372333275945	0.983489906697019	0.9827095514690775	0.9870220914352381	0.9869976729428973	0.9815122514442389	0.9869497964490584	0.9847406729515118	0.9869737434050184	0.9864940054766336	0.9866109898281502	0.9820580802252799	0.9874205776323541	0.987443698667328	0.9877062089149841	0.9864862457411969	0.9863838264145454	0.986813283740703	0.9858266894734439	0.9851481299857747	0.9799852308428824	0.9872074598454804	0.9775710962746939	0.9871432583348565	0.9867144771390579
0.9997390978191826	1.0	0.9867735341174396	0.9868043827776876	0.9838433512394762	0.9871683516970932	0.9833363285338799	0.9834894266464467	0.9826782335450321	0.9868568766632804	0.9867650170020085	0.9814395237620558	0.986933641645086	0.9846883959172501	0.9869576604742029	0.9863529005898356	0.9864744010717372	0.9821192716136097	0.9872622516048332	0.9874051156345037	0.9876920067100571	0.9865172215142164	0.9862676189452343	0.986745426465972	0.9858066510229899	0.985225927397246	0.9799061021675008	0.9871918323606097	0.9775518949236628	0.9871759872061718	0.9867462982601105
0.9868381492757279	0.9867735341174396	1.0	0.9862237526347915	0.983651316761117	0.9869732566044138	0.9821540709330853	0.9836116102383623	0.9826002569412262	0.9870792076049051	0.9869818410963318	0.9813278670471203	0.9861131988356555	0.9844052820740972	0.9861376402486158	0.9856887525439976	0.9863591200279028	0.9821985287266833	0.9866844957112103	0.9866849808834159	0.9862769667557303	0.9855953034355355	0.9860281355931731	0.985883385641557	0.985435210045892	0.9848693514998205	0.9784929798007959	0.9868036165247611	0.976051823861786	0.9862215876087119	0.986358374664799
0.9867484586842941	0.9868043827776876	0.9862237526347915	1.0	0.9887455926566493	0.9922157552773716	0.9827148382344322	0.9835961086832051	0.9832354691422639	0.9872108944767076	0.9871331051442228	0.980757206263159	0.9860171752313694	0.9845350936600977	0.9861403228565863	0.9863619650859556	0.9855356940371925	0.9805869570583348	0.9866662152331646	0.9864224936713875	0.9868749994575519	0.9860390322145749	0.98517758405493	0.9854409348218457	0.9846006606001625	0.9848641601990628	0.9791731245374005	0.9867860064337846	0.9762005202766023	0.985747306291081	0.9866815535640882
0.9838428685068294	0.9838433512394762	0.983651316761117	0.9887455926566493	1.0	0.9891304951354037	0.9804089287549999	0.9826649596335355	0.9818147731708095	0.985977497412202	0.984632511923999	0.9786827179506672	0.9833599619306762	0.9823118481107089	0.9834151309513799	0.9838251113515168	0.9829494535322659	0.9787624270963954	0.9840921690075571	0.983741987103078	0.9842879652367856	0.9834000566662546	0.9832534145883424	0.9833109945878521	0.9827248947725309	0.9826648452205264	0.9766670726978764	0.9849061410773227	0.9741287707478379	0.9834864137424787	0.9832730404381016
0.9871355427071777	0.9871683516970932	0.9869732566044138	0.9922157552773716	0.9891304951354037	1.0	0.9841290359874257	0.9853675274632102	0.9841608723962001	0.9882219549895679	0.9879489477084816	0.9818492037795512	0.986622261771117	0.9854634403370119	0.986720572614394	0.9861752959277986	0.9861323492133437	0.9815288725638647	0.9868582540554226	0.9867600044810773	0.9873188942631033	0.9863211493099829	0.9860393519285753	0.9855207659042987	0.9854853319941768	0.9851074186671079	0.9799909964449826	0.9870550477537325	0.9764296121303049	0.9869395405552718	0.9868742920326009
0.9833372333275945	0.9833363285338799	0.9821540709330853	0.9827148382344322	0.9804089287549999	0.9841290359874257	1.0	0.9816110449064356	0.9813974974689933	0.9863810741536643	0.9834100134561538	0.9796780351176493	0.9830197426434515	0.9799169337580804	0.9831102185209292	0.9815711303308382	0.9815693986823756	0.9783774053562949	0.9825143016970477	0.9828296059881129	0.9824934949881442	0.9825825527427274	0.9824421486467764	0.9822076773310336	0.9816423622598313	0.9799308210604958	0.9764080151644129	0.9828419321863695	0.9693937301464044	0.9826570812564288	0.9825199845003129
0.983489906697019	0.9834894266464467	0.9836116102383623	0.9835961086832051	0.9826649596335355	0.9853675274632102	0.9816110449064356	1.0	0.9855393368783342	0.9904338178003014	0.9846635752069778	0.9803993298870004	0.9842218960878327	0.9827255001688542	0.9842218960878327	0.9825955202431814	0.9821320131325763	0.9820548316120795	0.9833389676138927	0.983130405580525	0.9837030674372663	0.9831523927639408	0.9831717484531209	0.9829733622115191	0.9828387578145128	0.9817562204563303	0.9781703685149126	0.9837334438393678	0.9732528971319959	0.9835828588028538	0.9832546733850425
0.9827095514690775	0.9826782335450321	0.9826002569412262	0.9832354691422639	0.9818147731708095	0.9841608723962001	0.9813974974689933	0.9855393368783342	1.0	0.9928146230105734	0.9838479215977739	0.9780343856189976	0.9830935300545776	0.9814265025296155	0.9830935300545776	0.9812614647759836	0.9818221343158942	0.9789227914217006	0.9825926316903189	0.9822810261033872	0.9827499209147932	0.9828542451380584	0.9824381131180667	0.9821577944082498	0.9825248399228889	0.98065335350088	0.9756288712427299	0.9828996651983181	0.9728667090065554	0.9826394832370048	0.9821014300957867
0.9870220914352381	0.9868568766632804	0.9870792076049051	0.9872108944767076	0.985977497412202	0.9882219549895679	0.9863810741536643	0.9904338178003014	0.9928146230105734	1.0	0.9876551581144408	0.98188915882396	0.986824758885745	0.9851755590157292	0.9868741903460083	0.9861998837194871	0.9858314050968361	0.9826212021098746	0.9866401270058726	0.9864399160849932	0.9868039939935452	0.9866201879120268	0.9860114921170826	0.9864163561572848	0.9854764820818284	0.9846851568037002	0.9793019060399345	0.9866369524524217	0.9760477158204792	0.9867710700467269	0.9863529906534022
0.9869976729428973	0.9867650170020085	0.9869818410963318	0.9871331051442228	0.984632511923999	0.9879489477084816	0.9834100134561538	0.9846635752069778	0.9838479215977739	0.9876551581144408	1.0	0.9810367121747974	0.9867823510556778	0.9839442848676836	0.9868542897281718	0.9858279052753945	0.9862299332014052	0.9817139039502005	0.9873243275739592	0.9868453819393723	0.9867613239682941	0.9861974534944924	0.9858200821158857	0.9863083247316148	0.9852951731404958	0.9849808206052739	0.978950135658085	0.9864027715742336	0.9763883682434162	0.9868516308408548	0.9859782409426802
0.9815122514442389	0.9814395237620558	0.9813278670471203	0.980757206263159	0.9786827179506672	0.9818492037795512	0.9796780351176493	0.9803993298870004	0.9780343856189976	0.98188915882396	0.9810367121747974	1.0	0.9809699499797139	0.978734341124777	0.9810367121747974	0.979898550056293	0.9801178707121845	0.9793479055044699	0.9814048947544158	0.9813824283620158	0.9822324060224776	0.9802629995009079	0.9808307005684139	0.9811983419136494	0.9806875307814299	0.9789430374189562	0.9771281561225243	0.9820111003335843	0.9716440123502065	0.9813434937457346	0.9813405650953022
0.9869497964490584	0.986933641645086	0.9861131988356555	0.9860171752313694	0.9833599619306762	0.986622261771117	0.9830197426434515	0.9842218960878327	0.9830935300545776	0.986824758885745	0.9867823510556778	0.9809699499797139	1.0	0.9835206029512148	0.9997088442474675	0.9857528764792522	0.9863977046056576	0.9819124713281734	0.9869896301797573	0.9868453819393723	0.9868103336791662	0.9864154574188185	0.9858944144754866	0.9861551273573368	0.9854233934970518	0.9845319952163183	0.9795709011174153	0.986476687139214	0.9773900286801228	0.9866315198143764	0.9864224936713875
0.9847406729515118	0.9846883959172501	0.9844052820740972	0.9845350936600977	0.9823118481107089	0.9854634403370119	0.9799169337580804	0.9827255001688542	0.9814265025296155	0.9851755590157292	0.9839442848676836	0.978734341124777	0.9835206029512148	1.0	0.9836341211473222	0.9832272317352413	0.9836845999820629	0.9802827333780042	0.9842477477320057	0.9842523964994379	0.9847050676994784	0.9843694934492113	0.9834972528263166	0.9833283218477831	0.9830477525041829	0.9816183892160759	0.9780634234537956	0.9841652534683069	0.9758269101615279	0.9843954462272765	0.9843421057486266
0.9869737434050184	0.9869576604742029	0.9861376402486158	0.9861403228565863	0.9834151309513799	0.986720572614394	0.9831102185209292	0.9842218960878327	0.9830935300545776	0.9868741903460083	0.9868542897281718	0.9810367121747974	0.9997088442474675	0.9836341211473222	1.0	0.9857528764792522	0.9864216022156712	0.9819124713281734	0.9869896301797573	0.9868694713166359	0.9867858379516664	0.9864878053552957	0.9859438761392513	0.9861807098825118	0.9854489776143671	0.9845319952163183	0.9795709011174153	0.9865012887835909	0.9775358373205147	0.9866560494640358	0.9864469992372428
0.9864940054766336	0.9863529005898356	0.9856887525439976	0.9863619650859556	0.9838251113515168	0.9861752959277986	0.9815711303308382	0.9825955202431814	0.9812614647759836	0.9861998837194871	0.9858279052753945	0.979898550056293	0.9857528764792522	0.9832272317352413	0.9857528764792522	1.0	0.9858878807574084	0.9816173684160738	0.986508214446619	0.9859379797989121	0.9857855369613199	0.985851079032434	0.9849255811220692	0.985447566176931	0.9842548304694307	0.9843860513886926	0.9790246984994988	0.9858511363076417	0.9758983907832083	0.9855256106270434	0.9854177692328148
0.9866109898281502	0.9864744010717372	0.9863591200279028	0.9855356940371925	0.9829494535322659	0.9861323492133437	0.9815693986823756	0.9821320131325763	0.9818221343158942	0.9858314050968361	0.9862299332014052	0.9801178707121845	0.9863977046056576	0.9836845999820629	0.9864216022156712	0.9858878807574084	1.0	0.98226122830922	0.9950238503455737	0.9949947657147242	0.9862954704949645	0.9856960877018685	0.9854628462702472	0.9854228150945976	0.9848057297417384	0.9843401817092325	0.97920397681683	0.9858413653696253	0.975931695269447	0.9858227975267868	0.9860599227542117
0.9820580802252799	0.9821192716136097	0.9821985287266833	0.9805869570583348	0.9787624270963954	0.9815288725638647	0.9783774053562949	0.9820548316120795	0.9789227914217006	0.9826212021098746	0.9817139039502005	0.9793479055044699	0.9819124713281734	0.9802827333780042	0.9819124713281734	0.9816173684160738	0.98226122830922	1.0	0.9828065039343948	0.9825874983405586	0.9831495141542713	0.9821005302673015	0.9814780674328674	0.982154292965458	0.9813502233042747	0.980360005903462	0.9775033107392871	0.9827291665351572	0.9738127919957155	0.9822672929629264	0.9818575861429533
0.9874205776323541	0.9872622516048332	0.9866844957112103	0.9866662152331646	0.9840921690075571	0.9868582540554226	0.9825143016970477	0.9833389676138927	0.9825926316903189	0.9866401270058726	0.9873243275739592	0.9814048947544158	0.9869896301797573	0.9842477477320057	0.9869896301797573	0.986508214446619	0.9950238503455737	0.9828065039343948	1.0	0.9965835459510173	0.9869974702753579	0.986524440207592	0.9861757924567648	0.9860365932669157	0.9855828126728935	0.9853298952450569	0.980037626700945	0.9867607602135656	0.9770990462381727	0.9868422986065596	0.9867050539462139
0.987443698667328	0.9874051156345037	0.9866849808834159	0.9864224936713875	0.983741987103078	0.9867600044810773	0.9828296059881129	0.983130405580525	0.9822810261033872	0.9864399160849932	0.9868453819393723	0.9813824283620158	0.9868453819393723	0.9842523964994379	0.9868694713166359	0.9859379797989121	0.9949947657147242	0.9825874983405586	0.9965835459510173	1.0	0.9868255958217513	0.9860866497066031	0.9859293344849153	0.9860122941705858	0.9853278603679548	0.9848358997327651	0.9795042851368924	0.9866874277402425	0.9768583526977866	0.9866457610210251	0.9865093584558478
0.9877062089149841	0.9876920067100571	0.9862769667557303	0.9868749994575519	0.9842879652367856	0.9873188942631033	0.9824934949881442	0.9837030674372663	0.9827499209147932	0.9868039939935452	0.9867613239682941	0.9822324060224776	0.9868103336791662	0.9847050676994784	0.9867858379516664	0.9857855369613199	0.9862954704949645	0.9831495141542713	0.9869974702753579	0.9868255958217513	1.0	0.9871907031308873	0.9867768495226233	0.9868950261011564	0.9862496315042163	0.9852237141789512	0.9805909483205104	0.9873174411693253	0.9772467574240596	0.9873752224918051	0.9866429658926409
0.9864862457411969	0.9865172215142164	0.9855953034355355	0.9860390322145749	0.9834000566662546	0.9863211493099829	0.9825825527427274	0.9831523927639408	0.9828542451380584	0.9866201879120268	0.9861974534944924	0.9802629995009079	0.9864154574188185	0.9843694934492113	0.9864878053552957	0.985851079032434	0.9856960877018685	0.9821005302673015	0.986524440207592	0.9860866497066031	0.9871907031308873	1.0	0.9865745066630787	0.9866315771479706	0.9858538023013711	0.9843872255097833	0.9793733701372473	0.9863979698282518	0.9763042298641144	0.9872060876751958	0.9857774596892759
0.9863838264145454	0.9862676189452343	0.9860281355931731	0.98517758405493	0.9832534145883424	0.9860393519285753	0.9824421486467764	0.9831717484531209	0.9824381131180667	0.9860114921170826	0.9858200821158857	0.9808307005684139	0.9858944144754866	0.9834972528263166	0.9859438761392513	0.9849255811220692	0.9854628462702472	0.9814780674328674	0.9861757924567648	0.9859293344849153	0.9867768495226233	0.9865745066630787	1.0	0.9859371922776913	0.9987190984034396	0.9840579355306551	0.9806069549261288	0.9858430239246977	0.9765520203239779	0.9862503722892932	0.9854127966664117
0.986813283740703	0.986745426465972	0.985883385641557	0.9854409348218457	0.9833109945878521	0.9855207659042987	0.9822076773310336	0.9829733622115191	0.9821577944082498	0.9864163561572848	0.9863083247316148	0.9811983419136494	0.9861551273573368	0.9833283218477831	0.9861807098825118	0.985447566176931	0.9854228150945976	0.982154292965458	0.9860365932669157	0.9860122941705858	0.9868950261011564	0.9866315771479706	0.9859371922776913	1.0	0.9853649267618242	0.9838233866135071	0.9798362605715941	0.9862362330909858	0.9767808628888718	0.9867080093397136	0.9858428246160764
0.9858266894734439	0.9858066510229899	0.985435210045892	0.9846006606001625	0.9827248947725309	0.9854853319941768	0.9816423622598313	0.9828387578145128	0.9825248399228889	0.9854764820818284	0.9852951731404958	0.9806875307814299	0.9854233934970518	0.9830477525041829	0.9854489776143671	0.9842548304694307	0.9848057297417384	0.9813502233042747	0.9855828126728935	0.9853278603679548	0.9862496315042163	0.9858538023013711	0.9987190984034396	0.9853649267618242	1.0	0.9835617322030755	0.980698789285882	0.9854406553374735	0.9763672580399073	0.9857573605250585	0.984998820816053
0.9851481299857747	0.985225927397246	0.9848693514998205	0.9848641601990628	0.9826648452205264	0.9851074186671079	0.9799308210604958	0.9817562204563303	0.98065335350088	0.9846851568037002	0.9849808206052739	0.9789430374189562	0.9845319952163183	0.9816183892160759	0.9845319952163183	0.9843860513886926	0.9843401817092325	0.980360005903462	0.9853298952450569	0.9848358997327651	0.9852237141789512	0.9843872255097833	0.9840579355306551	0.9838233866135071	0.9835617322030755	1.0	0.9773234922917985	0.9851161240280547	0.9743887993407802	0.9854703849509403	0.9843625907224204
0.9799852308428824	0.9799061021675008	0.9784929798007959	0.9791731245374005	0.9766670726978764	0.9799909964449826	0.9764080151644129	0.9781703685149126	0.9756288712427299	0.9793019060399345	0.978950135658085	0.9771281561225243	0.9795709011174153	0.9780634234537956	0.9795709011174153	0.9790246984994988	0.97920397681683	0.9775033107392871	0.980037626700945	0.9795042851368924	0.9805909483205104	0.9793733701372473	0.9806069549261288	0.9798362605715941	0.980698789285882	0.9773234922917985	1.0	0.980031831987751	0.9714524714643751	0.9806739207952567	0.9788916935663989
0.9872074598454804	0.9871918323606097	0.9868036165247611	0.9867860064337846	0.9849061410773227	0.9870550477537325	0.9828419321863695	0.9837334438393678	0.9828996651983181	0.9866369524524217	0.9864027715742336	0.9820111003335843	0.986476687139214	0.9841652534683069	0.9865012887835909	0.9858511363076417	0.9858413653696253	0.9827291665351572	0.9867607602135656	0.9866874277402425	0.9873174411693253	0.9863979698282518	0.9858430239246977	0.9862362330909858	0.9854406553374735	0.9851161240280547	0.980031831987751	1.0	0.9773251363996858	0.9865922342798983	0.9868748988637286
0.9775710962746939	0.9775518949236628	0.976051823861786	0.9762005202766023	0.9741287707478379	0.9764296121303049	0.9693937301464044	0.9732528971319959	0.9728667090065554	0.9760477158204792	0.9763883682434162	0.9716440123502065	0.9773900286801228	0.9758269101615279	0.9775358373205147	0.9758983907832083	0.975931695269447	0.9738127919957155	0.9770990462381727	0.9768583526977866	0.9772467574240596	0.9763042298641144	0.9765520203239779	0.9767808628888718	0.9763672580399073	0.9743887993407802	0.9714524714643751	0.9773251363996858	1.0	0.9768253918120562	0.97602565337553
0.9871432583348565	0.9871759872061718	0.9862215876087119	0.985747306291081	0.9834864137424787	0.9869395405552718	0.9826570812564288	0.9835828588028538	0.9826394832370048	0.9867710700467269	0.9868516308408548	0.9813434937457346	0.9866315198143764	0.9843954462272765	0.9866560494640358	0.9855256106270434	0.9858227975267868	0.9822672929629264	0.9868422986065596	0.9866457610210251	0.9873752224918051	0.9872060876751958	0.9862503722892932	0.9867080093397136	0.9857573605250585	0.9854703849509403	0.9806739207952567	0.9865922342798983	0.9768253918120562	1.0	0.9861363988597586
0.9867144771390579	0.9867462982601105	0.986358374664799	0.9866815535640882	0.9832730404381016	0.9868742920326009	0.9825199845003129	0.9832546733850425	0.9821014300957867	0.9863529906534022	0.9859782409426802	0.9813405650953022	0.9864224936713875	0.9843421057486266	0.9864469992372428	0.9854177692328148	0.9860599227542117	0.9818575861429533	0.9867050539462139	0.9865093584558478	0.9866429658926409	0.9857774596892759	0.9854127966664117	0.9858428246160764	0.984998820816053	0.9843625907224204	0.9788916935663989	0.9868748988637286	0.97602565337553	0.9861363988597586	1.0
