/home/jshaw/scratch/2022_sketched_distance/references/SGB_genome_fastas_part2/4372/BritoIL_2016__M1.38.ST__bin.60.fa	/home/jshaw/scratch/2022_sketched_distance/references/SGB_genome_fastas_part2/4372/BritoIL_2016__M2.36.ST__bin.4.fa	/home/jshaw/scratch/2022_sketched_distance/references/SGB_genome_fastas_part2/4372/BritoIL_2016__M2.37.ST__bin.35.fa	/home/jshaw/scratch/2022_sketched_distance/references/SGB_genome_fastas_part2/4372/BritoIL_2016__M2.41.ST__bin.36.fa	/home/jshaw/scratch/2022_sketched_distance/references/SGB_genome_fastas_part2/4372/BritoIL_2016__M2.44.ST__bin.6.fa	/home/jshaw/scratch/2022_sketched_distance/references/SGB_genome_fastas_part2/4372/BritoIL_2016__WL.28.ST__bin.7.fa	/home/jshaw/scratch/2022_sketched_distance/references/SGB_genome_fastas_part2/4372/CM_madagascar__A39_02_1FE__bin.34.fa	/home/jshaw/scratch/2022_sketched_distance/references/SGB_genome_fastas_part2/4372/CM_madagascar__A94_03_1FE__bin.9.fa	/home/jshaw/scratch/2022_sketched_distance/references/SGB_genome_fastas_part2/4372/CosteaPI_2017__SID713A004-11-90-0__bin.51.fa	/home/jshaw/scratch/2022_sketched_distance/references/SGB_genome_fastas_part2/4372/CosteaPI_2017__SID713A038-11-90-0__bin.25.fa	/home/jshaw/scratch/2022_sketched_distance/references/SGB_genome_fastas_part2/4372/CosteaPI_2017__SID713A051-11-0-0__bin.6.fa	/home/jshaw/scratch/2022_sketched_distance/references/SGB_genome_fastas_part2/4372/CosteaPI_2017__SID713B051-11-0-0__bin.64.fa	/home/jshaw/scratch/2022_sketched_distance/references/SGB_genome_fastas_part2/4372/CosteaPI_2017__SID713B051-11-90-0__bin.29.fa	/home/jshaw/scratch/2022_sketched_distance/references/SGB_genome_fastas_part2/4372/CosteaPI_2017__SID713B066-11-0-0__bin.23.fa	/home/jshaw/scratch/2022_sketched_distance/references/SGB_genome_fastas_part2/4372/CosteaPI_2017__SID713B066-11-90-0__bin.38.fa	/home/jshaw/scratch/2022_sketched_distance/references/SGB_genome_fastas_part2/4372/CosteaPI_2017__SID713B072-11-90-0__bin.79.fa	/home/jshaw/scratch/2022_sketched_distance/references/SGB_genome_fastas_part2/4372/FengQ_2015__SID530600__bin.53.fa	/home/jshaw/scratch/2022_sketched_distance/references/SGB_genome_fastas_part2/4372/LeChatelierE_2013__MH0053__bin.24.fa	/home/jshaw/scratch/2022_sketched_distance/references/SGB_genome_fastas_part2/4372/LeChatelierE_2013__MH0096__bin.55.fa	/home/jshaw/scratch/2022_sketched_distance/references/SGB_genome_fastas_part2/4372/LeChatelierE_2013__MH0118__bin.24.fa	/home/jshaw/scratch/2022_sketched_distance/references/SGB_genome_fastas_part2/4372/LeChatelierE_2013__MH0224__bin.50.fa	/home/jshaw/scratch/2022_sketched_distance/references/SGB_genome_fastas_part2/4372/LiJ_2014__MH0303__bin.6.fa	/home/jshaw/scratch/2022_sketched_distance/references/SGB_genome_fastas_part2/4372/LiJ_2014__O2.UC44-1__bin.23.fa	/home/jshaw/scratch/2022_sketched_distance/references/SGB_genome_fastas_part2/4372/LiuW_2016__SRR3992958__bin.90.fa	/home/jshaw/scratch/2022_sketched_distance/references/SGB_genome_fastas_part2/4372/LiuW_2016__SRR3992978__bin.105.fa	/home/jshaw/scratch/2022_sketched_distance/references/SGB_genome_fastas_part2/4372/LiuW_2016__SRR3993059__bin.115.fa	/home/jshaw/scratch/2022_sketched_distance/references/SGB_genome_fastas_part2/4372/NielsenHB_2014__MH0053__bin.13.fa	/home/jshaw/scratch/2022_sketched_distance/references/SGB_genome_fastas_part2/4372/NielsenHB_2014__MH0096__bin.26.fa	/home/jshaw/scratch/2022_sketched_distance/references/SGB_genome_fastas_part2/4372/NielsenHB_2014__MH0118__bin.18.fa	/home/jshaw/scratch/2022_sketched_distance/references/SGB_genome_fastas_part2/4372/Obregon-TitoAJ_2015__SM18__bin.27.fa	/home/jshaw/scratch/2022_sketched_distance/references/SGB_genome_fastas_part2/4372/Obregon-TitoAJ_2015__SM23__bin.21.fa	/home/jshaw/scratch/2022_sketched_distance/references/SGB_genome_fastas_part2/4372/Obregon-TitoAJ_2015__SM28__bin.49.fa	/home/jshaw/scratch/2022_sketched_distance/references/SGB_genome_fastas_part2/4372/Obregon-TitoAJ_2015__SM32__bin.9.fa	/home/jshaw/scratch/2022_sketched_distance/references/SGB_genome_fastas_part2/4372/Obregon-TitoAJ_2015__SM39__bin.43.fa	/home/jshaw/scratch/2022_sketched_distance/references/SGB_genome_fastas_part2/4372/RampelliS_2015__H13__bin.36.fa	/home/jshaw/scratch/2022_sketched_distance/references/SGB_genome_fastas_part2/4372/RampelliS_2015__H14__bin.54.fa	/home/jshaw/scratch/2022_sketched_distance/references/SGB_genome_fastas_part2/4372/RampelliS_2015__H17__bin.86.fa	/home/jshaw/scratch/2022_sketched_distance/references/SGB_genome_fastas_part2/4372/SchirmerM_2016__G88966__bin.18.fa	/home/jshaw/scratch/2022_sketched_distance/references/SGB_genome_fastas_part2/4372/XieH_2016__YSZC12003_36795__bin.4.fa	/home/jshaw/scratch/2022_sketched_distance/references/SGB_genome_fastas_part2/4372/XieH_2016__YSZC12003_37100__bin.138.fa	/home/jshaw/scratch/2022_sketched_distance/references/SGB_genome_fastas_part2/4372/YuJ_2015__SZAXPI015264-87__bin.34.fa	/home/jshaw/scratch/2022_sketched_distance/references/SGB_genome_fastas_part2/4372/ZeeviD_2015__PNP_Main_203__bin.19.fa	/home/jshaw/scratch/2022_sketched_distance/references/SGB_genome_fastas_part2/4372/ZeeviD_2015__PNP_Main_27__bin.15.fa	/home/jshaw/scratch/2022_sketched_distance/references/SGB_genome_fastas_part2/4372/ZeeviD_2015__PNP_Main_325__bin.44.fa	/home/jshaw/scratch/2022_sketched_distance/references/SGB_genome_fastas_part2/4372/ZeeviD_2015__PNP_Main_338__bin.24.fa	/home/jshaw/scratch/2022_sketched_distance/references/SGB_genome_fastas_part2/4372/ZeeviD_2015__PNP_Main_559__bin.27.fa	/home/jshaw/scratch/2022_sketched_distance/references/SGB_genome_fastas_part2/4372/ZeeviD_2015__PNP_Main_683__bin.7.fa	/home/jshaw/scratch/2022_sketched_distance/references/SGB_genome_fastas_part2/4372/ZeeviD_2015__PNP_Validation_47__bin.8.fa	/home/jshaw/scratch/2022_sketched_distance/references/SGB_genome_fastas_part2/4372/ZeeviD_2015__PNP_Validation_49__bin.69.fa
1.0	0.9804265454849102	0.9797419025205176	0.9803534787082201	0.981151572400805	0.9805313371734091	0.9690473360274989	0.9704487772233613	0.9806234826472138	0.9816965641024251	0.9809956698236343	0.9808820142377506	0.980620334954181	0.9801186919363238	0.980751500688415	0.981592960160541	0.9803133565357022	0.9794724809008539	0.9788375376113132	0.9751293093939952	0.9766774534742646	0.9801895476544448	0.9772391580938231	0.9748910055651021	0.9745050782229647	0.9807307667851364	0.9778354001079341	0.9791508088783587	0.9806822806154796	0.9757943633783951	0.9716218287620934	0.9783998144839491	0.9709384968360061	0.9770632466163643	0.9779044080577749	0.9775353512939077	0.9760812141762868	0.9736897640902706	0.9791102427510836	0.9788145404218138	0.9816248682337484	0.9787548925642539	0.9779157422278455	0.9801131503651467	0.9721411859357696	0.9750268824936518	0.9759331210588128	0.9795833044232785	0.9802113987294298
0.9804265454849102	1.0	0.9948806545669734	0.9955761692959427	0.9977684681349237	0.9876832476709608	0.9756677892675132	0.97664951404711	0.9890380222526215	0.9890819936748397	0.9889813666518337	0.9897743687480767	0.9879906925854965	0.9862016616898939	0.9879810532033332	0.993732146345221	0.987686147649185	0.9873971899472882	0.9866659047787929	0.9834742033037744	0.9824790134436728	0.9889130372749418	0.9821849961558199	0.9801838913316996	0.9800760700682071	0.9885378445245792	0.9857637764594626	0.9869363576963643	0.9884609297455024	0.9831328256508697	0.9791938298122072	0.9859586062049288	0.9783329943903052	0.9835658418876663	0.9856806443099952	0.9856045879904458	0.981084165194384	0.9778345073412624	0.9882159139934804	0.9853556934975436	0.9887183315102055	0.9834230204272196	0.9837161450146842	0.9860613011957209	0.97750004425838	0.9783185345344525	0.9812124860091179	0.9873963890644896	0.9879085692074371
0.9797419025205176	0.9948806545669734	1.0	0.9941422955989917	0.9952728809526348	0.9859297749696734	0.9742621287116922	0.9758701146163741	0.9869447554733178	0.9872988527945596	0.9868609164034465	0.9872828392960463	0.9865354552458455	0.9847084865341457	0.9861007029814081	0.9914325890649331	0.9853769953416387	0.9851109080609971	0.9845814036984375	0.9821844134164343	0.9819368936177859	0.9866184100619821	0.9814360822861518	0.9791676048344476	0.9792239242483695	0.9862611231747733	0.9835126695689803	0.9851526438612392	0.9863243684672958	0.980995999591797	0.9777911305336628	0.983825788764335	0.9772627266969817	0.9819073095769809	0.983715731388607	0.9840011531805964	0.9805391971647576	0.9777861687742382	0.9859512543819846	0.9839911287396081	0.986851660243897	0.9816788957289921	0.9823090613025804	0.9845345761060232	0.9773581729262814	0.9780703681020585	0.9804460270383221	0.9854221086645543	0.985933952980086
0.9803534787082201	0.9955761692959427	0.9941422955989917	1.0	0.9968471621700633	0.986739944460993	0.9746373870055736	0.9755865554694511	0.987959437592928	0.9878073213941572	0.9877923258306284	0.9883339524315288	0.9878177799536099	0.9850826285879127	0.9869752509315597	0.9924164275154672	0.9858887495398456	0.9857963187213182	0.9858768892098881	0.981678543715718	0.9821459410645412	0.9875989075922958	0.9817787186419268	0.9788171103973008	0.9792790628197395	0.9869380254552688	0.9842272001638535	0.9853897105997759	0.9871504774411513	0.9817200386542349	0.9774900174704624	0.9844152908281424	0.9767226249199694	0.9823713041719377	0.9843808286240474	0.9845759899025922	0.9801933046539134	0.9778069700543787	0.9868693305260187	0.9847456557265983	0.9876164212868529	0.9831607836775407	0.9832606434882832	0.98556708577543	0.9781528626960118	0.9791607302455854	0.9818697611583869	0.9862060670587227	0.986621978446055
0.981151572400805	0.9977684681349237	0.9952728809526348	0.9968471621700633	1.0	0.9881057182676516	0.9756124974922387	0.9765769069776501	0.9898276771443068	0.9897636515464576	0.9896574812570579	0.9901270802439067	0.988625294209974	0.9866142413644882	0.9887380792036757	0.9947366372743363	0.9880530906315294	0.9879662209664481	0.9874677616128447	0.9844341624877392	0.9830483611254542	0.9894527900381401	0.9826614881522664	0.9799849802001334	0.9800520235637779	0.9891490322105373	0.9862619457461836	0.9876725264611312	0.9889994897057123	0.9836522222765751	0.9800127238949208	0.9865063280940847	0.9793901294304908	0.9843523491465205	0.9865407428696362	0.9864577825893646	0.9812194457629007	0.9788756732092058	0.9889361497026026	0.9860308712360982	0.9895376014527045	0.984225449832043	0.9843872255097833	0.9866915672414158	0.978442510358183	0.979809193745784	0.9819303380402988	0.9882265347298717	0.9888011028139573
0.9805313371734091	0.9876832476709608	0.9859297749696734	0.986739944460993	0.9881057182676516	1.0	0.973487873154733	0.9751336362387476	0.988687113665183	0.9887242885387555	0.9880017539215764	0.9881108592687439	0.9874637670340113	0.9851202626480127	0.9873012490984705	0.9884474255312009	0.9869058867882098	0.9864343376415486	0.9871969334569742	0.9822265369998184	0.9822076209651841	0.9873006628719273	0.9817042845657374	0.97896289974532	0.9788791124362739	0.987846013533085	0.9848303600264495	0.9863111402300151	0.987645534260183	0.9820325136597925	0.978112038794784	0.9847856701377844	0.9773980867564379	0.9831930326295224	0.9846614641219528	0.9849808314766779	0.9800284755656312	0.9784992340892239	0.9867171051491959	0.9846478141416689	0.9884085124596443	0.9837449734335176	0.9836938502607185	0.9856415199533306	0.9772843091790882	0.979876634771501	0.9861004618704314	0.9878253103401766	0.9880563285730386
0.9690473360274989	0.9756677892675132	0.9742621287116922	0.9746373870055736	0.9756124974922387	0.973487873154733	1.0	0.9722501736410848	0.9749636402136783	0.9754035554825943	0.9754921520085961	0.9743257956932674	0.9741709329294247	0.9737203064742215	0.9744089185879147	0.9753312913515447	0.9747713560298	0.9744079541329066	0.9727881711860586	0.9703135598852178	0.9704081225734812	0.9739707393181161	0.9718376318590445	0.971832943404424	0.9720300465116073	0.9751608045392238	0.9725031477748857	0.973573980054855	0.9747314821242102	0.969871286587852	0.9664735138426161	0.9741411319598946	0.9659392836365541	0.971472351221159	0.9726660811552966	0.9722135721103904	0.9716014863167057	0.9677907350138087	0.9735153093874371	0.9755036503013759	0.9749862954305824	0.970629571717139	0.9716178441375937	0.9736730573159083	0.9678210830957188	0.9705350456903915	0.9689075789456397	0.9739733776935172	0.9748270361641137
0.9704487772233613	0.97664951404711	0.9758701146163741	0.9755865554694511	0.9765769069776501	0.9751336362387476	0.9722501736410848	1.0	0.9767185923964924	0.9769831245166686	0.9760667530767816	0.9766148374646545	0.9765620231266867	0.9748306082392028	0.9762027017440179	0.9769392670527738	0.9762363200542452	0.9750396574155251	0.9743915431538517	0.9741801444251308	0.9716838921438756	0.9756969628597922	0.9731046230520204	0.9743586259178953	0.9748457308762964	0.9765101811735396	0.9730733475924364	0.9754998967423156	0.9764127225786704	0.9713899515336156	0.9695352609967745	0.9752233092157744	0.9690686377398473	0.9727889062760805	0.9743173821078785	0.9739386855404406	0.9748731524329075	0.9693109687374812	0.9753894640060048	0.9774041159101359	0.9762334448821132	0.9727165735660773	0.972052705114876	0.9754269546041084	0.9684023239117522	0.9665462598028848	0.9707089538636983	0.9751515818617168	0.9759981262763868
0.9806234826472138	0.9890380222526215	0.9869447554733178	0.987959437592928	0.9898276771443068	0.988687113665183	0.9749636402136783	0.9767185923964924	1.0	0.9900042497403093	0.9899322721080296	0.9895261881282994	0.9879304751617043	0.9866759939544525	0.9890740661066252	0.9895919757084655	0.9889720364389257	0.9881851891164164	0.9879017703806272	0.9851302637149955	0.9836052678932296	0.9890889246942158	0.9829296185125583	0.9800410074567039	0.9800409391912063	0.9896436982668065	0.9864160074971606	0.988008864826275	0.9893810078475297	0.9832756675262514	0.9798597138452797	0.9863284292387839	0.9791887355036418	0.984583628540043	0.9859977973176419	0.9858774571015257	0.9812297308108079	0.9790438389725189	0.9884315770532642	0.9854258264825012	0.9898940263788837	0.9843797811438302	0.9847235228199144	0.9866407933807566	0.9772774281096779	0.9801450008785015	0.9827475474360309	0.9887894926949437	0.9892336134240394
0.9816965641024251	0.9890819936748397	0.9872988527945596	0.9878073213941572	0.9897636515464576	0.9887242885387555	0.9754035554825943	0.9769831245166686	0.9900042497403093	1.0	0.9898694067677474	0.9897563232158192	0.9884511892166314	0.9872251711323696	0.989222653626171	0.9900025703648094	0.9883821636735416	0.9880041833248002	0.9876433100321527	0.9848300308664167	0.9834118420266568	0.989111619306802	0.983023399312557	0.9805336065745921	0.980860343129321	0.9896560260795656	0.9862664944891891	0.9881666682194484	0.9887867321595808	0.9832141744447309	0.9801511930852568	0.9863671152890813	0.9795127233459527	0.9846614641219528	0.9858989040157478	0.985777563670954	0.9813850314961953	0.9799021454512462	0.9879954577787902	0.9856132182130307	0.9896669536717845	0.9843095069864559	0.9845043284628769	0.9868512121025409	0.9783293151028247	0.9804100341553285	0.9828670740454105	0.9889288722606565	0.9894639454412293
0.9809956698236343	0.9889813666518337	0.9868609164034465	0.9877923258306284	0.9896574812570579	0.9880017539215764	0.9754921520085961	0.9760667530767816	0.9899322721080296	0.9898694067677474	1.0	0.9899236632380222	0.9883827067942603	0.9867062400206035	0.9893873371417621	0.9898137560437716	0.9884387344993332	0.9882527324680361	0.9878660021868116	0.9847714533114266	0.9836155963822814	0.9895326973893217	0.9830286238807381	0.9797471961640432	0.9800229614063147	0.9891046748096156	0.9866478525339089	0.988166622130559	0.9893474445817784	0.9837490229714514	0.9803562495369985	0.9869707313093831	0.9796818952841733	0.9848610472968236	0.9863279787830644	0.9862041172636756	0.9810584772651822	0.9788591795125476	0.988378041363921	0.9861584943091349	0.9897998321824638	0.9843143934128111	0.9845307831798912	0.9870132002253775	0.9781672977073314	0.9799371455928199	0.9819357734087911	0.9888753938468173	0.9893401337656292
0.9808820142377506	0.9897743687480767	0.9872828392960463	0.9883339524315288	0.9901270802439067	0.9881108592687439	0.9743257956932674	0.9766148374646545	0.9895261881282994	0.9897563232158192	0.9899236632380222	1.0	0.9976088919180702	0.9866794481074374	0.9892366427875766	0.9899367486503863	0.988037632351007	0.9882546411875591	0.9875124682684995	0.984127384022831	0.9829491556918402	0.9967144423884428	0.9825775768269436	0.9791126023855914	0.9797395629495699	0.9894590440111317	0.9865432926675752	0.9876757302759418	0.9887333369042932	0.9833833810232103	0.9799453664660827	0.9862715459942467	0.9792863558878823	0.9843173028900749	0.986454251512727	0.9863510729717374	0.9806315204916592	0.9786900720529835	0.9885358183063432	0.9853288123347747	0.9894494640968517	0.9837854811966072	0.9841962443899989	0.986621978446055	0.9854381559965077	0.9792851844042485	0.9816333522213492	0.9882723803905773	0.9886672497149269
0.980620334954181	0.9879906925854965	0.9865354552458455	0.9878177799536099	0.988625294209974	0.9874637670340113	0.9741709329294247	0.9765620231266867	0.9879304751617043	0.9884511892166314	0.9883827067942603	0.9976088919180702	1.0	0.9859363006360596	0.9880429482640783	0.9886372051485929	0.9864422715149098	0.987120906351538	0.9860866382622483	0.9829324667650499	0.982544869552404	0.9947746227127082	0.982017972279356	0.9791627710055876	0.9800210856444791	0.9884650277911812	0.9855265883504215	0.9862751931053771	0.9870912953335276	0.9820390958074352	0.9787342452381145	0.9849230475196712	0.9781766610634124	0.9831347917506542	0.9849586467227092	0.9849824124891725	0.9804436893870042	0.9786866189533792	0.9869421180647644	0.9844548977265595	0.9880470832049909	0.9829453788826453	0.9836060288462564	0.9861040456974716	0.9850052994280757	0.9781490579914659	0.9811482033933947	0.986904666419234	0.9872769033291895
0.9801186919363238	0.9862016616898939	0.9847084865341457	0.9850826285879127	0.9866142413644882	0.9851202626480127	0.9737203064742215	0.9748306082392028	0.9866759939544525	0.9872251711323696	0.9867062400206035	0.9866794481074374	0.9859363006360596	1.0	0.9943345101966331	0.9868350613190423	0.9854548968080392	0.9846320466503881	0.9841898079218275	0.982002373841035	0.9809354482498959	0.9863100537101124	0.9807438431737522	0.980372142278103	0.9809194637605824	0.9863451432583935	0.9829953076967064	0.9852405971609638	0.9861143094423007	0.9809915653238352	0.9780152306218097	0.9831885552983386	0.9775756884764248	0.9816821497719697	0.9834438736039713	0.9830599420880691	0.9809045860633907	0.9778250040546014	0.9854570214609351	0.9833003545899583	0.9861900450555672	0.9812608020730064	0.9814432486846059	0.983919946490426	0.9745937271838421	0.9768760676405441	0.9789148704723323	0.9855913649612832	0.9861405368261261
0.980751500688415	0.9879810532033332	0.9861007029814081	0.9869752509315597	0.9887380792036757	0.9873012490984705	0.9744089185879147	0.9762027017440179	0.9890740661066252	0.989222653626171	0.9893873371417621	0.9892366427875766	0.9880429482640783	0.9943345101966331	1.0	0.9890385269699072	0.9876144636606612	0.9876685342729052	0.9868049297657663	0.9844730779224338	0.9830065569036123	0.9887859477006972	0.9821141975851913	0.9794646254506274	0.9797903328373682	0.9885180851442998	0.985779270256662	0.9871192408718871	0.98844275113697	0.9833516840947674	0.980572154032451	0.9858618396717791	0.9796217645438979	0.9840577644932786	0.9855418628663197	0.9853580147660674	0.9805495970120911	0.9784241716352771	0.9881398174094138	0.9854482564521855	0.9885909102657282	0.983449963590134	0.9836061566792498	0.9863590042660585	0.9773845363410796	0.9793507685386567	0.9807149699103929	0.988809183137392	0.9894263039076238
0.981592960160541	0.993732146345221	0.9914325890649331	0.9924164275154672	0.9947366372743363	0.9884474255312009	0.9753312913515447	0.9769392670527738	0.9895919757084655	0.9900025703648094	0.9898137560437716	0.9899367486503863	0.9886372051485929	0.9868350613190423	0.9890385269699072	1.0	0.9883023253573636	0.9878502955187672	0.988438283019115	0.984517513988948	0.9833773162914892	0.9894897383119533	0.9825332738112813	0.9805855669884406	0.9802786550699656	0.9895452351269692	0.9861336780106194	0.9885338890179145	0.9886981728738293	0.9839922521723675	0.9804295371891373	0.9865870709833789	0.9798523154397945	0.9843550347997416	0.986684864997386	0.9865788259505387	0.9816787796165383	0.9792891517463046	0.9888523654913766	0.9860903597127956	0.9895158215232506	0.9839772571944996	0.9843399203527188	0.9867345195905531	0.9783153975363259	0.9800549451568054	0.9821182392124651	0.9882756583431115	0.9888343473258309
0.9803133565357022	0.987686147649185	0.9853769953416387	0.9858887495398456	0.9880530906315294	0.9869058867882098	0.9747713560298	0.9762363200542452	0.9889720364389257	0.9883821636735416	0.9884387344993332	0.988037632351007	0.9864422715149098	0.9854548968080392	0.9876144636606612	0.9883023253573636	1.0	0.9877232596386794	0.9865118000713564	0.983434392463705	0.9817885256709107	0.9873175376226961	0.9811680389559919	0.9787835201091014	0.9792130649901185	0.9882331317062684	0.9862337350697609	0.9865005593623847	0.9884651463074597	0.9826770397798109	0.978984311578094	0.9861194564354283	0.9782539923779795	0.9834590968389906	0.9858150098099902	0.9856991991212892	0.9805622193267396	0.9787110779853915	0.9871607230876694	0.985200403630153	0.9881599285379606	0.9838880097448275	0.983306501802805	0.9859326955772122	0.975521243468012	0.9790423333812599	0.9805078321291737	0.9870676512405779	0.9874255022073386
0.9794724809008539	0.9873971899472882	0.9851109080609971	0.9857963187213182	0.9879662209664481	0.9864343376415486	0.9744079541329066	0.9750396574155251	0.9881851891164164	0.9880041833248002	0.9882527324680361	0.9882546411875591	0.987120906351538	0.9846320466503881	0.9876685342729052	0.9878502955187672	0.9877232596386794	1.0	0.9864060986859097	0.9842942625584772	0.9818585870084648	0.9876792619479557	0.9809088139746175	0.9784936618848161	0.9781777818854994	0.9879599421192653	0.9976004289746615	0.9864146913328585	0.9886794679497861	0.9833249298315395	0.9794673778072189	0.9856500304990561	0.9788170555271185	0.9839407910888084	0.9865757585563297	0.9864717058072795	0.98066231052675	0.9785358889507952	0.9868213264708189	0.985284513207823	0.9879267650093059	0.9846599859562177	0.9832309458678349	0.9860008341002238	0.9765677036732214	0.979674665491191	0.9799285875053395	0.9869500212124113	0.9875405557139062
0.9788375376113132	0.9866659047787929	0.9845814036984375	0.9858768892098881	0.9874677616128447	0.9871969334569742	0.9727881711860586	0.9743915431538517	0.9879017703806272	0.9876433100321527	0.9878660021868116	0.9875124682684995	0.9860866382622483	0.9841898079218275	0.9868049297657663	0.988438283019115	0.9865118000713564	0.9864060986859097	1.0	0.9822263224724731	0.9817125026924137	0.9867084333632079	0.9807090543937895	0.9771536452673375	0.977327109029412	0.9876225388540355	0.9845417712109786	0.9962438824090286	0.9875121701570049	0.9823020677487454	0.9775314575856152	0.9850079623679251	0.9765220114146868	0.9822500638161608	0.9843366198581357	0.9844378351616696	0.9787766219329596	0.9767709245542855	0.9863056434961606	0.9849279148913543	0.9883358993720205	0.9827710685608726	0.9833191427979341	0.9853710543504138	0.975840120959618	0.9768179192761712	0.9808684209766141	0.9870983811847125	0.98757741436618
0.9751293093939952	0.9834742033037744	0.9821844134164343	0.981678543715718	0.9844341624877392	0.9822265369998184	0.9703135598852178	0.9741801444251308	0.9851302637149955	0.9848300308664167	0.9847714533114266	0.984127384022831	0.9829324667650499	0.982002373841035	0.9844730779224338	0.984517513988948	0.983434392463705	0.9842942625584772	0.9822263224724731	1.0	0.9774748567620747	0.9838654225712505	0.9782778757986557	0.9772098844595384	0.976973295058318	0.9842459747330193	0.9820946065306353	0.9857432574911702	0.993723005733585	0.9779673424282362	0.9813683551084823	0.9813732710497549	0.9823484881773543	0.9792214297283076	0.9816685266500589	0.9813646553499272	0.9777772377565931	0.9761136993688566	0.9829403764361159	0.9811743782746302	0.9843312842443874	0.9797996631680629	0.9786593560068567	0.9825129565384633	0.9719747955425991	0.969202913863635	0.9750633319603367	0.9842215797594563	0.9849794146419502
0.9766774534742646	0.9824790134436728	0.9819368936177859	0.9821459410645412	0.9830483611254542	0.9822076209651841	0.9704081225734812	0.9716838921438756	0.9836052678932296	0.9834118420266568	0.9836155963822814	0.9829491556918402	0.982544869552404	0.9809354482498959	0.9830065569036123	0.9833773162914892	0.9817885256709107	0.9818585870084648	0.9817125026924137	0.9774748567620747	1.0	0.9824788065934441	0.9826977898751321	0.9771614875654675	0.9759508279422513	0.9826151497655713	0.9801141293187523	0.981539746244416	0.9826385702381678	0.977349444649617	0.9729032918556314	0.9805922467266601	0.9720911526175833	0.9782880180267716	0.979851607561928	0.9796621458281682	0.9755126744244237	0.9747992990222971	0.9819056481829043	0.9805667057874892	0.9871228366745987	0.9784470252251665	0.9792150416749952	0.9811786055951552	0.9738453834719448	0.9748512701395171	0.9770164042411911	0.9824524012646209	0.9830301744846737
0.9801895476544448	0.9889130372749418	0.9866184100619821	0.9875989075922958	0.9894527900381401	0.9873006628719273	0.9739707393181161	0.9756969628597922	0.9890889246942158	0.989111619306802	0.9895326973893217	0.9967144423884428	0.9947746227127082	0.9863100537101124	0.9887859477006972	0.9894897383119533	0.9873175376226961	0.9876792619479557	0.9867084333632079	0.9838654225712505	0.9824788065934441	1.0	0.981872558285003	0.9791349150080213	0.9797970322683697	0.9888750876544554	0.9860234793228589	0.9872336977751722	0.98805220941378	0.9830849925807292	0.9802203985903141	0.985747438639068	0.9794844983700881	0.9838471107823947	0.9857171725046343	0.9856220984248034	0.9800932802895727	0.9785085265910645	0.9879789996393974	0.984740298829705	0.9888439853024156	0.9835627722758961	0.9838193352432412	0.9861311788376207	0.9841456260773287	0.9783569785025255	0.9809683013369024	0.987985230320518	0.9883786349401386
0.9772391580938231	0.9821849961558199	0.9814360822861518	0.9817787186419268	0.9826614881522664	0.9817042845657374	0.9718376318590445	0.9731046230520204	0.9829296185125583	0.983023399312557	0.9830286238807381	0.9825775768269436	0.982017972279356	0.9807438431737522	0.9821141975851913	0.9825332738112813	0.9811680389559919	0.9809088139746175	0.9807090543937895	0.9782778757986557	0.9826977898751321	0.981872558285003	1.0	0.9788688287922054	0.9774228234046095	0.982760840045172	0.9788394706312571	0.9811946607390388	0.9818024258712583	0.9756994399251281	0.9731598831407544	0.9790105675527186	0.9725395408222408	0.977715973140701	0.9793675822758725	0.9790086645799496	0.9778038559472275	0.9748543874503437	0.9804523484532071	0.9794629522476196	0.9898319132244413	0.9778608456139459	0.9794112461888554	0.981468713730434	0.9742820142355021	0.9740223207867826	0.9779719917743996	0.9813757699304446	0.9821269570495751
0.9748910055651021	0.9801838913316996	0.9791676048344476	0.9788171103973008	0.9799849802001334	0.97896289974532	0.971832943404424	0.9743586259178953	0.9800410074567039	0.9805336065745921	0.9797471961640432	0.9791126023855914	0.9791627710055876	0.980372142278103	0.9794646254506274	0.9805855669884406	0.9787835201091014	0.9784936618848161	0.9771536452673375	0.9772098844595384	0.9771614875654675	0.9791349150080213	0.9788688287922054	1.0	0.9823602179617773	0.9806711444867529	0.9763271149783409	0.9797263498385912	0.9792527188639454	0.9742895926489031	0.9729914206992328	0.9766899110432355	0.9727948525954119	0.9755746037372771	0.9761412103570192	0.9756662064776477	0.9810818989429235	0.9758650816961575	0.9785193974096735	0.9777670198687596	0.9805316256610628	0.9748726026714096	0.9758595955748155	0.9785774088794098	0.9708622429846917	0.9710127700811229	0.9736199007884838	0.978623784150396	0.9794617523053557
0.9745050782229647	0.9800760700682071	0.9792239242483695	0.9792790628197395	0.9800520235637779	0.9788791124362739	0.9720300465116073	0.9748457308762964	0.9800409391912063	0.980860343129321	0.9800229614063147	0.9797395629495699	0.9800210856444791	0.9809194637605824	0.9797903328373682	0.9802786550699656	0.9792130649901185	0.9781777818854994	0.977327109029412	0.976973295058318	0.9759508279422513	0.9797970322683697	0.9774228234046095	0.9823602179617773	1.0	0.9800533967317968	0.9763655241304254	0.9788329077989649	0.9787640368255173	0.973986060821896	0.9726622327182035	0.9772931847307994	0.9727902321216826	0.9747274312391115	0.9762585970995723	0.9757923149806609	0.9797954385209162	0.9729456410035409	0.978414860981636	0.9772611435993891	0.979673028019642	0.9751244871559408	0.9763426306958745	0.9786471552159483	0.9700468593328775	0.9699752880440191	0.9737983504999057	0.9790276258248881	0.979815559527887
0.9807307667851364	0.9885378445245792	0.9862611231747733	0.9869380254552688	0.9891490322105373	0.987846013533085	0.9751608045392238	0.9765101811735396	0.9896436982668065	0.9896560260795656	0.9891046748096156	0.9894590440111317	0.9884650277911812	0.9863451432583935	0.9885180851442998	0.9895452351269692	0.9882331317062684	0.9879599421192653	0.9876225388540355	0.9842459747330193	0.9826151497655713	0.9888750876544554	0.982760840045172	0.9806711444867529	0.9800533967317968	1.0	0.9861972830362624	0.9880968794230685	0.9884541790961832	0.9824739223082587	0.979197388618079	0.9859910112814237	0.9787017682182675	0.9843288414644575	0.98576388146138	0.9855800210909661	0.9805939983840904	0.9799111966783233	0.9876260982899505	0.9857497790056929	0.9894248867873762	0.98353021867171	0.9840513911599316	0.9867915222104154	0.9775951383217246	0.9786514363755647	0.9820113317169588	0.9877919707664666	0.988336169368552
0.9778354001079341	0.9857637764594626	0.9835126695689803	0.9842272001638535	0.9862619457461836	0.9848303600264495	0.9725031477748857	0.9730733475924364	0.9864160074971606	0.9862664944891891	0.9866478525339089	0.9865432926675752	0.9855265883504215	0.9829953076967064	0.985779270256662	0.9861336780106194	0.9862337350697609	0.9976004289746615	0.9845417712109786	0.9820946065306353	0.9801141293187523	0.9860234793228589	0.9788394706312571	0.9763271149783409	0.9763655241304254	0.9861972830362624	1.0	0.9846212078338624	0.987130139439543	0.981681652409942	0.9777961485443686	0.9840461953976709	0.9770375935904644	0.9823852696822923	0.9849908832171478	0.9849710177723865	0.9788283753625163	0.9764176134367704	0.9851310640570555	0.9836160370036661	0.9861195684642132	0.9829728435121871	0.9814897216085264	0.9842007795238144	0.9742381185375121	0.978068831791026	0.977989909193563	0.9853933215681001	0.9857824739678526
0.9791508088783587	0.9869363576963643	0.9851526438612392	0.9853897105997759	0.9876725264611312	0.9863111402300151	0.973573980054855	0.9754998967423156	0.988008864826275	0.9881666682194484	0.988166622130559	0.9876757302759418	0.9862751931053771	0.9852405971609638	0.9871192408718871	0.9885338890179145	0.9865005593623847	0.9864146913328585	0.9962438824090286	0.9857432574911702	0.981539746244416	0.9872336977751722	0.9811946607390388	0.9797263498385912	0.9788329077989649	0.9880968794230685	0.9846212078338624	1.0	0.9875234983573695	0.9822386052479734	0.9812606079073116	0.9848922626636936	0.9806371477024924	0.9824350875161441	0.984321135641867	0.9841692790323199	0.9800821860257052	0.9776162434258079	0.9862460238924268	0.9842432895450407	0.9884311090959194	0.9821615407290584	0.9832199540292227	0.9850812299303742	0.9759685667651884	0.9765942769456437	0.9805516435966938	0.9871004848113457	0.9877224125877064
0.9806822806154796	0.9884609297455024	0.9863243684672958	0.9871504774411513	0.9889994897057123	0.987645534260183	0.9747314821242102	0.9764127225786704	0.9893810078475297	0.9887867321595808	0.9893474445817784	0.9887333369042932	0.9870912953335276	0.9861143094423007	0.98844275113697	0.9886981728738293	0.9884651463074597	0.9886794679497861	0.9875121701570049	0.993723005733585	0.9826385702381678	0.98805220941378	0.9818024258712583	0.9792527188639454	0.9787640368255173	0.9884541790961832	0.987130139439543	0.9875234983573695	1.0	0.9833758113461932	0.9797402553470226	0.9863723551856822	0.9790222113027809	0.9844740360278889	0.9867383856712366	0.9866742896914847	0.981122996214332	0.9790915981668659	0.98767998719683	0.9855397810651139	0.9889061033345408	0.9846523987460104	0.9838490746796684	0.9868135515675254	0.9763734035652191	0.9814273900850183	0.9815369199950845	0.9878817352669763	0.9883888885316411
0.9757943633783951	0.9831328256508697	0.980995999591797	0.9817200386542349	0.9836522222765751	0.9820325136597925	0.969871286587852	0.9713899515336156	0.9832756675262514	0.9832141744447309	0.9837490229714514	0.9833833810232103	0.9820390958074352	0.9809915653238352	0.9833516840947674	0.9839922521723675	0.9826770397798109	0.9833249298315395	0.9823020677487454	0.9779673424282362	0.977349444649617	0.9830849925807292	0.9756994399251281	0.9742895926489031	0.973986060821896	0.9824739223082587	0.981681652409942	0.9822386052479734	0.9833758113461932	1.0	0.9958930149813175	0.9835349775517044	0.9944109530169285	0.9846790470273532	0.9831365579278712	0.982937896673189	0.9770145928823661	0.9732582886997506	0.9829497199637476	0.981497050678565	0.9832154457278454	0.9786756922663278	0.978807669432737	0.9814179798597009	0.9714394244573452	0.9744078317001337	0.975796829367062	0.9825661366875938	0.9830620011024244
0.9716218287620934	0.9791938298122072	0.9777911305336628	0.9774900174704624	0.9800127238949208	0.978112038794784	0.9664735138426161	0.9695352609967745	0.9798597138452797	0.9801511930852568	0.9803562495369985	0.9799453664660827	0.9787342452381145	0.9780152306218097	0.980572154032451	0.9804295371891373	0.978984311578094	0.9794673778072189	0.9775314575856152	0.9813683551084823	0.9729032918556314	0.9802203985903141	0.9731598831407544	0.9729914206992328	0.9726622327182035	0.979197388618079	0.9777961485443686	0.9812606079073116	0.9797402553470226	0.9958930149813175	1.0	0.9798337344003099	0.9980376316338998	0.9813257370866987	0.9795908784742532	0.9792939856117654	0.9746606744443016	0.9708934684285399	0.9791011810922017	0.977725807685078	0.9797488310801858	0.9744001830006446	0.974841453714269	0.977848244924119	0.9670731903602962	0.9672625254082566	0.9712455016216004	0.9799658041497571	0.9804962513278777
0.9783998144839491	0.9859586062049288	0.983825788764335	0.9844152908281424	0.9865063280940847	0.9847856701377844	0.9741411319598946	0.9752233092157744	0.9863284292387839	0.9863671152890813	0.9869707313093831	0.9862715459942467	0.9849230475196712	0.9831885552983386	0.9858618396717791	0.9865870709833789	0.9861194564354283	0.9856500304990561	0.9850079623679251	0.9813732710497549	0.9805922467266601	0.985747438639068	0.9790105675527186	0.9766899110432355	0.9772931847307994	0.9859910112814237	0.9840461953976709	0.9848922626636936	0.9863723551856822	0.9835349775517044	0.9798337344003099	1.0	0.9791810739597617	0.9851259939383583	0.9846703688014234	0.9843497761278863	0.9785501348834218	0.9762049057996816	0.9855256106270434	0.9851783129316952	0.9864942989531467	0.9820949572463573	0.9818242438083559	0.9848883417251005	0.974860476383219	0.9773156752460369	0.9785440245487668	0.9853507709408494	0.9858857564783556
0.9709384968360061	0.9783329943903052	0.9772627266969817	0.9767226249199694	0.9793901294304908	0.9773980867564379	0.9659392836365541	0.9690686377398473	0.9791887355036418	0.9795127233459527	0.9796818952841733	0.9792863558878823	0.9781766610634124	0.9775756884764248	0.9796217645438979	0.9798523154397945	0.9782539923779795	0.9788170555271185	0.9765220114146868	0.9823484881773543	0.9720911526175833	0.9794844983700881	0.9725395408222408	0.9727948525954119	0.9727902321216826	0.9787017682182675	0.9770375935904644	0.9806371477024924	0.9790222113027809	0.9944109530169285	0.9980376316338998	0.9791810739597617	1.0	0.9804970003935484	0.9789249101009061	0.9785353499783698	0.9747213848031234	0.9708067854031542	0.9784484792553155	0.976859515198417	0.9790341503063541	0.9738743489845718	0.9741715028668283	0.9772923270255223	0.9664541439206216	0.9652570792305206	0.9704185198909667	0.9791946876813402	0.9798849856259788
0.9770632466163643	0.9835658418876663	0.9819073095769809	0.9823713041719377	0.9843523491465205	0.9831930326295224	0.971472351221159	0.9727889062760805	0.984583628540043	0.9846614641219528	0.9848610472968236	0.9843173028900749	0.9831347917506542	0.9816821497719697	0.9840577644932786	0.9843550347997416	0.9834590968389906	0.9839407910888084	0.9822500638161608	0.9792214297283076	0.9782880180267716	0.9838471107823947	0.977715973140701	0.9755746037372771	0.9747274312391115	0.9843288414644575	0.9823852696822923	0.9824350875161441	0.9844740360278889	0.9846790470273532	0.9813257370866987	0.9851259939383583	0.9804970003935484	1.0	0.9842853772195646	0.9840551589400427	0.9775658144184184	0.973912731299237	0.9837370445836607	0.9824561840649267	0.9844007670356818	0.9796866642012351	0.9789414344019721	0.9825160970598747	0.9728145755628437	0.9753532073995804	0.9767006300857437	0.9836522222765751	0.9841782022135183
0.9779044080577749	0.9856806443099952	0.983715731388607	0.9843808286240474	0.9865407428696362	0.9846614641219528	0.9726660811552966	0.9743173821078785	0.9859977973176419	0.9858989040157478	0.9863279787830644	0.986454251512727	0.9849586467227092	0.9834438736039713	0.9855418628663197	0.986684864997386	0.9858150098099902	0.9865757585563297	0.9843366198581357	0.9816685266500589	0.979851607561928	0.9857171725046343	0.9793675822758725	0.9761412103570192	0.9762585970995723	0.98576388146138	0.9849908832171478	0.984321135641867	0.9867383856712366	0.9831365579278712	0.9795908784742532	0.9846703688014234	0.9789249101009061	0.9842853772195646	1.0	0.9990257115740806	0.983171168906455	0.9760699156697811	0.9852621537857121	0.9836261465143984	0.9863140985182542	0.9821321809410053	0.981076380119311	0.9845465844396541	0.9738912785606073	0.9779214818453421	0.9785849510375488	0.985080312858353	0.9854825198672301
0.9775353512939077	0.9856045879904458	0.9840011531805964	0.9845759899025922	0.9864577825893646	0.9849808314766779	0.9722135721103904	0.9739386855404406	0.9858774571015257	0.985777563670954	0.9862041172636756	0.9863510729717374	0.9849824124891725	0.9830599420880691	0.9853580147660674	0.9865788259505387	0.9856991991212892	0.9864717058072795	0.9844378351616696	0.9813646553499272	0.9796621458281682	0.9856220984248034	0.9790086645799496	0.9756662064776477	0.9757923149806609	0.9855800210909661	0.9849710177723865	0.9841692790323199	0.9866742896914847	0.982937896673189	0.9792939856117654	0.9843497761278863	0.9785353499783698	0.9840551589400427	0.9990257115740806	1.0	0.982675750797458	0.9759018886747364	0.9851960431377732	0.9834846075595449	0.9861249948868432	0.9821025069293307	0.980981012951722	0.9843899197398964	0.9738620294387562	0.9783788569022644	0.9787381935986694	0.9850151090008201	0.9852799496287044
0.9760812141762868	0.981084165194384	0.9805391971647576	0.9801933046539134	0.9812194457629007	0.9800284755656312	0.9716014863167057	0.9748731524329075	0.9812297308108079	0.9813850314961953	0.9810584772651822	0.9806315204916592	0.9804436893870042	0.9809045860633907	0.9805495970120911	0.9816787796165383	0.9805622193267396	0.98066231052675	0.9787766219329596	0.9777772377565931	0.9755126744244237	0.9800932802895727	0.9778038559472275	0.9810818989429235	0.9797954385209162	0.9805939983840904	0.9788283753625163	0.9800821860257052	0.981122996214332	0.9770145928823661	0.9746606744443016	0.9785501348834218	0.9747213848031234	0.9775658144184184	0.983171168906455	0.982675750797458	1.0	0.9743309282545951	0.9796869027056472	0.9797173646454174	0.9807808424170997	0.9773177832753093	0.976757807814893	0.9801418431429674	0.9717830648811122	0.9737335871814584	0.9747816877898988	0.9801536600976078	0.9808113267790278
