/home/jshaw/scratch/2022_sketched_distance/references/SGB_genome_fastas_part4/9269/BackhedF_2015__SID10_M__bin.51.fa	/home/jshaw/scratch/2022_sketched_distance/references/SGB_genome_fastas_part4/9269/BackhedF_2015__SID42_12M__bin.25.fa	/home/jshaw/scratch/2022_sketched_distance/references/SGB_genome_fastas_part4/9269/BackhedF_2015__SID526_12M__bin.34.fa	/home/jshaw/scratch/2022_sketched_distance/references/SGB_genome_fastas_part4/9269/Bengtsson-PalmeJ_2015__TRAVELRES37__bin.58.fa	/home/jshaw/scratch/2022_sketched_distance/references/SGB_genome_fastas_part4/9269/CosteaPI_2017__alien-11-600-0__bin.37.fa	/home/jshaw/scratch/2022_sketched_distance/references/SGB_genome_fastas_part4/9269/CosteaPI_2017__alien-11-632-0__bin.37.fa	/home/jshaw/scratch/2022_sketched_distance/references/SGB_genome_fastas_part4/9269/CosteaPI_2017__alien-11-637-0__bin.39.fa	/home/jshaw/scratch/2022_sketched_distance/references/SGB_genome_fastas_part4/9269/CosteaPI_2017__alien-11-895-0__bin.1.fa	/home/jshaw/scratch/2022_sketched_distance/references/SGB_genome_fastas_part4/9269/FerrettiP_2018__CA_C10007MS2098FE_t0M15__bin.1.fa	/home/jshaw/scratch/2022_sketched_distance/references/SGB_genome_fastas_part4/9269/GeversD_2014__SKBSTL021__bin.3.fa	/home/jshaw/scratch/2022_sketched_distance/references/SGB_genome_fastas_part4/9269/GeversD_2014__SKBSTL038__bin.7.fa	/home/jshaw/scratch/2022_sketched_distance/references/SGB_genome_fastas_part4/9269/GeversD_2014__SKBSTL065__bin.15.fa	/home/jshaw/scratch/2022_sketched_distance/references/SGB_genome_fastas_part4/9269/HMP_2012__SRS023604__bin.26.fa	/home/jshaw/scratch/2022_sketched_distance/references/SGB_genome_fastas_part4/9269/HMP_2012__SRS054590__bin.17.fa	/home/jshaw/scratch/2022_sketched_distance/references/SGB_genome_fastas_part4/9269/KosticAD_2015__PRJNA231909.3101439__bin.12.fa	/home/jshaw/scratch/2022_sketched_distance/references/SGB_genome_fastas_part4/9269/KosticAD_2015__PRJNA231909.3107649__bin.17.fa	/home/jshaw/scratch/2022_sketched_distance/references/SGB_genome_fastas_part4/9269/LeChatelierE_2013__MH0068__bin.19.fa	/home/jshaw/scratch/2022_sketched_distance/references/SGB_genome_fastas_part4/9269/LeChatelierE_2013__MH0444__bin.43.fa	/home/jshaw/scratch/2022_sketched_distance/references/SGB_genome_fastas_part4/9269/LiJ_2014__MH0270__bin.37.fa	/home/jshaw/scratch/2022_sketched_distance/references/SGB_genome_fastas_part4/9269/LiJ_2014__MH0351__bin.3.fa	/home/jshaw/scratch/2022_sketched_distance/references/SGB_genome_fastas_part4/9269/LiJ_2014__V1.FI22__bin.44.fa	/home/jshaw/scratch/2022_sketched_distance/references/SGB_genome_fastas_part4/9269/LiJ_2014__V1.FI26__bin.33.fa	/home/jshaw/scratch/2022_sketched_distance/references/SGB_genome_fastas_part4/9269/LiJ_2014__V1.UC59-0__bin.21.fa	/home/jshaw/scratch/2022_sketched_distance/references/SGB_genome_fastas_part4/9269/LiJ_2017__H3M615846__bin.20.fa	/home/jshaw/scratch/2022_sketched_distance/references/SGB_genome_fastas_part4/9269/LouisS_2016__AS51_0__bin.3.fa	/home/jshaw/scratch/2022_sketched_distance/references/SGB_genome_fastas_part4/9269/LouisS_2016__AS51_12__bin.16.fa	/home/jshaw/scratch/2022_sketched_distance/references/SGB_genome_fastas_part4/9269/LouisS_2016__AS51_6__bin.7.fa	/home/jshaw/scratch/2022_sketched_distance/references/SGB_genome_fastas_part4/9269/LouisS_2016__AS53_18__bin.34.fa	/home/jshaw/scratch/2022_sketched_distance/references/SGB_genome_fastas_part4/9269/QinN_2014__LD-71__bin.14.fa	/home/jshaw/scratch/2022_sketched_distance/references/SGB_genome_fastas_part4/9269/VatanenT_2016__G78586__bin.10.fa	/home/jshaw/scratch/2022_sketched_distance/references/SGB_genome_fastas_part4/9269/VatanenT_2016__G78682__bin.17.fa	/home/jshaw/scratch/2022_sketched_distance/references/SGB_genome_fastas_part4/9269/VatanenT_2016__G80450__bin.9.fa	/home/jshaw/scratch/2022_sketched_distance/references/SGB_genome_fastas_part4/9269/VatanenT_2016__G80580__bin.6.fa	/home/jshaw/scratch/2022_sketched_distance/references/SGB_genome_fastas_part4/9269/VogtmannE_2016__MMRS62192467ST-27-0-0__bin.13.fa	/home/jshaw/scratch/2022_sketched_distance/references/SGB_genome_fastas_part4/9269/WenC_2017__RA001__bin.1.fa	/home/jshaw/scratch/2022_sketched_distance/references/SGB_genome_fastas_part4/9269/WenC_2017__RA087__bin.28.fa	/home/jshaw/scratch/2022_sketched_distance/references/SGB_genome_fastas_part4/9269/WenC_2017__RA134__bin.8.fa
1.0	0.9918382106554324	0.9918031762293836	0.9987184456914009	0.9905208032609736	0.9918305407487522	0.9923957281548361	0.9891887295252096	0.9974333440403844	0.9979137143088447	0.9921684881861308	0.9983596165553488	0.985372199616456	0.9987051602639881	0.996830711352245	0.9975020441450264	0.992882227243648	0.9844658310817609	0.9884696034694995	0.9959301399104763	0.9925652962979841	0.9891628270045424	0.9883253996663709	0.992699273615834	0.9890271599864482	0.9914741623577327	0.9914253766792301	0.9883739404435536	0.9762766983028706	0.996848869922234	0.9968428511728409	0.9890767429825044	0.9932689098676978	0.9966337374238865	0.9972897159529099	0.9982333282852517	0.9795824654420769
0.9918382106554324	1.0	0.9952307753725418	0.9925929984942607	0.9940265697287786	0.994150584693098	0.9933275681532844	0.9935912347540963	0.9918008113952567	0.9926310581969654	0.9923948492395407	0.9922010613892184	0.991303000543731	0.9925258470243501	0.9911290631962251	0.992417900997154	0.9952406715372627	0.9899929993651851	0.9923939836949499	0.9903687568925528	0.9979237831586633	0.9926079825559964	0.9936017100035724	0.9934765018125835	0.9927508731483533	0.9939674076518434	0.9872932237084664	0.9914204079564439	0.9798835338549029	0.9936625317882409	0.9912722881482445	0.9957583992477284	0.989077355462319	0.9913676709153495	0.991318206397419	0.9924477988889443	0.985038447522026
0.9918031762293836	0.9952307753725418	1.0	0.9921353099541046	0.9959942516491319	0.9965212217351015	0.99568624169916	0.9950892183581882	0.9925308372754302	0.9920341536205877	0.9918549597796396	0.9932544703654047	0.9922289474771653	0.9920192796873872	0.9912514308244462	0.99148356775362	0.9950616879775388	0.9899685876088338	0.9952386643873996	0.9896698543472372	0.9964242555020965	0.9939878072039927	0.9930489041020018	0.9949733556574074	0.9928644294504574	0.9956722679009655	0.9884480259662073	0.9925414533702257	0.9770882573244215	0.9916008629180411	0.990508623952412	0.9948820225235987	0.9889963059476752	0.99187291982675	0.9914435311714133	0.991833421650993	0.985630772385065
0.9987184456914009	0.9925929984942607	0.9921353099541046	1.0	0.9908227801801588	0.992079720462254	0.9928321049897054	0.9891851057187246	0.9980670310825228	0.998679313173122	0.9930831108483518	0.9986713118178492	0.9857755658827695	0.9998432672499152	0.9974985746203304	0.9985913955990137	0.9938101428170139	0.9852066519723087	0.9888732238484145	0.9964949710206948	0.9933897111182624	0.9897039154912343	0.9887863154392177	0.9933762101230627	0.989436253816595	0.9922195838345267	0.9918924338934553	0.989127253314025	0.9773706183034654	0.9972849995841492	0.9974006552133378	0.9892375194719703	0.9940746471886124	0.9971919222191556	0.9979142872751767	0.9991824127415304	0.9804371666521358
0.9905208032609736	0.9940265697287786	0.9959942516491319	0.9908227801801588	1.0	0.9966132545328055	0.9958072981944445	0.9963770323024141	0.9911508754581052	0.9909233370100804	0.9918128781486765	0.9918992930106282	0.9922984278989071	0.9907534170447102	0.9898306690563484	0.990521580279135	0.9944237390399971	0.9908655860200661	0.9940275594572874	0.9886716352689421	0.9950360186232717	0.99367459676385	0.9935462409930906	0.9944077298076377	0.9934489045195832	0.9945632598718214	0.9875242652140297	0.9927398736699119	0.9800090703167463	0.9904495728710362	0.9899111804915023	0.994463971993896	0.9886194037327657	0.9914742468631522	0.9905222851995242	0.990740478191587	0.9865050791734798
0.9918305407487522	0.994150584693098	0.9965212217351015	0.992079720462254	0.9966132545328055	1.0	0.998109685435387	0.9950514103129999	0.9923898067266231	0.992098491570421	0.9918296265769224	0.9931046397981668	0.9906419090541386	0.9920139827646858	0.9907061110048948	0.9918125678916918	0.9946871309542289	0.9886812398080821	0.9927865954574399	0.9903845539297126	0.9955778736729812	0.9931910533424615	0.9925180491335609	0.994049900937732	0.9925780542563779	0.9945950390307271	0.9868198218146023	0.9920400169432592	0.980258227751912	0.9916376931818871	0.9907754058250138	0.9931510226441835	0.9898453482942532	0.991897946833127	0.9912453915929953	0.9923401973340101	0.984288151443521
0.9923957281548361	0.9933275681532844	0.99568624169916	0.9928321049897054	0.9958072981944445	0.998109685435387	1.0	0.994468854436974	0.9932120472797991	0.9930388439471737	0.9920083623687578	0.9938582889841848	0.9897704909375932	0.9927434410017023	0.9915894150852778	0.9927629394323988	0.9945343770757933	0.9879558417646471	0.9923297719721614	0.9911655843055839	0.9947596268736904	0.9923352401892904	0.9921796607456844	0.993712931993721	0.9924190171007063	0.9939131075201099	0.9876659315864809	0.9918487339326784	0.9806773384137941	0.9925805262697469	0.9914569342275706	0.9922216491238721	0.9903487125318189	0.9927856460527129	0.9924333909978479	0.9930514983270519	0.9840554307557355
0.9891887295252096	0.9935912347540963	0.9950892183581882	0.9891851057187246	0.9963770323024141	0.9950514103129999	0.994468854436974	1.0	0.9895750261424978	0.9898207914281788	0.9910009011836134	0.9902509645526215	0.9934354224841095	0.9891145729076684	0.9886628456546088	0.9897259405046719	0.9926502479326428	0.9916465495935398	0.9942847436946578	0.9878578378178148	0.9935476580957193	0.9942348583855245	0.9942324700543749	0.9939090571109812	0.9938706233189708	0.9942916254533053	0.9867554686121074	0.9919671798477416	0.9791854720486878	0.9889835215481299	0.9886353823652151	0.9947935716565741	0.9870510820930897	0.9899171745245843	0.9892565935110958	0.989434714010728	0.9879363283416336
0.9974333440403844	0.9918008113952567	0.9925308372754302	0.9980670310825228	0.9911508754581052	0.9923898067266231	0.9932120472797991	0.9895750261424978	1.0	0.997669386275227	0.9922237751329164	0.9982898700494384	0.9860191400609197	0.9980048349478928	0.9965763071440447	0.9973625973968044	0.9933131829406654	0.9851786603168695	0.9888421992280721	0.995995989640176	0.9929976310770265	0.9895757290070785	0.9897276059885849	0.993628585369406	0.9890817892856526	0.9920436089998786	0.9914127924829821	0.9896200014982677	0.9776216773841857	0.9973673154155174	0.9962910991169024	0.9896205416178943	0.9928541819491568	0.9975435827994331	0.9968227190859885	0.9979101558706108	0.98044527694573
0.9979137143088447	0.9926310581969654	0.9920341536205877	0.998679313173122	0.9909233370100804	0.992098491570421	0.9930388439471737	0.9898207914281788	0.997669386275227	1.0	0.9933514127849454	0.9982251415096215	0.986633966063278	0.9986154307824205	0.9974455958036337	0.9985777576696455	0.9937564750710748	0.9855868626321361	0.9893914997433704	0.9966887883430346	0.9929789090277225	0.9902657682707725	0.9896108146736923	0.9933738702897115	0.9901012584003577	0.992171026812056	0.9919300220249749	0.9895574096365698	0.9780458276454026	0.9974598742577289	0.9971396054518815	0.9899176933144223	0.993988713726022	0.9972024877641008	0.9976959629759904	0.9984942568666676	0.9814998600794042
0.9921684881861308	0.9923948492395407	0.9918549597796396	0.9930831108483518	0.9918128781486765	0.9918296265769224	0.9920083623687578	0.9910009011836134	0.9922237751329164	0.9933514127849454	1.0	0.992893673252583	0.9885602934376099	0.992991638873911	0.9922534353782203	0.993258926446481	0.9936604784311049	0.9881015568588215	0.9909093650929495	0.9908014833017321	0.9924028433683977	0.9910279260811367	0.9905641553595578	0.9931580353633573	0.990738730438943	0.9930975919630386	0.9899078267028247	0.9900351306400755	0.9784857987806652	0.9919983328322853	0.9921413610820401	0.990643835087757	0.9905665466193221	0.9920522060878664	0.9930007465930707	0.9930585998857943	0.9839345608373296
0.9983596165553488	0.9922010613892184	0.9932544703654047	0.9986713118178492	0.9918992930106282	0.9931046397981668	0.9938582889841848	0.9902509645526215	0.9982898700494384	0.9982251415096215	0.992893673252583	1.0	0.986451500304791	0.9986579859245537	0.9971676901917169	0.9976889060005444	0.993538439118017	0.9854741560938612	0.9894386232143322	0.9964506366305433	0.9934196493558995	0.9899186516485843	0.989289731663087	0.9935651653986981	0.9894478368997394	0.9923850806693388	0.991753145242446	0.9893522780771882	0.9773526768533181	0.9976369134942287	0.9968622841452037	0.9894922233995936	0.993490639391509	0.997621951349826	0.9975858134792154	0.9983851489413841	0.9806562999494199
0.985372199616456	0.991303000543731	0.9922289474771653	0.9857755658827695	0.9922984278989071	0.9906419090541386	0.9897704909375932	0.9934354224841095	0.9860191400609197	0.986633966063278	0.9885602934376099	0.986451500304791	1.0	0.9856717879253271	0.9853175672012803	0.9866106144197275	0.9900632854734259	0.989893600481411	0.9927686864731993	0.9847441579193986	0.9907086954270401	0.9911664113417878	0.9915723500668974	0.9911014813951947	0.9914680715082755	0.9923501128118327	0.9852632899157038	0.9903659147295321	0.9786402849598107	0.9859246276462581	0.9854086233192797	0.9924414414444492	0.9847722849992712	0.9870938459624723	0.986223633838201	0.9860527423463318	0.9880164531275009
0.9987051602639881	0.9925258470243501	0.9920192796873872	0.9998432672499152	0.9907534170447102	0.9920139827646858	0.9927434410017023	0.9891145729076684	0.9980048349478928	0.9986154307824205	0.992991638873911	0.9986579859245537	0.9856717879253271	1.0	0.9975052487684448	0.9986287539481424	0.9937857934844476	0.9851349598510206	0.9888025709424547	0.9964132220434802	0.9932794430179397	0.9896331414125129	0.9887162426821926	0.9932863532370644	0.9893658981023475	0.9921270820609975	0.9918231095821949	0.9890306568953424	0.9773518673746903	0.9972050959288814	0.9973897164173539	0.9891681938276817	0.9939873227456899	0.9971282115201842	0.998006529976961	0.9991844393743557	0.9803266274887321
0.996830711352245	0.9911290631962251	0.9912514308244462	0.9974985746203304	0.9898306690563484	0.9907061110048948	0.9915894150852778	0.9886628456546088	0.9965763071440447	0.9974455958036337	0.9922534353782203	0.9971676901917169	0.9853175672012803	0.9975052487684448	1.0	0.9973265915097325	0.9924958851936065	0.9849049973782759	0.9886225564581351	0.995548621255127	0.9916271597099522	0.9889953585620839	0.9885301102314801	0.9926394185088077	0.9888516989840164	0.9913171459620482	0.9913427228606897	0.9887559698948799	0.9765889731880832	0.9961865347391224	0.9962756962912658	0.9888479248350736	0.9931248577357495	0.9959226277398799	0.996757984732321	0.9973975590992532	0.9804111618683676
0.9975020441450264	0.992417900997154	0.99148356775362	0.9985913955990137	0.990521580279135	0.9918125678916918	0.9927629394323988	0.9897259405046719	0.9973625973968044	0.9985777576696455	0.993258926446481	0.9976889060005444	0.9866106144197275	0.9986287539481424	0.9973265915097325	1.0	0.9935093445149583	0.9860405484294643	0.98906197590317	0.9966042129658937	0.9922608040991094	0.989922795501653	0.9894009103225383	0.993098050354117	0.9898690475722729	0.9917724409898125	0.9917007859517293	0.989010170065585	0.978109265332338	0.9969467679951091	0.99715036939862	0.9895752262128575	0.99370579799446	0.996767356182485	0.9974706493649846	0.9985246436364372	0.9813248073933044
0.992882227243648	0.9952406715372627	0.9950616879775388	0.9938101428170139	0.9944237390399971	0.9946871309542289	0.9945343770757933	0.9926502479326428	0.9933131829406654	0.9937564750710748	0.9936604784311049	0.993538439118017	0.9900632854734259	0.9937857934844476	0.9924958851936065	0.9935093445149583	1.0	0.9889830509690242	0.9920949728738195	0.9917772851828116	0.995392076714509	0.992815915075714	0.9927214859401469	0.9948695858763293	0.9927220694226887	0.9947970196616617	0.9887460330878758	0.9919704938459762	0.9810368149390268	0.9928184772574287	0.992362255371379	0.9930118771733727	0.9911012662657406	0.9924398783669112	0.9932620435707165	0.9935969274576404	0.9844536198562428
0.9844658310817609	0.9899929993651851	0.9899685876088338	0.9852066519723087	0.9908655860200661	0.9886812398080821	0.9879558417646471	0.9916465495935398	0.9851786603168695	0.9855868626321361	0.9881015568588215	0.9854741560938612	0.989893600481411	0.9851349598510206	0.9849049973782759	0.9860405484294643	0.9889830509690242	1.0	0.9901887871289771	0.9841390807831069	0.9894294652844243	0.9902268493413059	0.9909647397089316	0.9897085371744718	0.9902288396523524	0.9908260511094474	0.9833274437548681	0.9889573586484368	0.9770401146042317	0.9847873654571818	0.9846358515587217	0.9906277312799174	0.9833258696003766	0.9858434488881294	0.9851045344654238	0.9853834262586953	0.9854868590188565
0.9884696034694995	0.9923939836949499	0.9952386643873996	0.9888732238484145	0.9940275594572874	0.9927865954574399	0.9923297719721614	0.9942847436946578	0.9888421992280721	0.9893914997433704	0.9909093650929495	0.9894386232143322	0.9927686864731993	0.9888025709424547	0.9886225564581351	0.98906197590317	0.9920949728738195	0.9901887871289771	1.0	0.9879953905327006	0.9931660162158513	0.993481646002903	0.9923990507470951	0.9935556416686145	0.992059801875023	0.9948225457702482	0.9873304610348013	0.991604148645659	0.978251673081035	0.9888898492274873	0.9883218954967309	0.9941993626919197	0.9866489358094572	0.9900866616165874	0.9890456513445988	0.988981858646138	0.9874389295483467
0.9959301399104763	0.9903687568925528	0.9896698543472372	0.9964949710206948	0.9886716352689421	0.9903845539297126	0.9911655843055839	0.9878578378178148	0.995995989640176	0.9966887883430346	0.9908014833017321	0.9964506366305433	0.9847441579193986	0.9964132220434802	0.995548621255127	0.9966042129658937	0.9917772851828116	0.9841390807831069	0.9879953905327006	1.0	0.9904348272676862	0.9881364249099955	0.9879073146920143	0.9914507079223458	0.9882033872686113	0.9899772552620897	0.9907628600762322	0.9874228653123583	0.9779955826479081	0.9960543549575939	0.9950253059239739	0.9878220220739318	0.9921954959541692	0.9961391655446741	0.9958287427009207	0.9965287973835129	0.9798285816891288
0.9925652962979841	0.9979237831586633	0.9964242555020965	0.9933897111182624	0.9950360186232717	0.9955778736729812	0.9947596268736904	0.9935476580957193	0.9929976310770265	0.9929789090277225	0.9924028433683977	0.9934196493558995	0.9907086954270401	0.9932794430179397	0.9916271597099522	0.9922608040991094	0.995392076714509	0.9894294652844243	0.9931660162158513	0.9904348272676862	1.0	0.9933341564348963	0.9930709814920902	0.9948715363940047	0.9926362717013129	0.9951806503390241	0.9881728037615904	0.9920400169432592	0.9795822861814751	0.9943302587236057	0.9916419757160253	0.9958858731255081	0.989539572171161	0.9923259361159409	0.9920173894295108	0.9928813882825607	0.9846821168830892
0.9891628270045424	0.9926079825559964	0.9939878072039927	0.9897039154912343	0.99367459676385	0.9931910533424615	0.9923352401892904	0.9942348583855245	0.9895757290070785	0.9902657682707725	0.9910279260811367	0.9899186516485843	0.9911664113417878	0.9896331414125129	0.9889953585620839	0.989922795501653	0.992815915075714	0.9902268493413059	0.993481646002903	0.9881364249099955	0.9933341564348963	1.0	0.9925393882820548	0.9936921029285232	0.9925077143482358	0.9946256523187449	0.9875837136252815	0.9919576487268825	0.97892522188456	0.9893535798850192	0.9891438315723444	0.9928733121245144	0.9871637800725014	0.9898315734787557	0.9899733062312579	0.9899283294423531	0.9866697957192349
0.9883253996663709	0.9936017100035724	0.9930489041020018	0.9887863154392177	0.9935462409930906	0.9925180491335609	0.9921796607456844	0.9942324700543749	0.9897276059885849	0.9896108146736923	0.9905641553595578	0.989289731663087	0.9915723500668974	0.9887162426821926	0.9885301102314801	0.9894009103225383	0.9927214859401469	0.9909647397089316	0.9923990507470951	0.9879073146920143	0.9930709814920902	0.9925393882820548	1.0	0.9925715553311261	0.9927010200683216	0.9929140115313874	0.9861357497679044	0.9909199248910492	0.9804927662465979	0.9887716024441305	0.9881097776720742	0.993062417930115	0.9870396802699615	0.9895326781195478	0.9886887647478906	0.9889494374973902	0.986049816605588
0.992699273615834	0.9934765018125835	0.9949733556574074	0.9933762101230627	0.9944077298076377	0.994049900937732	0.993712931993721	0.9939090571109812	0.993628585369406	0.9933738702897115	0.9931580353633573	0.9935651653986981	0.9911014813951947	0.9932863532370644	0.9926394185088077	0.993098050354117	0.9948695858763293	0.9897085371744718	0.9935556416686145	0.9914507079223458	0.9948715363940047	0.9936921029285232	0.9925715553311261	1.0	0.9931330667738346	0.9955813311476528	0.9908000107156129	0.9931703217936736	0.9792789648270895	0.9926330494089594	0.9923837470337405	0.9936432069901548	0.9910355962959935	0.9933112322535474	0.993473956184104	0.9934229519701616	0.9863770125520774
0.9890271599864482	0.9927508731483533	0.9928644294504574	0.989436253816595	0.9934489045195832	0.9925780542563779	0.9924190171007063	0.9938706233189708	0.9890817892856526	0.9901012584003577	0.990738730438943	0.9894478368997394	0.9914680715082755	0.9893658981023475	0.9888516989840164	0.9898690475722729	0.9927220694226887	0.9902288396523524	0.992059801875023	0.9882033872686113	0.9926362717013129	0.9925077143482358	0.9927010200683216	0.9931330667738346	1.0	0.993550388890123	0.9876669058004658	0.99096651815246	0.9802843835174001	0.9889342074662607	0.9884660290589754	0.9930286843785822	0.9879735361937655	0.9898623354760417	0.9895494724262093	0.9894941930294127	0.9869263093604478
0.9914741623577327	0.9939674076518434	0.9956722679009655	0.9922195838345267	0.9945632598718214	0.9945950390307271	0.9939131075201099	0.9942916254533053	0.9920436089998786	0.992171026812056	0.9930975919630386	0.9923850806693388	0.9923501128118327	0.9921270820609975	0.9913171459620482	0.9917724409898125	0.9947970196616617	0.9908260511094474	0.9948225457702482	0.9899772552620897	0.9951806503390241	0.9946256523187449	0.9929140115313874	0.9955813311476528	0.993550388890123	1.0	0.9905459943286964	0.9926816023761553	0.9802765680940911	0.9913909789469747	0.9908647904979366	0.9939805411226946	0.9895427029007389	0.9922862268581972	0.9921120756558512	0.9921833383785408	0.98706361524896
0.9914253766792301	0.9872932237084664	0.9884480259662073	0.9918924338934553	0.9875242652140297	0.9868198218146023	0.9876659315864809	0.9867554686121074	0.9914127924829821	0.9919300220249749	0.9899078267028247	0.991753145242446	0.9852632899157038	0.9918231095821949	0.9913427228606897	0.9917007859517293	0.9887460330878758	0.9833274437548681	0.9873304610348013	0.9907628600762322	0.9881728037615904	0.9875837136252815	0.9861357497679044	0.9908000107156129	0.9876669058004658	0.9905459943286964	1.0	0.9871277349295763	0.9751335389048773	0.991062583276565	0.9909387819357952	0.9868101837990464	0.9898174622862117	0.991841253955761	0.9915605231064805	0.991753602768393	0.9821903739619922
0.9883739404435536	0.9914204079564439	0.9925414533702257	0.989127253314025	0.9927398736699119	0.9920400169432592	0.9918487339326784	0.9919671798477416	0.9896200014982677	0.9895574096365698	0.9900351306400755	0.9893522780771882	0.9903659147295321	0.9890306568953424	0.9887559698948799	0.989010170065585	0.9919704938459762	0.9889573586484368	0.991604148645659	0.9874228653123583	0.9920400169432592	0.9919576487268825	0.9909199248910492	0.9931703217936736	0.99096651815246	0.9926816023761553	0.9871277349295763	1.0	0.9788427383474082	0.9886441015619882	0.9883434952499918	0.9915029374043416	0.9871172108442815	0.9892802727004992	0.9893088044208156	0.988905464503769	0.9851084803768341
0.9762766983028706	0.9798835338549029	0.9770882573244215	0.9773706183034654	0.9800090703167463	0.980258227751912	0.9806773384137941	0.9791854720486878	0.9776216773841857	0.9780458276454026	0.9784857987806652	0.9773526768533181	0.9786402849598107	0.9773518673746903	0.9765889731880832	0.978109265332338	0.9810368149390268	0.9770401146042317	0.978251673081035	0.9779955826479081	0.9795822861814751	0.97892522188456	0.9804927662465979	0.9792789648270895	0.9802843835174001	0.9802765680940911	0.9751335389048773	0.9788427383474082	1.0	0.9775543408807479	0.9765276270311772	0.9789041399966844	0.9777234556582118	0.9777602267811196	0.9771983056061989	0.9775084859895141	0.9753836747542295
0.996848869922234	0.9936625317882409	0.9916008629180411	0.9972849995841492	0.9904495728710362	0.9916376931818871	0.9925805262697469	0.9889835215481299	0.9973673154155174	0.9974598742577289	0.9919983328322853	0.9976369134942287	0.9859246276462581	0.9972050959288814	0.9961865347391224	0.9969467679951091	0.9928184772574287	0.9847873654571818	0.9888898492274873	0.9960543549575939	0.9943302587236057	0.9893535798850192	0.9887716024441305	0.9926330494089594	0.9889342074662607	0.9913909789469747	0.991062583276565	0.9886441015619882	0.9775543408807479	1.0	0.9961252217036498	0.9915683689678033	0.9924262519687794	0.9970737102346664	0.9965568510781754	0.9972727297175026	0.980214325413224
0.9968428511728409	0.9912722881482445	0.990508623952412	0.9974006552133378	0.9899111804915023	0.9907754058250138	0.9914569342275706	0.9886353823652151	0.9962910991169024	0.9971396054518815	0.9921413610820401	0.9968622841452037	0.9854086233192797	0.9973897164173539	0.9962756962912658	0.99715036939862	0.992362255371379	0.9846358515587217	0.9883218954967309	0.9950253059239739	0.9916419757160253	0.9891438315723444	0.9881097776720742	0.9923837470337405	0.9884660290589754	0.9908647904979366	0.9909387819357952	0.9883434952499918	0.9765276270311772	0.9961252217036498	1.0	0.9888787755576074	0.9927858290217577	0.9958015333140879	0.9966942859211773	0.9974616340445425	0.9803317109884211
0.9890767429825044	0.9957583992477284	0.9948820225235987	0.9892375194719703	0.994463971993896	0.9931510226441835	0.9922216491238721	0.9947935716565741	0.9896205416178943	0.9899176933144223	0.990643835087757	0.9894922233995936	0.9924414414444492	0.9891681938276817	0.9888479248350736	0.9895752262128575	0.9930118771733727	0.9906277312799174	0.9941993626919197	0.9878220220739318	0.9958858731255081	0.9928733121245144	0.993062417930115	0.9936432069901548	0.9930286843785822	0.9939805411226946	0.9868101837990464	0.9915029374043416	0.9789041399966844	0.9915683689678033	0.9888787755576074	1.0	0.9863535402562478	0.9899855424723273	0.9891395202493728	0.9892925372912255	0.987098746221097
0.9932689098676978	0.989077355462319	0.9889963059476752	0.9940746471886124	0.9886194037327657	0.9898453482942532	0.9903487125318189	0.9870510820930897	0.9928541819491568	0.993988713726022	0.9905665466193221	0.993490639391509	0.9847722849992712	0.9939873227456899	0.9931248577357495	0.99370579799446	0.9911012662657406	0.9833258696003766	0.9866489358094572	0.9921954959541692	0.989539572171161	0.9871637800725014	0.9870396802699615	0.9910355962959935	0.9879735361937655	0.9895427029007389	0.9898174622862117	0.9871172108442815	0.9777234556582118	0.9924262519687794	0.9927858290217577	0.9863535402562478	1.0	0.9923007194594671	0.9934680188844922	0.9939567358951672	0.9791356117515192
0.9966337374238865	0.9913676709153495	0.99187291982675	0.9971919222191556	0.9914742468631522	0.991897946833127	0.9927856460527129	0.9899171745245843	0.9975435827994331	0.9972024877641008	0.9920522060878664	0.997621951349826	0.9870938459624723	0.9971282115201842	0.9959226277398799	0.996767356182485	0.9924398783669112	0.9858434488881294	0.9900866616165874	0.9961391655446741	0.9923259361159409	0.9898315734787557	0.9895326781195478	0.9933112322535474	0.9898623354760417	0.9922862268581972	0.991841253955761	0.9892802727004992	0.9777602267811196	0.9970737102346664	0.9958015333140879	0.9899855424723273	0.9923007194594671	1.0	0.9964225213870223	0.9972323491265652	0.9818607421618484
0.9972897159529099	0.991318206397419	0.9914435311714133	0.9979142872751767	0.9905222851995242	0.9912453915929953	0.9924333909978479	0.9892565935110958	0.9968227190859885	0.9976959629759904	0.9930007465930707	0.9975858134792154	0.986223633838201	0.998006529976961	0.996757984732321	0.9974706493649846	0.9932620435707165	0.9851045344654238	0.9890456513445988	0.9958287427009207	0.9920173894295108	0.9899733062312579	0.9886887647478906	0.993473956184104	0.9895494724262093	0.9921120756558512	0.9915605231064805	0.9893088044208156	0.9771983056061989	0.9965568510781754	0.9966942859211773	0.9891395202493728	0.9934680188844922	0.9964225213870223	1.0	0.9978205033786972	0.981229570181082
0.9982333282852517	0.9924477988889443	0.991833421650993	0.9991824127415304	0.990740478191587	0.9923401973340101	0.9930514983270519	0.989434714010728	0.9979101558706108	0.9984942568666676	0.9930585998857943	0.9983851489413841	0.9860527423463318	0.9991844393743557	0.9973975590992532	0.9985246436364372	0.9935969274576404	0.9853834262586953	0.988981858646138	0.9965287973835129	0.9928813882825607	0.9899283294423531	0.9889494374973902	0.9934229519701616	0.9894941930294127	0.9921833383785408	0.991753602768393	0.988905464503769	0.9775084859895141	0.9972727297175026	0.9974616340445425	0.9892925372912255	0.9939567358951672	0.9972323491265652	0.9978205033786972	1.0	0.9805358177002137
0.9795824654420769	0.985038447522026	0.985630772385065	0.9804371666521358	0.9865050791734798	0.984288151443521	0.9840554307557355	0.9879363283416336	0.98044527694573	0.9814998600794042	0.9839345608373296	0.9806562999494199	0.9880164531275009	0.9803266274887321	0.9804111618683676	0.9813248073933044	0.9844536198562428	0.9854868590188565	0.9874389295483467	0.9798285816891288	0.9846821168830892	0.9866697957192349	0.986049816605588	0.9863770125520774	0.9869263093604478	0.98706361524896	0.9821903739619922	0.9851084803768341	0.9753836747542295	0.980214325413224	0.9803317109884211	0.987098746221097	0.9791356117515192	0.9818607421618484	0.981229570181082	0.9805358177002137	1.0
