/home/jshaw/scratch/2022_sketched_distance/references/SGB_genome_fastas_part2/2321/AsnicarF_2017__MV_FEM3_t1Q14__bin.16.fa	/home/jshaw/scratch/2022_sketched_distance/references/SGB_genome_fastas_part2/2321/Bengtsson-PalmeJ_2015__TRAVELRES45__bin.71.fa	/home/jshaw/scratch/2022_sketched_distance/references/SGB_genome_fastas_part2/2321/Bengtsson-PalmeJ_2015__TRAVELRES46__bin.81.fa	/home/jshaw/scratch/2022_sketched_distance/references/SGB_genome_fastas_part2/2321/BritoIL_2016__W2.6.ST__bin.27.fa	/home/jshaw/scratch/2022_sketched_distance/references/SGB_genome_fastas_part2/2321/ChengpingW_2017__AS128raw__bin.44.fa	/home/jshaw/scratch/2022_sketched_distance/references/SGB_genome_fastas_part2/2321/ChengpingW_2017__AS98raw__bin.2.fa	/home/jshaw/scratch/2022_sketched_distance/references/SGB_genome_fastas_part2/2321/ChengpingW_2017__AS9raw__bin.56.fa	/home/jshaw/scratch/2022_sketched_distance/references/SGB_genome_fastas_part2/2321/CosteaPI_2017__SID713A063-11-90-0__bin.50.fa	/home/jshaw/scratch/2022_sketched_distance/references/SGB_genome_fastas_part2/2321/HeQ_2017__RSZAXPI003103-141__bin.15.fa	/home/jshaw/scratch/2022_sketched_distance/references/SGB_genome_fastas_part2/2321/LeChatelierE_2013__MH0257__bin.1.fa	/home/jshaw/scratch/2022_sketched_distance/references/SGB_genome_fastas_part2/2321/LeChatelierE_2013__MH0422__bin.22.fa	/home/jshaw/scratch/2022_sketched_distance/references/SGB_genome_fastas_part2/2321/LiJ_2014__MH0329__bin.16.fa	/home/jshaw/scratch/2022_sketched_distance/references/SGB_genome_fastas_part2/2321/LiJ_2014__O2.UC13-1__bin.18.fa	/home/jshaw/scratch/2022_sketched_distance/references/SGB_genome_fastas_part2/2321/LiJ_2014__V1.CD40-0__bin.15.fa	/home/jshaw/scratch/2022_sketched_distance/references/SGB_genome_fastas_part2/2321/LiJ_2017__H3M514143__bin.39.fa	/home/jshaw/scratch/2022_sketched_distance/references/SGB_genome_fastas_part2/2321/QinN_2014__HD-33__bin.61.fa	/home/jshaw/scratch/2022_sketched_distance/references/SGB_genome_fastas_part2/2321/RaymondF_2016__P13E0__bin.60.fa	/home/jshaw/scratch/2022_sketched_distance/references/SGB_genome_fastas_part2/2321/RaymondF_2016__P13E7__bin.10.fa	/home/jshaw/scratch/2022_sketched_distance/references/SGB_genome_fastas_part2/2321/RaymondF_2016__P13E90__bin.1.fa	/home/jshaw/scratch/2022_sketched_distance/references/SGB_genome_fastas_part2/2321/XieH_2016__YSZC12003_35563__bin.34.fa	/home/jshaw/scratch/2022_sketched_distance/references/SGB_genome_fastas_part2/2321/XieH_2016__YSZC12003_35733__bin.9.fa	/home/jshaw/scratch/2022_sketched_distance/references/SGB_genome_fastas_part2/2321/XieH_2016__YSZC12003_35739__bin.18.fa	/home/jshaw/scratch/2022_sketched_distance/references/SGB_genome_fastas_part2/2321/XieH_2016__YSZC12003_35740__bin.98.fa	/home/jshaw/scratch/2022_sketched_distance/references/SGB_genome_fastas_part2/2321/XieH_2016__YSZC12003_37100__bin.102.fa	/home/jshaw/scratch/2022_sketched_distance/references/SGB_genome_fastas_part2/2321/XieH_2016__YSZC12003_37101__bin.43.fa	/home/jshaw/scratch/2022_sketched_distance/references/SGB_genome_fastas_part2/2321/XieH_2016__YSZC12003_37197R1__bin.105.fa	/home/jshaw/scratch/2022_sketched_distance/references/SGB_genome_fastas_part2/2321/XieH_2016__YSZC12003_37232__bin.78.fa	/home/jshaw/scratch/2022_sketched_distance/references/SGB_genome_fastas_part2/2321/XieH_2016__YSZC12003_37296R1__bin.77.fa	/home/jshaw/scratch/2022_sketched_distance/references/SGB_genome_fastas_part2/2321/XieH_2016__YSZC12003_37314__bin.63.fa	/home/jshaw/scratch/2022_sketched_distance/references/SGB_genome_fastas_part2/2321/XieH_2016__YSZC12003_37331__bin.46.fa	/home/jshaw/scratch/2022_sketched_distance/references/SGB_genome_fastas_part2/2321/XieH_2016__YSZC12003_37583__bin.55.fa	/home/jshaw/scratch/2022_sketched_distance/references/SGB_genome_fastas_part2/2321/XieH_2016__YSZC12003_37830__bin.16.fa	/home/jshaw/scratch/2022_sketched_distance/references/SGB_genome_fastas_part2/2321/ZeeviD_2015__PNP_Main_414__bin.81.fa	/home/jshaw/scratch/2022_sketched_distance/references/SGB_genome_fastas_part2/2321/ZeeviD_2015__PNP_Main_474__bin.36.fa	/home/jshaw/scratch/2022_sketched_distance/references/SGB_genome_fastas_part2/2321/ZeeviD_2015__PNP_Main_475__bin.20.fa	/home/jshaw/scratch/2022_sketched_distance/references/SGB_genome_fastas_part2/2321/ZeeviD_2015__PNP_Main_553__bin.11.fa	/home/jshaw/scratch/2022_sketched_distance/references/SGB_genome_fastas_part2/2321/ZeeviD_2015__PNP_Main_589__bin.11.fa	/home/jshaw/scratch/2022_sketched_distance/references/SGB_genome_fastas_part2/2321/ZeeviD_2015__PNP_Main_610__bin.28.fa	/home/jshaw/scratch/2022_sketched_distance/references/SGB_genome_fastas_part2/2321/ZeeviD_2015__PNP_Main_74__bin.20.fa	/home/jshaw/scratch/2022_sketched_distance/references/SGB_genome_fastas_part2/2321/ZellerG_2014__CCIS36797902ST-4-0__bin.7.fa	/home/jshaw/scratch/2022_sketched_distance/references/SGB_genome_fastas_part2/2321/ZellerG_2014__CCIS41548810ST-4-0__bin.30.fa	/home/jshaw/scratch/2022_sketched_distance/references/SGB_genome_fastas_part2/2321/ZellerG_2014__CCIS53043478ST-4-0__bin.27.fa
1.0	0.9843461941049604	0.9843003753899127	0.9814922996273207	0.9812764840992617	0.9801510778834169	0.980897159203516	0.9831573440023451	0.9799124653056526	0.9751721496585795	0.9815019852141558	0.980450458192468	0.9816240250590146	0.9817259426883923	0.9817011340865314	0.9820221882467304	0.9836754760874494	0.9809987435035146	0.9795234316095007	0.9825100501273881	0.9817259426883923	0.9804096359120895	0.9807530139966537	0.9822182061749316	0.9794407936297265	0.9800989906614517	0.9818447628817126	0.9811505306955626	0.9825342534603394	0.9829907511525623	0.9819237373604538	0.9826790990566425	0.9819630109429717	0.9815102722197833	0.9821937680216967	0.9798898072849375	0.9808779325499831	0.9805346134066522	0.9808717137389901	0.9824858288943269	0.9815518861846256	0.9811000132030909
0.9843461941049604	1.0	0.9998407132797162	0.9853834955024867	0.9833625069022409	0.9833683978853184	0.9826891567505559	0.9839941200911979	0.9837365598242342	0.9770664924040813	0.9843178972662765	0.9827232957018217	0.9849529480826333	0.9838482014253935	0.9841115626417658	0.9830750345149116	0.9832351892547873	0.9834804846917112	0.982395124250456	0.9828650750316812	0.9838089976350345	0.9841464886548199	0.9844138188541827	0.9829036883935007	0.9816687710213425	0.9832791806136589	0.9847404439582955	0.9826959775120561	0.9826225515314035	0.9828478231480521	0.9851315014905024	0.9841551922507962	0.9844421000945985	0.9849261247436757	0.9846210657870205	0.9831777708496457	0.9845345761060232	0.9842951815313569	0.9833052104735635	0.9843456399932572	0.9841007367416741	0.9839086078171166
0.9843003753899127	0.9998407132797162	1.0	0.9853834955024867	0.9832962619020887	0.9833450305293241	0.982734801663295	0.9838928756263859	0.9837365598242342	0.976978742393044	0.9842071528079946	0.9827232957018217	0.9848825272043527	0.983803783892127	0.9840463565608666	0.9830312039745017	0.9831927306415545	0.9834572175094091	0.9823214003485993	0.9828432921564423	0.9837866566177254	0.9841464886548199	0.9844138188541827	0.9827971173631594	0.9815471236475477	0.9832557290007663	0.9847404439582955	0.9826497351633855	0.982534506803777	0.982653267696946	0.9850217374258846	0.9840270162720047	0.9844421000945985	0.9848544885125621	0.9844688459800486	0.9831074249191307	0.9845116538313661	0.9842111494520615	0.9831441521108465	0.9841913500847499	0.9840782306634159	0.9838188903290445
0.9814922996273207	0.9853834955024867	0.9853834955024867	1.0	0.9815850157618629	0.9824078491001281	0.9820903114712366	0.9848431135855679	0.9810247357349438	0.9764307986056499	0.9827223372014651	0.9701723997532089	0.9805981349611008	0.982811639122168	0.9840369695042237	0.9826775947820436	0.983950948474362	0.981815663196176	0.9795805276962131	0.9842083377582658	0.9844637233843166	0.9679264541518555	0.9795805276962131	0.9841227655343826	0.9791843722631535	0.9820446964930216	0.978530183891162	0.9814458428433217	0.9827223372014651	0.9836915233073041	0.9832545338102735	0.9831664324559111	0.9743603960556616	0.9807884228549049	0.9832105127370516	0.9821358629777529	0.9818615982497514	0.9767544622861478	0.9823626746845634	0.9836915233073041	0.982811639122168	0.9815386905369505
0.9812764840992617	0.9833625069022409	0.9832962619020887	0.9815850157618629	1.0	0.9904064533729235	0.9900631408619217	0.9825811883400871	0.9877261336841481	0.9789670917774629	0.9813094612970378	0.979290031688353	0.9836616560045295	0.9819993265860262	0.9865787221011764	0.9914039911039325	0.9824906966075257	0.9813917634544269	0.9817505996849877	0.9799722158314166	0.9808422923728336	0.9809164711810868	0.9801538277373983	0.9819424307955272	0.9790403185142167	0.9789225389037663	0.9815817124362419	0.9797988543246846	0.9799477391657139	0.9810314319146307	0.9817647148186125	0.9820574124709189	0.9824106149871654	0.9830360563712559	0.9831342893066007	0.9810237696213895	0.9831300760719871	0.9851238760503016	0.9827730187901645	0.9807711971336355	0.9857675624743589	0.98343482848742
0.9801510778834169	0.9833683978853184	0.9833450305293241	0.9824078491001281	0.9904064533729235	1.0	0.989059128592917	0.9840160123115554	0.9853151083388676	0.976978742393044	0.981170614262122	0.9795178716833668	0.9824189040035612	0.9821306409344963	0.986612992315143	0.9905945152956582	0.9827791565481683	0.9803612947447121	0.9801603862098476	0.9813946722232303	0.9808946645519862	0.9805794556823936	0.9795434470132809	0.9824444926741842	0.9776668045608345	0.978976062661825	0.9806591080022807	0.9798970879869102	0.9805655107994045	0.9817892475015246	0.9810454711710489	0.9827077301535861	0.9817692910635912	0.9823981967957481	0.9828978555557756	0.9804380253819546	0.9824290376822199	0.98373085814183	0.9819359951975212	0.9816910488584673	0.9854060871591559	0.9834849854536232
0.980897159203516	0.9826891567505559	0.982734801663295	0.9820903114712366	0.9900631408619217	0.989059128592917	1.0	0.9828940598659428	0.9870339220990203	0.9778742917825859	0.9800745183398127	0.9803030217666034	0.9831454287445841	0.9817873021425164	0.9863176690261101	0.9905881930134637	0.9816685266500589	0.9810678854054715	0.9799758873888992	0.9807607065955348	0.9807933530210861	0.9821502257790119	0.9808095106281437	0.9816685266500589	0.9783756366192194	0.9797424530193383	0.9821057159217657	0.9790584247604828	0.9796269288678955	0.9810981053538724	0.9811270881955565	0.9818330432802173	0.9823788454079792	0.9831369712317812	0.9820025903108546	0.9808230223020338	0.9828900294938226	0.9842391840666208	0.981706078133731	0.9810398697255345	0.9854668052084145	0.9823019584306771
0.9831573440023451	0.9839941200911979	0.9838928756263859	0.9848431135855679	0.9825811883400871	0.9840160123115554	0.9828940598659428	1.0	0.9835249471705741	0.9781862430838186	0.9842957782591298	0.9831662933952784	0.9843614387295638	0.9829025565770858	0.9837622892355108	0.9833802178174027	0.9838863612269597	0.9841709320512692	0.9830031208451054	0.9829085973816438	0.9837195420965485	0.9848973219606785	0.9833604886885369	0.9827757614927881	0.9829545396556393	0.9830910961512198	0.9839856528480276	0.9829720691534141	0.9826445257826021	0.9830626493986677	0.9846235201739343	0.9842616243260021	0.9847392116032084	0.9849022633639487	0.984030000280838	0.982919094120265	0.9853716406261326	0.9837593061153395	0.9832132740612245	0.984499207777149	0.9845254446992343	0.9836838521884572
0.9799124653056526	0.9837365598242342	0.9837365598242342	0.9810247357349438	0.9877261336841481	0.9853151083388676	0.9870339220990203	0.9835249471705741	1.0	0.9749858460865208	0.979991395065934	0.9791755125759602	0.9812060843400804	0.9818803333145101	0.988606808029674	0.9880565834410556	0.9833356934631434	0.981000500737549	0.9791460549367635	0.9821520366205082	0.9809495025719825	0.9810001850315416	0.9798355275253648	0.982809539296283	0.9790584591769261	0.9801225223404209	0.9808397197836436	0.9797540312693158	0.9811022590846387	0.9820041144629137	0.9813552783436017	0.9824458909345967	0.9818339918433571	0.9834128954758277	0.9823482322201251	0.9797275507133946	0.9807495788106079	0.9821269247467318	0.9816313576356864	0.9812037017872338	0.984063044585619	0.9823970979827813
0.9751721496585795	0.9770664924040813	0.976978742393044	0.9764307986056499	0.9789670917774629	0.976978742393044	0.9778742917825859	0.9781862430838186	0.9749858460865208	1.0	0.9758765840482636	0.9736457431130777	0.974808189352824	0.9761180715954382	0.9772993431726451	0.9787181372575311	0.9781014610512611	0.9753881628176709	0.9741659538911037	0.9767140646194635	0.9785231839620566	0.9765269517349597	0.9745774374686721	0.9771248613381204	0.974037959238713	0.9742934460110653	0.9749324429597271	0.974357004871898	0.9762081693189808	0.9784672683369375	0.9766549539981776	0.9775880855033837	0.9761662762660149	0.9755751636710451	0.9763577800474849	0.9756638017758789	0.9755721814838232	0.9764270262833475	0.9763577800474849	0.9765067061605404	0.9774728954516675	0.9761180715954382
0.9815019852141558	0.9843178972662765	0.9842071528079946	0.9827223372014651	0.9813094612970378	0.981170614262122	0.9800745183398127	0.9842957782591298	0.979991395065934	0.9758765840482636	1.0	0.9818541591773414	0.9831454287445841	0.9821233542867918	0.9814786904998338	0.9817906697187297	0.9842957782591298	0.981810515096614	0.9813475664221111	0.9831932562762947	0.982028646081878	0.9821502257790119	0.981727883859804	0.9831474581848588	0.9816687710213425	0.9816449462782371	0.9829326911436614	0.980425031384094	0.9836703119626166	0.9833302678124727	0.982792730687244	0.9832618336382897	0.9827266271930978	0.983262679376349	0.9827323691323817	0.9811236830099209	0.9822575494764354	0.981554064589871	0.9815369388768602	0.9827323691323817	0.9812341409800042	0.9820184434568167
0.980450458192468	0.9827232957018217	0.9827232957018217	0.9701723997532089	0.979290031688353	0.9795178716833668	0.9803030217666034	0.9831662933952784	0.9791755125759602	0.9736457431130777	0.9818541591773414	1.0	0.9794421015545256	0.9810336422523	0.9808888186100313	0.9810336422523	0.9821348010224908	0.9800061379944286	0.9780472654832375	0.9816066078853604	0.9803768231267055	0.9687643965018755	0.9758362696533844	0.9818541591773414	0.9792137302736265	0.9793281156173478	0.976298998854592	0.9797816910326456	0.9816775281236223	0.9822045871593938	0.9802660584871921	0.9813571694072861	0.9726797486168165	0.9791372500761677	0.9797441327926711	0.9790605902421297	0.9801920062487759	0.9737362601415062	0.980450458192468	0.9810697481648007	0.9813929201276357	0.9799688371056234
0.9816240250590146	0.9849529480826333	0.9848825272043527	0.9805981349611008	0.9836616560045295	0.9824189040035612	0.9831454287445841	0.9843614387295638	0.9812060843400804	0.974808189352824	0.9831454287445841	0.9794421015545256	1.0	0.9861501808365839	0.9834168471319896	0.9843375551559841	0.9839046506088072	0.9808093544068004	0.980434678664051	0.98312064252301	0.9822410947587706	0.9781176476306254	0.9795727729074564	0.9841218169900906	0.9813895907604376	0.9809421332545184	0.9801418872679024	0.9811534642773304	0.98312064252301	0.9830213097340559	0.9827967037746347	0.9839288513343638	0.9805486493726193	0.9817739363087856	0.9835394800717405	0.9810743750997247	0.9817793865982434	0.981217766199445	0.9829466120316364	0.9830461711746232	0.9833676652138627	0.9821134943507392
0.9817259426883923	0.9838482014253935	0.983803783892127	0.982811639122168	0.9819993265860262	0.9821306409344963	0.9817873021425164	0.9829025565770858	0.9818803333145101	0.9761180715954382	0.9821233542867918	0.9810336422523	0.9861501808365839	1.0	0.9826733232093839	0.9827881403986883	0.9833787889846264	0.9817370060780155	0.9806818570023291	0.9810946135163162	0.9812794814033517	0.9808745337456606	0.9811185090892992	0.9829253919416984	0.9801782590020577	0.9798987952186022	0.9819899935537403	0.9808667346051618	0.9818109283571146	0.9823031798018661	0.9830506091180305	0.9819993265860262	0.9822833513128402	0.9825524197366449	0.9827460729300477	0.9830133948247342	0.9822575494764354	0.9823948197286564	0.9818263588631077	0.9820222821666397	0.9824631267725304	0.9814197799302182
0.9817011340865314	0.9841115626417658	0.9840463565608666	0.9840369695042237	0.9865787221011764	0.986612992315143	0.9863176690261101	0.9837622892355108	0.988606808029674	0.9772993431726451	0.9814786904998338	0.9808888186100313	0.9834168471319896	0.9826733232093839	1.0	0.9873353670024619	0.9837183673475692	0.9826561413781524	0.9815245046775347	0.9825779997630414	0.9824641101261945	0.9821905604959849	0.9825141958030918	0.9828499137963269	0.9805321724162552	0.9818904508068395	0.9834079383828142	0.9817584905720229	0.9823725724975685	0.9826688888014814	0.9836751114613922	0.9830747974548858	0.9839307530622756	0.9854232495075196	0.9835852035315604	0.9823955314001098	0.9835813767476457	0.9843789989386095	0.9830979896821335	0.9823744586498593	0.9854019974255538	0.9837739393750482
0.9820221882467304	0.9830750345149116	0.9830312039745017	0.9826775947820436	0.9914039911039325	0.9905945152956582	0.9905881930134637	0.9833802178174027	0.9880565834410556	0.9787181372575311	0.9817906697187297	0.9810336422523	0.9843375551559841	0.9827881403986883	0.9873353670024619	1.0	0.9825896430551193	0.9823927188576655	0.9817756251922708	0.980761317627513	0.9816632481166696	0.9819478033627542	0.9809503265599016	0.9817110880468816	0.9799998543113763	0.9803889995250596	0.9821922400312795	0.9806460938565877	0.9799039979881603	0.9814819669026937	0.9829101998321412	0.9822457235205456	0.9832259904663155	0.9843243238112218	0.9834505793541228	0.9814709956913541	0.9840498130948665	0.9862763505294166	0.9832132740612245	0.9818091431922698	0.9869025122683817	0.9841985062968008
0.9836754760874494	0.9832351892547873	0.9831927306415545	0.983950948474362	0.9824906966075257	0.9827791565481683	0.9816685266500589	0.9838863612269597	0.9833356934631434	0.9781014610512611	0.9842957782591298	0.9821348010224908	0.9839046506088072	0.9833787889846264	0.9837183673475692	0.9825896430551193	1.0	0.9998160485178519	0.999652417384725	0.9834905607651343	0.9837419288696324	0.9837260867503059	0.9837497890906586	0.9830009831876406	0.9819829540042513	0.9840209095246522	0.9846603989019783	0.9842306108959029	0.9829506275145673	0.9829339227452157	0.9847567967272691	0.9839627399687367	0.9842325097879648	0.9843243238112218	0.9840962025384119	0.9840787908012099	0.9840032694037603	0.9832145278955593	0.9837610642183867	0.9847390860102833	0.9834187437917322	0.9838188903290445
0.9809987435035146	0.9834804846917112	0.9834572175094091	0.981815663196176	0.9813917634544269	0.9803612947447121	0.9810678854054715	0.9841709320512692	0.981000500737549	0.9753881628176709	0.981810515096614	0.9800061379944286	0.9808093544068004	0.9817370060780155	0.9826561413781524	0.9823927188576655	0.9998160485178519	1.0	0.9964935768845333	0.9837353397752482	0.9818838593746142	0.981907168231867	0.981727883859804	0.9830591273171634	0.979107392259856	0.9817433692120078	0.9826498797724575	0.9821271600862046	0.9827276177061481	0.9830826787215968	0.9821029112291609	0.9830119736665368	0.9819308038159602	0.9819833486714662	0.9821513909953112	0.9813173065062157	0.9814367794937794	0.9806286154519323	0.9815401708781799	0.983176715443341	0.9816141229061524	0.9817124663325986
0.9795234316095007	0.982395124250456	0.9823214003485993	0.9795805276962131	0.9817505996849877	0.9801603862098476	0.9799758873888992	0.9830031208451054	0.9791460549367635	0.9741659538911037	0.9813475664221111	0.9780472654832375	0.980434678664051	0.9806818570023291	0.9815245046775347	0.9817756251922708	0.999652417384725	0.9964935768845333	1.0	0.982395124250456	0.9806818570023291	0.9794156621483835	0.9789214381794807	0.9820744481721194	0.97821097851698	0.9803177030232668	0.9806892793459187	0.9820992273838417	0.9814992862978293	0.9821487296105607	0.9810164057273542	0.9823459934299803	0.9804139167793711	0.9803516532079627	0.981398217937018	0.9806818570023291	0.9807335493869574	0.9799329042999653	0.9811186589333503	0.9814992862978293	0.9805782263539665	0.9812968363553621
0.9825100501273881	0.9828650750316812	0.9828432921564423	0.9842083377582658	0.9799722158314166	0.9813946722232303	0.9807607065955348	0.9829085973816438	0.9821520366205082	0.9767140646194635	0.9831932562762947	0.9816066078853604	0.98312064252301	0.9810946135163162	0.9825779997630414	0.980761317627513	0.9834905607651343	0.9837353397752482	0.982395124250456	1.0	0.9830635850970638	0.9832612344578857	0.9837755788361869	0.9815997300269448	0.9808822945956643	0.9958182175174549	0.984203085064604	0.9823709015670566	0.9824683175825123	0.9823824733977617	0.9833296356407791	0.9828281167259842	0.9829772601286284	0.9830107790221078	0.9830205847195577	0.9820094312607539	0.9829141134436574	0.9819471024289506	0.9819461991532397	0.9841471336501739	0.982769155759494	0.9826063544915005
0.9817259426883923	0.9838089976350345	0.9837866566177254	0.9844637233843166	0.9808422923728336	0.9808946645519862	0.9807933530210861	0.9837195420965485	0.9809495025719825	0.9785231839620566	0.982028646081878	0.9803768231267055	0.9822410947587706	0.9812794814033517	0.9824641101261945	0.9816632481166696	0.9837419288696324	0.9818838593746142	0.9806818570023291	0.9830635850970638	1.0	0.9823914920962884	0.9820011646661724	0.982949150173911	0.980380964329797	0.9814224062065832	0.9826498797724575	0.9809399518610824	0.9833139440797046	0.9831092474016191	0.983375909984772	0.9832231255786866	0.9824740618318298	0.9827824010253265	0.9820661281601084	0.981421604795119	0.9821098413070289	0.9813710578229254	0.9822320383308081	0.9824677361362371	0.9813811462839203	0.9814922005579962
0.9804096359120895	0.9841464886548199	0.9841464886548199	0.9679264541518555	0.9809164711810868	0.9805794556823936	0.9821502257790119	0.9848973219606785	0.9810001850315416	0.9765269517349597	0.9821502257790119	0.9687643965018755	0.9781176476306254	0.9808745337456606	0.9821905604959849	0.9819478033627542	0.9837260867503059	0.981907168231867	0.9794156621483835	0.9832612344578857	0.9823914920962884	1.0	0.9794595133155746	0.9833780669608524	0.9788848010713168	0.9825114618916253	0.977238321485224	0.9807483977134941	0.9826309938221818	0.9841084921834089	0.9816622922051731	0.9838029253807984	0.9744992366310007	0.9795907145460445	0.9815802579561734	0.9810836851169646	0.980324393967226	0.9753056516908	0.9811253553440588	0.9825911982963937	0.9823514042964449	0.9810419617254926
0.9807530139966537	0.9844138188541827	0.9844138188541827	0.9795805276962131	0.9801538277373983	0.9795434470132809	0.9808095106281437	0.9833604886885369	0.9798355275253648	0.9745774374686721	0.981727883859804	0.9758362696533844	0.9795727729074564	0.9811185090892992	0.9825141958030918	0.9809503265599016	0.9837497890906586	0.981727883859804	0.9789214381794807	0.9837755788361869	0.9820011646661724	0.9794595133155746	1.0	0.9836205352281199	0.9792783218269234	0.9818648094939304	0.9804167293811555	0.9810625442975313	0.9831772207825292	0.9832558896853382	0.9815076040957599	0.9824873936247326	0.9794201259997793	0.9794553109613233	0.9821369541883802	0.9802113687787257	0.9807247290258037	0.9776151618654163	0.9813414154985018	0.9833082309119533	0.9815076040957599	0.9818921260104643
0.9822182061749316	0.9829036883935007	0.9827971173631594	0.9841227655343826	0.9819424307955272	0.9824444926741842	0.9816685266500589	0.9827757614927881	0.982809539296283	0.9771248613381204	0.9831474581848588	0.9818541591773414	0.9841218169900906	0.9829253919416984	0.9828499137963269	0.9817110880468816	0.9830009831876406	0.9830591273171634	0.9820744481721194	0.9815997300269448	0.982949150173911	0.9833780669608524	0.9836205352281199	1.0	0.9813760538695524	0.9820612147766571	0.9841488619736416	0.9816632481166696	0.9815045997193581	0.982761496679177	0.983190419329425	0.9833566732469634	0.9829147814165052	0.9834628149224363	0.9831115799300122	0.9821547529258009	0.9826724734833822	0.9830115155313462	0.9827730187901645	0.9836567776983505	0.9828627462048188	0.9830001897540558
0.9794407936297265	0.9816687710213425	0.9815471236475477	0.9791843722631535	0.9790403185142167	0.9776668045608345	0.9783756366192194	0.9829545396556393	0.9790584591769261	0.974037959238713	0.9816687710213425	0.9792137302736265	0.9813895907604376	0.9801782590020577	0.9805321724162552	0.9799998543113763	0.9819829540042513	0.979107392259856	0.97821097851698	0.9808822945956643	0.980380964329797	0.9788848010713168	0.9792783218269234	0.9813760538695524	1.0	0.9787883441334254	0.980568426519786	0.9789348751941231	0.9819829540042513	0.9814494790504891	0.9798905236207966	0.9816444777000746	0.979245683900293	0.98059757575911	0.9804566558215607	0.978339776215672	0.9787611872636206	0.978827689828324	0.9804062143109018	0.980607514933649	0.9790929126879764	0.9797175204895199
0.9800989906614517	0.9832791806136589	0.9832557290007663	0.9820446964930216	0.9789225389037663	0.978976062661825	0.9797424530193383	0.9830910961512198	0.9801225223404209	0.9742934460110653	0.9816449462782371	0.9793281156173478	0.9809421332545184	0.9798987952186022	0.9818904508068395	0.9803889995250596	0.9840209095246522	0.9817433692120078	0.9803177030232668	0.9958182175174549	0.9814224062065832	0.9825114618916253	0.9818648094939304	0.9820612147766571	0.9787883441334254	1.0	0.9826214638809128	0.98077087471209	0.9828307045605811	0.982448219717511	0.9813478885133688	0.9825202766797753	0.9810820943338255	0.9799376241334462	0.9812981155774789	0.9797946502849474	0.9804913494744255	0.9799648509970905	0.9799766865800278	0.9824241654544345	0.9809727320206546	0.9808971814958535
0.9818447628817126	0.9847404439582955	0.9847404439582955	0.978530183891162	0.9815817124362419	0.9806591080022807	0.9821057159217657	0.9839856528480276	0.9808397197836436	0.9749324429597271	0.9829326911436614	0.976298998854592	0.9801418872679024	0.9819899935537403	0.9834079383828142	0.9821922400312795	0.9846603989019783	0.9826498797724575	0.9806892793459187	0.984203085064604	0.9826498797724575	0.977238321485224	0.9804167293811555	0.9841488619736416	0.980568426519786	0.9826214638809128	1.0	0.9816988848772373	0.9830731865979888	0.9837118197790449	0.9816403511048204	0.9837393062101052	0.977705684564331	0.9791771058737767	0.9825645580330753	0.9813461011098124	0.9815229684885659	0.9768864463375236	0.9821345827074867	0.9839310688409778	0.9820189625212876	0.9817864896880765
0.9811505306955626	0.9826959775120561	0.9826497351633855	0.9814458428433217	0.9797988543246846	0.9798970879869102	0.9790584247604828	0.9829720691534141	0.9797540312693158	0.974357004871898	0.980425031384094	0.9797816910326456	0.9811534642773304	0.9808667346051618	0.9817584905720229	0.9806460938565877	0.9842306108959029	0.9821271600862046	0.9820992273838417	0.9823709015670566	0.9809399518610824	0.9807483977134941	0.9810625442975313	0.9816632481166696	0.9789348751941231	0.98077087471209	0.9816988848772373	1.0	0.9804239536869649	0.9810373205369485	0.9825802188505911	0.9813035991689483	0.981411131769215	0.981030254748937	0.982347557914134	0.980161946384705	0.9805948861401149	0.9799009263275145	0.979897656741745	0.9811127625556558	0.9804639035165502	0.9814922005579962
0.9825342534603394	0.9826225515314035	0.982534506803777	0.9827223372014651	0.9799477391657139	0.9805655107994045	0.9796269288678955	0.9826445257826021	0.9811022590846387	0.9762081693189808	0.9836703119626166	0.9816775281236223	0.98312064252301	0.9818109283571146	0.9823725724975685	0.9799039979881603	0.9829506275145673	0.9827276177061481	0.9814992862978293	0.9824683175825123	0.9833139440797046	0.9826309938221818	0.9831772207825292	0.9815045997193581	0.9819829540042513	0.9828307045605811	0.9830731865979888	0.9804239536869649	1.0	0.9827322756678644	0.9826038994777934	0.9822231156128616	0.9832878791993741	0.9830360563712559	0.9819555572742854	0.9810987332659028	0.9814619561607324	0.9813404569144702	0.9817301696727978	0.9834540447798176	0.9807143553968344	0.9818519186283532
0.9829907511525623	0.9828478231480521	0.982653267696946	0.9836915233073041	0.9810314319146307	0.9817892475015246	0.9810981053538724	0.9830626493986677	0.9820041144629137	0.9784672683369375	0.9833302678124727	0.9822045871593938	0.9830213097340559	0.9823031798018661	0.9826688888014814	0.9814819669026937	0.9829339227452157	0.9830826787215968	0.9821487296105607	0.9823824733977617	0.9831092474016191	0.9841084921834089	0.9832558896853382	0.982761496679177	0.9814494790504891	0.982448219717511	0.9837118197790449	0.9810373205369485	0.9827322756678644	1.0	0.9828162582362181	0.9830273258361674	0.9837483573892323	0.9829094741718715	0.9824460660212724	0.9818878350948481	0.9830102726009438	0.9822760258148151	0.9827263301184033	0.9841471336501739	0.9832575499078792	0.9826063544915005
0.9819237373604538	0.9851315014905024	0.9850217374258846	0.9832545338102735	0.9817647148186125	0.9810454711710489	0.9811270881955565	0.9846235201739343	0.9813552783436017	0.9766549539981776	0.982792730687244	0.9802660584871921	0.9827967037746347	0.9830506091180305	0.9836751114613922	0.9829101998321412	0.9847567967272691	0.9821029112291609	0.9810164057273542	0.9833296356407791	0.983375909984772	0.9816622922051731	0.9815076040957599	0.983190419329425	0.9798905236207966	0.9813478885133688	0.9816403511048204	0.9825802188505911	0.9826038994777934	0.9828162582362181	1.0	0.9836292578181123	0.9826005879574321	0.9826292597226037	0.9838122889128855	0.9819851481381204	0.9824290376822199	0.9823354766433011	0.9819101114376554	0.9827220464857624	0.9819101114376554	0.982980479685455
0.9826790990566425	0.9841551922507962	0.9840270162720047	0.9831664324559111	0.9820574124709189	0.9827077301535861	0.9818330432802173	0.9842616243260021	0.9824458909345967	0.9775880855033837	0.9832618336382897	0.9813571694072861	0.9839288513343638	0.9819993265860262	0.9830747974548858	0.9822457235205456	0.9839627399687367	0.9830119736665368	0.9823459934299803	0.9828281167259842	0.9832231255786866	0.9838029253807984	0.9824873936247326	0.9833566732469634	0.9816444777000746	0.9825202766797753	0.9837393062101052	0.9813035991689483	0.9822231156128616	0.9830273258361674	0.9836292578181123	1.0	0.9837788272037924	0.9835126584689878	0.9836746468538322	0.9819121904931719	0.9832256045001674	0.9830696475118632	0.9822083134912106	0.9834992050043975	0.9835562818839731	0.9828848465088961
0.9819630109429717	0.9844421000945985	0.9844421000945985	0.9743603960556616	0.9824106149871654	0.9817692910635912	0.9823788454079792	0.9847392116032084	0.9818339918433571	0.9761662762660149	0.9827266271930978	0.9726797486168165	0.9805486493726193	0.9822833513128402	0.9839307530622756	0.9832259904663155	0.9842325097879648	0.9819308038159602	0.9804139167793711	0.9829772601286284	0.9824740618318298	0.9744992366310007	0.9794201259997793	0.9829147814165052	0.979245683900293	0.9810820943338255	0.977705684564331	0.981411131769215	0.9832878791993741	0.9837483573892323	0.9826005879574321	0.9837788272037924	1.0	0.9809827341050024	0.9831639846453342	0.9811481671661189	0.9824740618318298	0.9768510919070573	0.9827266271930978	0.9832259904663155	0.9831329376859418	0.983101861285124
0.9815102722197833	0.9849261247436757	0.9848544885125621	0.9807884228549049	0.9830360563712559	0.9823981967957481	0.9831369712317812	0.9849022633639487	0.9834128954758277	0.9755751636710451	0.983262679376349	0.9791372500761677	0.9817739363087856	0.9825524197366449	0.9854232495075196	0.9843243238112218	0.9843243238112218	0.9819833486714662	0.9803516532079627	0.9830107790221078	0.9827824010253265	0.9795907145460445	0.9794553109613233	0.9834628149224363	0.98059757575911	0.9799376241334462	0.9791771058737767	0.981030254748937	0.9830360563712559	0.9829094741718715	0.9826292597226037	0.9835126584689878	0.9809827341050024	1.0	0.9833128279398206	0.9820094312607539	0.9823981967957481	0.9804403402272895	0.9825780531005862	0.9832124539646606	0.9830360563712559	0.9822949765105401
0.9821937680216967	0.9846210657870205	0.9844688459800486	0.9832105127370516	0.9831342893066007	0.9828978555557756	0.9820025903108546	0.984030000280838	0.9823482322201251	0.9763577800474849	0.9827323691323817	0.9797441327926711	0.9835394800717405	0.9827460729300477	0.9835852035315604	0.9834505793541228	0.9840962025384119	0.9821513909953112	0.981398217937018	0.9830205847195577	0.9820661281601084	0.9815802579561734	0.9821369541883802	0.9831115799300122	0.9804566558215607	0.9812981155774789	0.9825645580330753	0.982347557914134	0.9819555572742854	0.9824460660212724	0.9838122889128855	0.9836746468538322	0.9831639846453342	0.9833128279398206	1.0	0.9825868875420057	0.9835577783450056	0.9833011496920807	0.9840091084739162	0.9827921310384569	0.9827222600786892	0.9833210075246619
0.9798898072849375	0.9831777708496457	0.9831074249191307	0.9821358629777529	0.9810237696213895	0.9804380253819546	0.9808230223020338	0.982919094120265	0.9797275507133946	0.9756638017758789	0.9811236830099209	0.9790605902421297	0.9810743750997247	0.9830133948247342	0.9823955314001098	0.9814709956913541	0.9840787908012099	0.9813173065062157	0.9806818570023291	0.9820094312607539	0.981421604795119	0.9810836851169646	0.9802113687787257	0.9821547529258009	0.978339776215672	0.9797946502849474	0.9813461011098124	0.980161946384705	0.9810987332659028	0.9818878350948481	0.9819851481381204	0.9819121904931719	0.9811481671661189	0.9820094312607539	0.9825868875420057	1.0	0.981737628342307	0.9810946135163162	0.9818390698587491	0.9811735254689912	0.9805195709804775	0.9812481470260163
0.9808779325499831	0.9845345761060232	0.9845116538313661	0.9818615982497514	0.9831300760719871	0.9824290376822199	0.9828900294938226	0.9853716406261326	0.9807495788106079	0.9755721814838232	0.9822575494764354	0.9801920062487759	0.9817793865982434	0.9822575494764354	0.9835813767476457	0.9840498130948665	0.9840032694037603	0.9814367794937794	0.9807335493869574	0.9829141134436574	0.9821098413070289	0.980324393967226	0.9807247290258037	0.9826724734833822	0.9787611872636206	0.9804913494744255	0.9815229684885659	0.9805948861401149	0.9814619561607324	0.9830102726009438	0.9824290376822199	0.9832256045001674	0.9824740618318298	0.9823981967957481	0.9835577783450056	0.981737628342307	1.0	0.9820670936644078	0.9827935162585824	0.9825509817575528	0.9833446248072768	0.9825266292398924
0.9805346134066522	0.9842951815313569	0.9842111494520615	0.9767544622861478	0.9851238760503016	0.98373085814183	0.9842391840666208	0.9837593061153395	0.9821269247467318	0.9764270262833475	0.981554064589871	0.9737362601415062	0.981217766199445	0.9823948197286564	0.9843789989386095	0.9862763505294166	0.9832145278955593	0.9806286154519323	0.9799329042999653	0.9819471024289506	0.9813710578229254	0.9753056516908	0.9776151618654163	0.9830115155313462	0.978827689828324	0.9799648509970905	0.9768864463375236	0.9799009263275145	0.9813404569144702	0.9822760258148151	0.9823354766433011	0.9830696475118632	0.9768510919070573	0.9804403402272895	0.9833011496920807	0.9810946135163162	0.9820670936644078	1.0	0.9828657327573211	0.9816451855276062	0.9842111494520615	0.9827192983892887
0.9808717137389901	0.9833052104735635	0.9831441521108465	0.9823626746845634	0.9827730187901645	0.9819359951975212	0.981706078133731	0.9832132740612245	0.9816313576356864	0.9763577800474849	0.9815369388768602	0.980450458192468	0.9829466120316364	0.9818263588631077	0.9830979896821335	0.9832132740612245	0.9837610642183867	0.9815401708781799	0.9811186589333503	0.9819461991532397	0.9822320383308081	0.9811253553440588	0.9813414154985018	0.9827730187901645	0.9804062143109018	0.9799766865800278	0.9821345827074867	0.979897656741745	0.9817301696727978	0.9827263301184033	0.9819101114376554	0.9822083134912106	0.9827266271930978	0.9825780531005862	0.9840091084739162	0.9818390698587491	0.9827935162585824	0.9828657327573211	1.0	0.9820178932770612	0.9816489522107693	0.9818503620512019
0.9824858288943269	0.9843456399932572	0.9841913500847499	0.9836915233073041	0.9807711971336355	0.9816910488584673	0.9810398697255345	0.984499207777149	0.9812037017872338	0.9765067061605404	0.9827323691323817	0.9810697481648007	0.9830461711746232	0.9820222821666397	0.9823744586498593	0.9818091431922698	0.9847390860102833	0.983176715443341	0.9814992862978293	0.9841471336501739	0.9824677361362371	0.9825911982963937	0.9833082309119533	0.9836567776983505	0.980607514933649	0.9824241654544345	0.9839310688409778	0.9811127625556558	0.9834540447798176	0.9841471336501739	0.9827220464857624	0.9834992050043975	0.9832259904663155	0.9832124539646606	0.9827921310384569	0.9811735254689912	0.9825509817575528	0.9816451855276062	0.9820178932770612	1.0	0.9818905246360756	0.9820895527149898
0.9815518861846256	0.9841007367416741	0.9840782306634159	0.982811639122168	0.9857675624743589	0.9854060871591559	0.9854668052084145	0.9845254446992343	0.984063044585619	0.9774728954516675	0.9812341409800042	0.9813929201276357	0.9833676652138627	0.9824631267725304	0.9854019974255538	0.9869025122683817	0.9834187437917322	0.9816141229061524	0.9805782263539665	0.982769155759494	0.9813811462839203	0.9823514042964449	0.9815076040957599	0.9828627462048188	0.9790929126879764	0.9809727320206546	0.9820189625212876	0.9804639035165502	0.9807143553968344	0.9832575499078792	0.9819101114376554	0.9835562818839731	0.9831329376859418	0.9830360563712559	0.9827222600786892	0.9805195709804775	0.9833446248072768	0.9842111494520615	0.9816489522107693	0.9818905246360756	1.0	0.982769155759494
0.9811000132030909	0.9839086078171166	0.9838188903290445	0.9815386905369505	0.98343482848742	0.9834849854536232	0.9823019584306771	0.9836838521884572	0.9823970979827813	0.9761180715954382	0.9820184434568167	0.9799688371056234	0.9821134943507392	0.9814197799302182	0.9837739393750482	0.9841985062968008	0.9838188903290445	0.9817124663325986	0.9812968363553621	0.9826063544915005	0.9814922005579962	0.9810419617254926	0.9818921260104643	0.9830001897540558	0.9797175204895199	0.9808971814958535	0.9817864896880765	0.9814922005579962	0.9818519186283532	0.9826063544915005	0.982980479685455	0.9828848465088961	0.983101861285124	0.9822949765105401	0.9833210075246619	0.9812481470260163	0.9825266292398924	0.9827192983892887	0.9818503620512019	0.9820895527149898	0.982769155759494	1.0
