/home/jshaw/scratch/2022_sketched_distance/references/SGB_genome_fastas_part1_redo/1928/BritoIL_2016__M1.22.ST__bin.46.fa	/home/jshaw/scratch/2022_sketched_distance/references/SGB_genome_fastas_part1_redo/1928/BritoIL_2016__M1.44.ST__bin.2.fa	/home/jshaw/scratch/2022_sketched_distance/references/SGB_genome_fastas_part1_redo/1928/BritoIL_2016__M1.48.ST__bin.39.fa	/home/jshaw/scratch/2022_sketched_distance/references/SGB_genome_fastas_part1_redo/1928/BritoIL_2016__M1.59.ST__bin.32.fa	/home/jshaw/scratch/2022_sketched_distance/references/SGB_genome_fastas_part1_redo/1928/BritoIL_2016__M2.39.ST__bin.45.fa	/home/jshaw/scratch/2022_sketched_distance/references/SGB_genome_fastas_part1_redo/1928/BritoIL_2016__W1.41.ST__bin.58.fa	/home/jshaw/scratch/2022_sketched_distance/references/SGB_genome_fastas_part1_redo/1928/BritoIL_2016__W2.19.ST__bin.52.fa	/home/jshaw/scratch/2022_sketched_distance/references/SGB_genome_fastas_part1_redo/1928/BritoIL_2016__W2.39.ST__bin.18.fa	/home/jshaw/scratch/2022_sketched_distance/references/SGB_genome_fastas_part1_redo/1928/BritoIL_2016__W3.22.ST__bin.109.fa	/home/jshaw/scratch/2022_sketched_distance/references/SGB_genome_fastas_part1_redo/1928/CM_madagascar__A32_01_1FE__bin.62.fa	/home/jshaw/scratch/2022_sketched_distance/references/SGB_genome_fastas_part1_redo/1928/CM_madagascar__A70_03_1FE__bin.24.fa	/home/jshaw/scratch/2022_sketched_distance/references/SGB_genome_fastas_part1_redo/1928/CM_madagascar__A81_03_1FE__bin.25.fa	/home/jshaw/scratch/2022_sketched_distance/references/SGB_genome_fastas_part1_redo/1928/CosteaPI_2017__SID713A004-11-0-0__bin.7.fa	/home/jshaw/scratch/2022_sketched_distance/references/SGB_genome_fastas_part1_redo/1928/CosteaPI_2017__SID713A004-11-90-0__bin.40.fa	/home/jshaw/scratch/2022_sketched_distance/references/SGB_genome_fastas_part1_redo/1928/CosteaPI_2017__SID713A013-11-0-0__bin.41.fa	/home/jshaw/scratch/2022_sketched_distance/references/SGB_genome_fastas_part1_redo/1928/CosteaPI_2017__SID713A013-11-90-0__bin.5.fa	/home/jshaw/scratch/2022_sketched_distance/references/SGB_genome_fastas_part1_redo/1928/CosteaPI_2017__SID713A021-11-90-0__bin.15.fa	/home/jshaw/scratch/2022_sketched_distance/references/SGB_genome_fastas_part1_redo/1928/CosteaPI_2017__SID713A040-11-0-0__bin.30.fa	/home/jshaw/scratch/2022_sketched_distance/references/SGB_genome_fastas_part1_redo/1928/CosteaPI_2017__SID713A057-11-90-0__bin.64.fa	/home/jshaw/scratch/2022_sketched_distance/references/SGB_genome_fastas_part1_redo/1928/CosteaPI_2017__SID713A058-11-90-0__bin.61.fa	/home/jshaw/scratch/2022_sketched_distance/references/SGB_genome_fastas_part1_redo/1928/CosteaPI_2017__SID713A084-11-0-0__bin.19.fa	/home/jshaw/scratch/2022_sketched_distance/references/SGB_genome_fastas_part1_redo/1928/CosteaPI_2017__SID713A084-11-90-0__bin.9.fa	/home/jshaw/scratch/2022_sketched_distance/references/SGB_genome_fastas_part1_redo/1928/CosteaPI_2017__SID713B007-11-0-0__bin.56.fa	/home/jshaw/scratch/2022_sketched_distance/references/SGB_genome_fastas_part1_redo/1928/CosteaPI_2017__SID713B029-11-0-0__bin.23.fa	/home/jshaw/scratch/2022_sketched_distance/references/SGB_genome_fastas_part1_redo/1928/CosteaPI_2017__SID713B040-11-90-0__bin.55.fa	/home/jshaw/scratch/2022_sketched_distance/references/SGB_genome_fastas_part1_redo/1928/CosteaPI_2017__SID713B041-11-0-0__bin.48.fa	/home/jshaw/scratch/2022_sketched_distance/references/SGB_genome_fastas_part1_redo/1928/CosteaPI_2017__SID713B056-11-0-0__bin.21.fa	/home/jshaw/scratch/2022_sketched_distance/references/SGB_genome_fastas_part1_redo/1928/FengQ_2015__SID31188__bin.43.fa	/home/jshaw/scratch/2022_sketched_distance/references/SGB_genome_fastas_part1_redo/1928/FengQ_2015__SID530840__bin.40.fa	/home/jshaw/scratch/2022_sketched_distance/references/SGB_genome_fastas_part1_redo/1928/HeQ_2017__SZAXPI029554-33__bin.69.fa	/home/jshaw/scratch/2022_sketched_distance/references/SGB_genome_fastas_part1_redo/1928/HeQ_2017__SZAXPI029560-51__bin.83.fa	/home/jshaw/scratch/2022_sketched_distance/references/SGB_genome_fastas_part1_redo/1928/LeChatelierE_2013__MH0189__bin.38.fa	/home/jshaw/scratch/2022_sketched_distance/references/SGB_genome_fastas_part1_redo/1928/LiuW_2016__SRR3992961__bin.32.fa	/home/jshaw/scratch/2022_sketched_distance/references/SGB_genome_fastas_part1_redo/1928/LiuW_2016__SRR3992978__bin.107.fa	/home/jshaw/scratch/2022_sketched_distance/references/SGB_genome_fastas_part1_redo/1928/LiuW_2016__SRR3992981__bin.32.fa	/home/jshaw/scratch/2022_sketched_distance/references/SGB_genome_fastas_part1_redo/1928/LiuW_2016__SRR3992994__bin.9.fa	/home/jshaw/scratch/2022_sketched_distance/references/SGB_genome_fastas_part1_redo/1928/LiuW_2016__SRR3992995__bin.67.fa	/home/jshaw/scratch/2022_sketched_distance/references/SGB_genome_fastas_part1_redo/1928/LiuW_2016__SRR3993041__bin.74.fa	/home/jshaw/scratch/2022_sketched_distance/references/SGB_genome_fastas_part1_redo/1928/Obregon-TitoAJ_2015__SM03__bin.28.fa	/home/jshaw/scratch/2022_sketched_distance/references/SGB_genome_fastas_part1_redo/1928/QinJ_2012__CON-110__bin.27.fa	/home/jshaw/scratch/2022_sketched_distance/references/SGB_genome_fastas_part1_redo/1928/RampelliS_2015__H4__bin.33.fa	/home/jshaw/scratch/2022_sketched_distance/references/SGB_genome_fastas_part1_redo/1928/VogtmannE_2016__MMRS65205033ST-27-0-0__bin.9.fa	/home/jshaw/scratch/2022_sketched_distance/references/SGB_genome_fastas_part1_redo/1928/VogtmannE_2016__MMRS93508324ST-27-0-0__bin.39.fa	/home/jshaw/scratch/2022_sketched_distance/references/SGB_genome_fastas_part1_redo/1928/XieH_2016__YSZC12003_37315__bin.111.fa	/home/jshaw/scratch/2022_sketched_distance/references/SGB_genome_fastas_part1_redo/1928/ZeeviD_2015__PNP_Main_362__bin.25.fa	/home/jshaw/scratch/2022_sketched_distance/references/SGB_genome_fastas_part1_redo/1928/ZeeviD_2015__PNP_Main_377__bin.14.fa	/home/jshaw/scratch/2022_sketched_distance/references/SGB_genome_fastas_part1_redo/1928/ZeeviD_2015__PNP_Main_671__bin.34.fa	/home/jshaw/scratch/2022_sketched_distance/references/SGB_genome_fastas_part1_redo/1928/ZellerG_2014__CCIS74726977ST-3-0__bin.74.fa	/home/jshaw/scratch/2022_sketched_distance/references/SGB_genome_fastas_part1_redo/1928/ZellerG_2014__CCMD86114146ST-21-0__bin.68.fa
1.0	0.9802365016807509	0.9902815132901093	0.9853778955885825	0.9840354944955396	0.9887042185997099	0.9903384879788055	0.9902072365933926	0.9910845435829041	0.9881003379825433	0.9903421913597952	0.990009436616097	0.9894292038576945	0.9886593094721889	0.9890613056523141	0.9883280923052455	0.9861708150464045	0.9881307963658573	0.9885542828929159	0.9900511424448604	0.9897640834886797	0.9902672492421478	0.9916035110118208	0.9901072646069194	0.9902672492421478	0.9898364357530837	0.9921753611653279	0.9826615688653829	0.989579865894238	0.9912174071301325	0.9909310857566769	0.9896751479638406	0.988689255689216	0.9860604530310858	0.9801806709365032	0.9891119424859574	0.982919094120265	0.9879016689143768	0.9881155706949667	0.9873607548928143	0.9888683638278957	0.9889899622096197	0.9887042185997099	0.9887191747198893	0.9908610958228403	0.989267834104047	0.9902244200772741	0.9897018247983087	0.9894739416888642
0.9802365016807509	1.0	0.9795870117195505	0.9761494199202368	0.975476474812816	0.9788474026305071	0.9804890792373002	0.9805067089507218	0.9796542104688476	0.9788474026305071	0.9800978574077571	0.9790827790163735	0.9794763200335316	0.9789427211330061	0.9798431645869109	0.9781021476532099	0.9773365164370658	0.9776239160016781	0.9784313631925382	0.9809162303149579	0.9794651440283049	0.9795292269140515	0.9813728822359034	0.9811564464573697	0.9794133495911194	0.9797660346449883	0.980681422266022	0.9722501548656726	0.980284636395931	0.9816613907459116	0.979219301996253	0.97963185689101	0.9789420440159444	0.9786445845115693	0.9717510957536983	0.9810039650537247	0.974935633443534	0.9784313631925382	0.9789592175830318	0.9782446983983271	0.9791023172975933	0.9797497421837418	0.9793164699800305	0.9770257485067505	0.9795809286403578	0.9798744118475627	0.9794906468180087	0.9811708246083065	0.979411118896459
0.9902815132901093	0.9795870117195505	1.0	0.9840233886337008	0.9830578249869235	0.9865922342798983	0.9890748416622405	0.989608985936403	0.9891504778934423	0.985627307516995	0.9885876574052831	0.9860378455449061	0.9886717179603651	0.988345353817615	0.988400958452602	0.9870571078953424	0.9837054832326456	0.986995422848181	0.9868031925934282	0.9898629252137361	0.9888160539639425	0.9891148540550668	0.989720703294186	0.9898256267096203	0.9884555347493602	0.9891521540414411	0.9904281398369876	0.9813146960220783	0.9891260589233244	0.9903547541678246	0.988590873144229	0.9895565848101862	0.9880538804635542	0.9859369328393106	0.9801806709365032	0.9896108519679023	0.982874656340309	0.9852889601630272	0.9870313038271471	0.987000481562273	0.9865922342798983	0.9884117231661502	0.9863686075765532	0.9842843765605468	0.9891298015017801	0.9867700471658704	0.9878028868370256	0.9898349508249318	0.9896670016698559
0.9853778955885825	0.9761494199202368	0.9840233886337008	1.0	0.9738727326529083	0.9835591686255977	0.9832173772837012	0.984002429668326	0.9859755827900757	0.9832602966161393	0.9835166390895352	0.9841070908311017	0.9837709927200536	0.9829153576860242	0.9837075890516057	0.9827850636172032	0.9817236176807709	0.9824350575941426	0.9828502754244516	0.9818805718049906	0.9836440625474236	0.983960471516663	0.9815884838021492	0.9817685385795384	0.9842114191297614	0.9837709927200536	0.9852973760141526	0.9780146733524174	0.9820812702828791	0.9834314141394763	0.9853577841931945	0.9837075890516057	0.9830019334214048	0.9759599114409855	0.9743684505789298	0.979214612662112	0.9729777685901467	0.9824350575941426	0.982170076152682	0.9824130575247901	0.9829370230756356	0.9831313696313997	0.982170076152682	0.9831528927148825	0.9852166585500415	0.9832173772837012	0.9842946435490155	0.9836864272225109	0.9833673497070072
0.9840354944955396	0.975476474812816	0.9830578249869235	0.9738727326529083	1.0	0.9822818561712552	0.9826721383224816	0.9828087820905796	0.9841883801189385	0.9815343417554848	0.9826036020886456	0.9829900917103556	0.9819802344109457	0.9814870502823919	0.982212497385181	0.9816522722463207	0.9809141544353305	0.980623898176571	0.9823510683454076	0.981699325689229	0.9829900917103556	0.9831029028478161	0.9818634819801451	0.9811062369072009	0.9828995623194563	0.982854203648062	0.9844920304755587	0.9783866801946014	0.98132098968521	0.9823971286544506	0.9841883801189385	0.982258752897279	0.9817697792366794	0.9751619960327577	0.9743474975870566	0.979214612662112	0.972498970540994	0.982258752897279	0.9816287201273799	0.9814633788863049	0.9811062369072009	0.9822356333097342	0.9812018567095895	0.9834613109243951	0.9841229449391034	0.9826264634377218	0.9830578249869235	0.9825807247715936	0.9819802344109457
0.9887042185997099	0.9788474026305071	0.9865922342798983	0.9835591686255977	0.9822818561712552	1.0	0.9885203780513456	0.989313171964692	0.9884260327079752	0.9841915488247028	0.9877071467356238	0.9846408880997515	0.9879166776648761	0.987771324912173	0.9882196443484912	0.9865597145144371	0.9820313761487198	0.9860463335124378	0.9863893685486179	0.9893876301495361	0.987990532760288	0.9879784566628225	0.9893066028512576	0.9888852507334555	0.9876739679898431	0.987966775562643	0.9896818057418875	0.9806216627352488	0.9881343740736404	0.9901279371030711	0.9876908336880753	0.9885158860526504	0.9872128176484074	0.9856052576833365	0.9799067698072842	0.9887551699087179	0.9823140370040387	0.983577394160821	0.9863942275628111	0.9864064037028625	0.9840508381269257	0.9874933218355666	0.9846562733543232	0.9829353085563507	0.9879717035791471	0.9857811072233473	0.9856411599173899	0.9886935149390798	0.9880277181373451
0.9903384879788055	0.9804890792373002	0.9890748416622405	0.9832173772837012	0.9826721383224816	0.9885203780513456	1.0	0.9895427853385478	0.9907591283893726	0.9879239050707721	0.9886680082172413	0.9896510234491642	0.9887908540949039	0.9882315508536053	0.9888066955328608	0.9879726721799463	0.9860839651346208	0.987481719986336	0.9882154304097136	0.988284234665893	0.9891219359875927	0.9895892165960377	0.9894279201357477	0.9874477223944901	0.9891219359875927	0.9887274120930916	0.9905494780290472	0.9830963068804018	0.9870616128993293	0.9888225293607175	0.9904592187793305	0.9885523142275028	0.9878424657228175	0.9849316885750833	0.9785899356433339	0.9878766786543708	0.9819729998180017	0.9876133580752188	0.9880051435122791	0.9876133580752188	0.9874652281490359	0.9876789802484338	0.9875476048323224	0.9883923229046107	0.9901869508889823	0.9890276799694324	0.9892315618581026	0.9889804507129307	0.9881831658353896
0.9902072365933926	0.9805067089507218	0.989608985936403	0.984002429668326	0.9828087820905796	0.989313171964692	0.9895427853385478	1.0	0.9894021950739149	0.9880717951703132	0.98897156714883	0.9889095666374387	0.9891493361131065	0.9886377247318371	0.9892239078830963	0.9883177153871201	0.9861827320758443	0.9877773597397069	0.9883330246136077	0.989657804272666	0.9895205199852153	0.9898729692070456	0.9900279027345251	0.9896049008023978	0.9897118972446842	0.9892388020205283	0.9901812323523638	0.9815769827198814	0.9886499364693904	0.9916259334994016	0.9897118972446842	0.9890026168573423	0.9884399904699256	0.9855426941166281	0.9795878493246916	0.9885151578126302	0.9827409801986517	0.9879326538602848	0.9879326538602848	0.9872438122421159	0.9884094642171186	0.9884883894345625	0.9887588202455966	0.986909894096396	0.9892536894335422	0.988849350786867	0.9903227144649525	0.9892240885192001	0.9887359225443346
0.9910845435829041	0.9796542104688476	0.9891504778934423	0.9859755827900757	0.9841883801189385	0.9884260327079752	0.9907591283893726	0.9894021950739149	1.0	0.9869900345862793	0.9899276815395985	0.9899593822632602	0.9887236504610727	0.9878378288002561	0.9883406312276857	0.9873317772794419	0.9856026975055557	0.9877158620707939	0.9875781072460968	0.9895150466263928	0.9894995830373015	0.9900448858021303	0.990667194405455	0.9897627127105973	0.9895718504600137	0.9890488251185456	0.993585940259987	0.9837603097107082	0.9889839428755427	0.990264214285175	0.9913289461665544	0.9898816136655151	0.9877311326430014	0.9850802168579424	0.9794164761920202	0.9884247006548659	0.9820186772377519	0.9875474166239874	0.9871768795336386	0.9864389288325682	0.9880350662440369	0.988503701304823	0.9878378288002561	0.989887959684547	0.991164264101943	0.9889009394995357	0.9894416548779273	0.9894787472506912	0.9888727215255566
0.9881003379825433	0.9788474026305071	0.985627307516995	0.9832602966161393	0.9815343417554848	0.9841915488247028	0.9879239050707721	0.9880717951703132	0.9869900345862793	1.0	0.9881992222382611	0.9816519732780361	0.9882889580480935	0.987968831192028	0.9883406312276857	0.987072530903939	0.9819935364304462	0.9865009571984078	0.9866352257032153	0.9892116247887045	0.9877658523583442	0.9878596555686314	0.9887991926429114	0.9897154483539153	0.987494404033196	0.9884972112721143	0.9888575496463927	0.9801641418891023	0.9884092707868615	0.9890483397023078	0.9871326741651641	0.9879907333335529	0.988159399999049	0.9860193311915502	0.9804522949771227	0.9886053673231583	0.9831183216706265	0.9845552910848983	0.9859837373853321	0.9856403125969987	0.983321154172319	0.9882424267494296	0.9825978191281524	0.9817134202372274	0.9884368585789902	0.9864885447413362	0.983949604131787	0.9879360611720315	0.9877777730887404
0.9903421913597952	0.9800978574077571	0.9885876574052831	0.9835166390895352	0.9826036020886456	0.9877071467356238	0.9886680082172413	0.98897156714883	0.9899276815395985	0.9881992222382611	1.0	0.9907515608326941	0.9881666449550753	0.9874916087934511	0.9880360126559706	0.9873248446522729	0.9861158693546502	0.986887260923652	0.9875912632292392	0.9876679639657527	0.9885876574052831	0.98897156714883	0.9897035525026517	0.9870227588215278	0.9891302192283793	0.988812147840179	0.9907666256318176	0.9832353392407382	0.9871236057984961	0.9883129896821355	0.9900048364344262	0.9880687193360748	0.9873415591413077	0.9843740524638249	0.978324511771794	0.9877844484828135	0.9811865669038786	0.9871740310034339	0.9874083323412127	0.9868363939314861	0.9880850605043698	0.9877896716506783	0.9875746750928928	0.9887000937671307	0.9900971848246082	0.9882642803089595	0.9885876574052831	0.9886198212438151	0.9877071467356238
0.990009436616097	0.9790827790163735	0.9860378455449061	0.9841070908311017	0.9829900917103556	0.9846408880997515	0.9896510234491642	0.9889095666374387	0.9899593822632602	0.9816519732780361	0.9907515608326941	1.0	0.9874643134661956	0.9871560732082453	0.9882044896970943	0.9869953434615087	0.9816162018133721	0.9863292529494332	0.9863739412692559	0.9894035841550304	0.98824333118015	0.9885952281920815	0.9902480038652582	0.9891268834565189	0.9879266854098664	0.9884821738918421	0.9915099315050272	0.982318486469566	0.9884092707868615	0.9898383794682154	0.989082065050618	0.9890930841278303	0.98741356234313	0.9854800111739718	0.9795664768089472	0.9886053673231583	0.9824719801425719	0.9841059908719086	0.9868151501054241	0.9856887200606285	0.984502208225665	0.9881497152175079	0.9827529795278275	0.9839635859463965	0.9896221533791114	0.9862043901253532	0.9840238880597313	0.9886016957061349	0.9883683244932243
0.9894292038576945	0.9794763200335316	0.9886717179603651	0.9837709927200536	0.9819802344109457	0.9879166776648761	0.9887908540949039	0.9891493361131065	0.9887236504610727	0.9882889580480935	0.9881666449550753	0.9874643134661956	1.0	0.9978571396276021	0.9912156142664333	0.9897656768997516	0.9870671719546062	0.9898929103722606	0.9898505704591486	0.9900980294949218	0.9889776572669214	0.9893812093390072	0.9897378451742118	0.9918963513467157	0.9898505704591486	0.9902108656857008	0.9905148446209359	0.9805458526711517	0.9899661295069258	0.9903848790294968	0.9888905354106937	0.9889724058485084	0.9908184444185443	0.9879373816904141	0.9828584865209626	0.990643100489273	0.9850675260665319	0.988657078345722	0.9871388504570059	0.9864064037028625	0.9877063476115593	0.9900585183446725	0.9872968765905412	0.9856541981539048	0.9891006094209612	0.9907559906551496	0.9890934627402275	0.9894488892619064	0.989144628047321
0.9886593094721889	0.9789427211330061	0.988345353817615	0.9829153576860242	0.9814870502823919	0.987771324912173	0.9882315508536053	0.9886377247318371	0.9878378288002561	0.987968831192028	0.9874916087934511	0.9871560732082453	0.9978571396276021	1.0	0.9906152491376777	0.9897668462787258	0.9869067153230437	0.9894642555578385	0.9893772887490417	0.9895627011893561	0.9886583408025419	0.9890710859858093	0.9891674058102388	0.9911802369970402	0.9896231015772484	0.9893578455090578	0.9897113939708516	0.9799445723263771	0.989579865894238	0.9896233833527289	0.9885394579545645	0.9883314924685952	0.9900382478053682	0.9873103733357975	0.9823323085146031	0.9899873434375746	0.9846278782700061	0.9887767963336066	0.9869848428729245	0.9859705145197413	0.9873727219247111	0.9895730564017576	0.9870472116032978	0.9855330258460564	0.9883902486839296	0.9903497388873782	0.9888063438134945	0.988708793303739	0.9884298763307545
0.9890613056523141	0.9798431645869109	0.988400958452602	0.9837075890516057	0.982212497385181	0.9882196443484912	0.9888066955328608	0.9892239078830963	0.9883406312276857	0.9883406312276857	0.9880360126559706	0.9882044896970943	0.9912156142664333	0.9906152491376777	1.0	0.9981441602867848	0.988400958452602	0.9903180327007869	0.9903038125742966	0.9896102870043265	0.9890425954085625	0.989366107850185	0.9891674058102388	0.9920876587208267	0.9902611154029488	0.9896494827393362	0.9899911665878606	0.9809772525516736	0.9895487685419636	0.9901582695840833	0.9898455031259868	0.988592413191658	0.9910491652354064	0.9879373816904141	0.9824107962448777	0.9905299874344908	0.9843952146884885	0.989744393751768	0.9874997277975707	0.9863172786454184	0.9878999231027664	0.9914594923382886	0.9875461532302041	0.9865890502966442	0.9887904159746053	0.9915460178186617	0.9888944883135418	0.9891939989656735	0.9888575496463927
0.9883280923052455	0.9781021476532099	0.9870571078953424	0.9827850636172032	0.9816522722463207	0.9865597145144371	0.9879726721799463	0.9883177153871201	0.9873317772794419	0.987072530903939	0.9873248446522729	0.9869953434615087	0.9897656768997516	0.9897668462787258	0.9981441602867848	1.0	0.9869953434615087	0.9886970744274691	0.9889747672336056	0.9886615908168277	0.9876381595670382	0.9880448670874776	0.9883911348802357	0.9915402336175497	0.9889310762331939	0.9889154959936135	0.9892047483871041	0.9798555296005788	0.9886339466593118	0.98929823870342	0.9885499750827881	0.9878190224643942	0.9897459989867443	0.9866711867762645	0.9814562901811686	0.9897271537595761	0.9836437493041371	0.9883280874099836	0.9860705825759122	0.9851030685495231	0.9864498996902733	0.9908378237927429	0.9860864751492137	0.9852822777941354	0.9877138015686395	0.9901471103547698	0.9875470937785571	0.9882937704690934	0.9880588283044317
0.9861708150464045	0.9773365164370658	0.9837054832326456	0.9817236176807709	0.9809141544353305	0.9820313761487198	0.9860839651346208	0.9861827320758443	0.9856026975055557	0.9819935364304462	0.9861158693546502	0.9816162018133721	0.9870671719546062	0.9869067153230437	0.988400958452602	0.9869953434615087	1.0	0.9856972027980002	0.9853075252038171	0.9870227956938827	0.9855913649612832	0.9856444525109032	0.9875961313761443	0.9885602934376099	0.9863649009442785	0.9870213725075906	0.987048426357299	0.9787518212622289	0.9868765583039355	0.9871609697848824	0.985463098841039	0.9860177139981762	0.9865399525914361	0.9854590902516344	0.9797583277292852	0.9886353823652151	0.982178048142243	0.9834123203024838	0.9833552430807789	0.983625886540094	0.9815666619236355	0.9915433662947171	0.980423147737267	0.9806386996947121	0.9857365474357436	0.9853523004979581	0.982285837146912	0.9865466983544751	0.9859065664970758
0.9881307963658573	0.9776239160016781	0.986995422848181	0.9824350575941426	0.980623898176571	0.9860463335124378	0.987481719986336	0.9877773597397069	0.9877158620707939	0.9865009571984078	0.986887260923652	0.9863292529494332	0.9898929103722606	0.9894642555578385	0.9903180327007869	0.9886970744274691	0.9856972027980002	1.0	0.9883622668353297	0.9886289482521711	0.987357522836918	0.9878432510117342	0.9884624654144031	0.9907399416653487	0.9884063757174358	0.9887219523821792	0.9891596684123476	0.9797779187792958	0.9882963556971912	0.9891422739218606	0.9880518398150737	0.988500559274167	0.9896310557974805	0.9866913504944045	0.9811318322799585	0.9901310116635079	0.9835349775517044	0.9879328080423935	0.9853905942506918	0.9849385168394255	0.9857609576308951	0.9895582333355919	0.9854570142232634	0.9842956575045262	0.9880773142358996	0.989843882627006	0.9876032345100216	0.9882473324489338	0.9879342109201331
0.9885542828929159	0.9784313631925382	0.9868031925934282	0.9828502754244516	0.9823510683454076	0.9863893685486179	0.9882154304097136	0.9883330246136077	0.9875781072460968	0.9866352257032153	0.9875912632292392	0.9863739412692559	0.9898505704591486	0.9893772887490417	0.9903038125742966	0.9889747672336056	0.9853075252038171	0.9883622668353297	1.0	0.9891634598353299	0.9879158094971741	0.9879636299430136	0.9893586506296227	0.991881589446385	0.9891477172535533	0.9893724887785925	0.989637373580384	0.9801641418891023	0.9889364343908689	0.9896387867708267	0.9876459284370173	0.9885465182387644	0.9897316529703708	0.9892873542576862	0.9818773157450769	0.9899297005593569	0.9840966912207137	0.988422834423324	0.9859996206232118	0.9857370563100203	0.9858607364011582	0.9894691547757495	0.9852277289613921	0.9845822800887469	0.9879263379867956	0.9895067825201852	0.987211875034015	0.9886629369444118	0.9882294109462773
0.9900511424448604	0.9809162303149579	0.9898629252137361	0.9818805718049906	0.981699325689229	0.9893876301495361	0.988284234665893	0.989657804272666	0.9895150466263928	0.9892116247887045	0.9876679639657527	0.9894035841550304	0.9900980294949218	0.9895627011893561	0.9896102870043265	0.9886615908168277	0.9870227956938827	0.9886289482521711	0.9891634598353299	1.0	0.9904089191527526	0.9906555399807417	0.9888344383002265	0.9876511468707949	0.990869832551485	0.9902538403362035	0.9907169084491936	0.9821126860974503	0.9877519208286296	0.9889053849314741	0.9899571680232879	0.989894369400684	0.9892276641512493	0.9852069942572323	0.9800158046213548	0.9878766786543708	0.982178048142243	0.9885799236988267	0.9891795226384786	0.9880524053002512	0.9887755858505268	0.9892597194897862	0.9885144439657133	0.9875162999417777	0.9898157026755103	0.9899885225745648	0.9901760268575364	0.9904861862304071	0.9895468239836703
0.9897640834886797	0.9794651440283049	0.9888160539639425	0.9836440625474236	0.9829900917103556	0.987990532760288	0.9891219359875927	0.9895205199852153	0.9894995830373015	0.9877658523583442	0.9885876574052831	0.98824333118015	0.9889776572669214	0.9886583408025419	0.9890425954085625	0.9876381595670382	0.9855913649612832	0.987357522836918	0.9879158094971741	0.9904089191527526	1.0	0.9986537527751275	0.9899428560471939	0.9904019645573469	0.9896356074594411	0.9900391474427139	0.991858180186175	0.9815179324932426	0.9896884763418201	0.9908928406891866	0.9894219024726774	0.9906373724647427	0.988667170055825	0.9860398985423671	0.9803689585672906	0.9890231106771245	0.982852414827408	0.9874487014677098	0.9875958247048432	0.9870159712123202	0.9881543295915651	0.9890502435204703	0.9871284649227062	0.9860379185425702	0.9898084802405591	0.9890047709490197	0.9896923623982402	0.990492642554431	0.9900643984018015
0.9902672492421478	0.9795292269140515	0.9891148540550668	0.983960471516663	0.9831029028478161	0.9879784566628225	0.9895892165960377	0.9898729692070456	0.9900448858021303	0.9878596555686314	0.98897156714883	0.9885952281920815	0.9893812093390072	0.9890710859858093	0.989366107850185	0.9880448670874776	0.9856444525109032	0.9878432510117342	0.9879636299430136	0.9906555399807417	0.9986537527751275	1.0	0.9902480038652582	0.9907857625936253	0.9899072279523418	0.9904100810246047	0.9921890828710597	0.9819570237613552	0.9901804782872633	0.9912174071301325	0.989763286661359	0.9914183462984419	0.989064898785121	0.9864688667085922	0.9806183330032442	0.9896108519679023	0.9832724433623985	0.9877702726241329	0.9880614604350133	0.9873702353664205	0.9882589035390844	0.9894988743674472	0.9871832919405577	0.9862436653521465	0.9902908798686894	0.9891291718303608	0.9899770587641494	0.9908381264334817	0.9904281398369876
0.9916035110118208	0.9813728822359034	0.989720703294186	0.9815884838021492	0.9818634819801451	0.9893066028512576	0.9894279201357477	0.9900279027345251	0.990667194405455	0.9887991926429114	0.9897035525026517	0.9902480038652582	0.9897378451742118	0.9891674058102388	0.9891674058102388	0.9883911348802357	0.9875961313761443	0.9884624654144031	0.9893586506296227	0.9888344383002265	0.9899428560471939	0.9902480038652582	1.0	0.9875778381544709	0.9903154330650724	0.9900788257407286	0.9921018142975476	0.9848512171643115	0.9886401190843385	0.9895143029298324	0.9911468813031773	0.9894106163941536	0.9886401190843385	0.983408216849988	0.9806350921826098	0.9881518293763337	0.9809751895457066	0.9890975863078512	0.988337535449599	0.9887639092553981	0.9889048167517851	0.988887236221265	0.9884268194508887	0.9894797769563745	0.9914736879373306	0.9900279027345251	0.9900279027345251	0.989531552373343	0.9890276186367674
0.9901072646069194	0.9811564464573697	0.9898256267096203	0.9817685385795384	0.9811062369072009	0.9888852507334555	0.9874477223944901	0.9896049008023978	0.9897627127105973	0.9897154483539153	0.9870227588215278	0.9891268834565189	0.9918963513467157	0.9911802369970402	0.9920876587208267	0.9915402336175497	0.9885602934376099	0.9907399416653487	0.991881589446385	0.9876511468707949	0.9904019645573469	0.9907857625936253	0.9875778381544709	1.0	0.990968413244573	0.9906174407885798	0.9904636728252099	0.9824796274623553	0.9892710175994875	0.9896049008023978	0.9901228409033752	0.9893986100781212	0.9918076809168302	0.9864485660706376	0.9804951125943545	0.9886653700943807	0.9823140370040387	0.9906020961766061	0.9881164549586772	0.9877670644257557	0.988265066515739	0.991059361214559	0.9886418336427861	0.9873970155631773	0.9902471873456763	0.9920582987608311	0.990663431887574	0.9896523236934383	0.9889498594973788
0.9902672492421478	0.9794133495911194	0.9884555347493602	0.9842114191297614	0.9828995623194563	0.9876739679898431	0.9891219359875927	0.9897118972446842	0.9895718504600137	0.987494404033196	0.9891302192283793	0.9879266854098664	0.9898505704591486	0.9896231015772484	0.9902611154029488	0.9889310762331939	0.9863649009442785	0.9884063757174358	0.9891477172535533	0.990869832551485	0.9896356074594411	0.9899072279523418	0.9903154330650724	0.990968413244573	1.0	0.9952084701824567	0.9912286662391114	0.9813702494884387	0.9904086034060748	0.9905201017672353	0.9887940158982118	0.9899550394261457	0.9895012641567902	0.9871318536652218	0.9816373934466466	0.990614858531155	0.9841181046447514	0.9894743073954319	0.9877618050354372	0.9870933102648343	0.9880449434680196	0.9901460219141646	0.9871171362618381	0.9858799530683727	0.9895358001187273	0.9913420567184039	0.9890190353682182	0.9908381264334817	0.9896670016698559
0.9898364357530837	0.9797660346449883	0.9891521540414411	0.9837709927200536	0.982854203648062	0.987966775562643	0.9887274120930916	0.9892388020205283	0.9890488251185456	0.9884972112721143	0.988812147840179	0.9884821738918421	0.9902108656857008	0.9893578455090578	0.9896494827393362	0.9889154959936135	0.9870213725075906	0.9887219523821792	0.9893724887785925	0.9902538403362035	0.9900391474427139	0.9904100810246047	0.9900788257407286	0.9906174407885798	0.9952084701824567	1.0	0.9907162747193923	0.9815042550919911	0.9900428425598249	0.9900215533431163	0.989078380727432	0.9896307367044774	0.989605901198193	0.9868923107226245	0.9813754769225559	0.990558302045936	0.9838170370434646	0.989750949655068	0.9875980468765714	0.9870213725075906	0.9881192022253138	0.9895730564017576	0.9879209096546916	0.9867846756457163	0.9895039864524001	0.9912781536988788	0.989707502042263	0.989805413650489	0.9891747019197521
0.9921753611653279	0.980681422266022	0.9904281398369876	0.9852973760141526	0.9844920304755587	0.9896818057418875	0.9905494780290472	0.9901812323523638	0.993585940259987	0.9888575496463927	0.9907666256318176	0.9915099315050272	0.9905148446209359	0.9897113939708516	0.9899911665878606	0.9892047483871041	0.987048426357299	0.9891596684123476	0.989637373580384	0.9907169084491936	0.991858180186175	0.9921890828710597	0.9921018142975476	0.9904636728252099	0.9912286662391114	0.9907162747193923	1.0	0.9848266828724346	0.9897967303884013	0.9910702721172924	0.9922027988861284	0.9903557114980543	0.9894739416888642	0.9862857081607856	0.9804730959176188	0.9891710310026316	0.9832284825003874	0.9888119920630783	0.9891295808183085	0.9882757805777057	0.9897999997717634	0.9890542414901109	0.9889484763507219	0.9904136668757444	0.9927063342488857	0.9906732144456669	0.9908594048197787	0.9905504748025002	0.9901082596153864
0.9826615688653829	0.9722501548656726	0.9813146960220783	0.9780146733524174	0.9783866801946014	0.9806216627352488	0.9830963068804018	0.9815769827198814	0.9837603097107082	0.9801641418891023	0.9832353392407382	0.982318486469566	0.9805458526711517	0.9799445723263771	0.9809772525516736	0.9798555296005788	0.9787518212622289	0.9797779187792958	0.9801641418891023	0.9821126860974503	0.9815179324932426	0.9819570237613552	0.9848512171643115	0.9824796274623553	0.9813702494884387	0.9815042550919911	0.9848266828724346	1.0	0.9818355838456662	0.982167884496627	0.9833969345375202	0.9820139237434721	0.9799625999034299	0.9792572936889259	0.9727153432973692	0.9817893769421371	0.9762146322621227	0.9799522845075501	0.9795830809447245	0.9799716011446156	0.9798749035241837	0.9809083861267419	0.9799522845075501	0.9823903025941788	0.9835184510153036	0.9810168066902645	0.9815179324932426	0.9821924340575924	0.9814509992869846
0.989579865894238	0.980284636395931	0.9891260589233244	0.9820812702828791	0.98132098968521	0.9881343740736404	0.9870616128993293	0.9886499364693904	0.9889839428755427	0.9884092707868615	0.9871236057984961	0.9884092707868615	0.9899661295069258	0.989579865894238	0.9895487685419636	0.9886339466593118	0.9868765583039355	0.9882963556971912	0.9889364343908689	0.9877519208286296	0.9896884763418201	0.9901804782872633	0.9886401190843385	0.9892710175994875	0.9904086034060748	0.9900428425598249	0.9897967303884013	0.9818355838456662	1.0	0.988036801358841	0.9891260589233244	0.9889681143202516	0.9892204637698726	0.9850802168579424	0.9796945025755222	0.9888745236610099	0.9822007522127498	0.9889364343908689	0.9878243968425168	0.9873954323193447	0.9880205110992808	0.9891260589233244	0.9877587650077082	0.9867751789427457	0.9894553001869184	0.990073477919493	0.9897967303884013	0.9886818928336442	0.9882478447897893
0.9912174071301325	0.9816613907459116	0.9903547541678246	0.9834314141394763	0.9823971286544506	0.9901279371030711	0.9888225293607175	0.9916259334994016	0.990264214285175	0.9890483397023078	0.9883129896821355	0.9898383794682154	0.9903848790294968	0.9896233833527289	0.9901582695840833	0.98929823870342	0.9871609697848824	0.9891422739218606	0.9896387867708267	0.9889053849314741	0.9908928406891866	0.9912174071301325	0.9895143029298324	0.9896049008023978	0.9905201017672353	0.9900215533431163	0.9910702721172924	0.982167884496627	0.988036801358841	1.0	0.9908780116255922	0.9900671883809121	0.9894534693113074	0.9852491448610581	0.9797157914896573	0.9885452550977087	0.9822687701113917	0.988922676287131	0.9888123264556264	0.988431154306479	0.989360418653537	0.9895771298953481	0.9892515266780255	0.987818464867407	0.990505104339383	0.9902793215214826	0.9903246017906709	0.9901279371030711	0.9890640140027764
0.9909310857566769	0.979219301996253	0.988590873144229	0.9853577841931945	0.9841883801189385	0.9876908336880753	0.9904592187793305	0.9897118972446842	0.9913289461665544	0.9871326741651641	0.9900048364344262	0.989082065050618	0.9888905354106937	0.9885394579545645	0.9898455031259868	0.9885499750827881	0.985463098841039	0.9880518398150737	0.9876459284370173	0.9899571680232879	0.9894219024726774	0.989763286661359	0.9911468813031773	0.9901228409033752	0.9887940158982118	0.989078380727432	0.9922027988861284	0.9833969345375202	0.9891260589233244	0.9908780116255922	1.0	0.9898963118945546	0.988294573162036	0.985978157838087	0.9806597110560177	0.9895233557428392	0.9829634717108743	0.9870107361599136	0.987291881298818	0.9869849846161115	0.987390301769501	0.9893500078783748	0.9872086565801118	0.9879144458418608	0.9909601328172627	0.9887795471532186	0.9888373840634778	0.9899822413780436	0.9888119920630783
0.9896751479638406	0.97963185689101	0.9895565848101862	0.9837075890516057	0.982258752897279	0.9885158860526504	0.9885523142275028	0.9890026168573423	0.9898816136655151	0.9879907333335529	0.9880687193360748	0.9890930841278303	0.9889724058485084	0.9883314924685952	0.988592413191658	0.9878190224643942	0.9860177139981762	0.988500559274167	0.9885465182387644	0.989894369400684	0.9906373724647427	0.9914183462984419	0.9894106163941536	0.9893986100781212	0.9899550394261457	0.9896307367044774	0.9903557114980543	0.9820139237434721	0.9889681143202516	0.9900671883809121	0.9898963118945546	1.0	0.9882697978853108	0.9856884908733863	0.9799067698072842	0.9889042946929031	0.982246113175194	0.9881770388244338	0.9880062991066962	0.9874254076143021	0.9881770388244338	0.9884238182574829	0.9879127939165873	0.9869467706689116	0.9898374796528044	0.9896010959464773	0.9903342419998323	0.9895681593858363	0.9889636064471812
0.988689255689216	0.9789420440159444	0.9880538804635542	0.9830019334214048	0.9817697792366794	0.9872128176484074	0.9878424657228175	0.9884399904699256	0.9877311326430014	0.988159399999049	0.9873415591413077	0.98741356234313	0.9908184444185443	0.9900382478053682	0.9910491652354064	0.9897459989867443	0.9865399525914361	0.9896310557974805	0.9897316529703708	0.9892276641512493	0.988667170055825	0.989064898785121	0.9886401190843385	0.9918076809168302	0.9895012641567902	0.989605901198193	0.9894739416888642	0.9799625999034299	0.9892204637698726	0.9894534693113074	0.988294573162036	0.9882697978853108	1.0	0.9875075993695297	0.9817775617954124	0.9905299874344908	0.9842676085175395	0.9889769284157328	0.9864608115584723	0.9856099900238194	0.9867605396032592	0.9899121614848996	0.9863496931269403	0.9850854123170686	0.988219545450393	0.990455462451053	0.9887559698948799	0.9883710219975248	0.9883529185491248
0.9860604530310858	0.9786445845115693	0.9859369328393106	0.9759599114409855	0.9751619960327577	0.9856052576833365	0.9849316885750833	0.9855426941166281	0.9850802168579424	0.9860193311915502	0.9843740524638249	0.9854800111739718	0.9879373816904141	0.9873103733357975	0.9879373816904141	0.9866711867762645	0.9854590902516344	0.9866913504944045	0.9892873542576862	0.9852069942572323	0.9860398985423671	0.9864688667085922	0.983408216849988	0.9864485660706376	0.9871318536652218	0.9868923107226245	0.9862857081607856	0.9792572936889259	0.9850802168579424	0.9852491448610581	0.985978157838087	0.9856884908733863	0.9875075993695297	1.0	0.9812680111602138	0.9871314991983838	0.9798090160734212	0.9875861600775121	0.9843090958356625	0.9851225303976971	0.9843524145395176	0.9872311507976306	0.9842440103536167	0.9846969208049436	0.9858543273777428	0.9881694654168498	0.9862039756823809	0.9860604530310858	0.9855635618800198
0.9801806709365032	0.9717510957536983	0.9801806709365032	0.9743684505789298	0.9743474975870566	0.9799067698072842	0.9785899356433339	0.9795878493246916	0.9794164761920202	0.9804522949771227	0.978324511771794	0.9795664768089472	0.9828584865209626	0.9823323085146031	0.9824107962448777	0.9814562901811686	0.9797583277292852	0.9811318322799585	0.9818773157450769	0.9800158046213548	0.9803689585672906	0.9806183330032442	0.9806350921826098	0.9804951125943545	0.9816373934466466	0.9813754769225559	0.9804730959176188	0.9727153432973692	0.9796945025755222	0.9797157914896573	0.9806597110560177	0.9799067698072842	0.9817775617954124	0.9812680111602138	1.0	0.9871000808980179	0.9791085709260415	0.9816574542936465	0.9794379470906928	0.9786779324572756	0.9791577178346212	0.981697539129402	0.978896891638211	0.9786559554975177	0.9799701819018989	0.9821352621039801	0.9802226064966232	0.9804314807890253	0.9799490582120746
0.9891119424859574	0.9810039650537247	0.9896108519679023	0.979214612662112	0.979214612662112	0.9887551699087179	0.9878766786543708	0.9885151578126302	0.9884247006548659	0.9886053673231583	0.9877844484828135	0.9886053673231583	0.990643100489273	0.9899873434375746	0.9905299874344908	0.9897271537595761	0.9886353823652151	0.9901310116635079	0.9899297005593569	0.9878766786543708	0.9890231106771245	0.9896108519679023	0.9881518293763337	0.9886653700943807	0.990614858531155	0.990558302045936	0.9891710310026316	0.9817893769421371	0.9888745236610099	0.9885452550977087	0.9895233557428392	0.9889042946929031	0.9905299874344908	0.9871314991983838	0.9871000808980179	1.0	0.9867207022036546	0.9903025920800025	0.9876919592373716	0.9886353823652151	0.9880298238777313	0.9904448976164152	0.9878152205864015	0.9884548806424808	0.9886053673231583	0.9906995120465572	0.9889934468043595	0.9891119424859574	0.9886653700943807
0.982919094120265	0.974935633443534	0.982874656340309	0.9729777685901467	0.972498970540994	0.9823140370040387	0.9819729998180017	0.9827409801986517	0.9820186772377519	0.9831183216706265	0.9811865669038786	0.9824719801425719	0.9850675260665319	0.9846278782700061	0.9843952146884885	0.9836437493041371	0.982178048142243	0.9835349775517044	0.9840966912207137	0.982178048142243	0.982852414827408	0.9832724433623985	0.9809751895457066	0.9823140370040387	0.9841181046447514	0.9838170370434646	0.9832284825003874	0.9762146322621227	0.9822007522127498	0.9822687701113917	0.9829634717108743	0.982246113175194	0.9842676085175395	0.9798090160734212	0.9791085709260415	0.9867207022036546	1.0	0.983881784589397	0.9813733178384431	0.9818585266106324	0.9816975884647025	0.9837305076434417	0.9816745325537656	0.9813034111270887	0.982919094120265	0.9847120759273368	0.9828078864515457	0.982874656340309	0.9825618925282577
