/home/jshaw/scratch/2022_sketched_distance/references/SGB_genome_fastas_part4/10130/BackhedF_2015__SID150_4M__bin.4.fa	/home/jshaw/scratch/2022_sketched_distance/references/SGB_genome_fastas_part4/10130/BackhedF_2015__SID335_4M__bin.7.fa	/home/jshaw/scratch/2022_sketched_distance/references/SGB_genome_fastas_part4/10130/BackhedF_2015__SID532_4M__bin.27.fa	/home/jshaw/scratch/2022_sketched_distance/references/SGB_genome_fastas_part4/10130/BackhedF_2015__SID532_B__bin.4.fa	/home/jshaw/scratch/2022_sketched_distance/references/SGB_genome_fastas_part4/10130/BackhedF_2015__SID637_12M__bin.13.fa	/home/jshaw/scratch/2022_sketched_distance/references/SGB_genome_fastas_part4/10130/BackhedF_2015__SID70_4M__bin.12.fa	/home/jshaw/scratch/2022_sketched_distance/references/SGB_genome_fastas_part4/10130/BritoIL_2016__M2.11.ST__bin.78.fa	/home/jshaw/scratch/2022_sketched_distance/references/SGB_genome_fastas_part4/10130/FengQ_2015__SID530756__bin.23.fa	/home/jshaw/scratch/2022_sketched_distance/references/SGB_genome_fastas_part4/10130/FerrettiP_2018__CA_C10002IS2028FE_t4M15__bin.1.fa	/home/jshaw/scratch/2022_sketched_distance/references/SGB_genome_fastas_part4/10130/FerrettiP_2018__CA_C10008IS2123FE_t2M15__bin.1.fa	/home/jshaw/scratch/2022_sketched_distance/references/SGB_genome_fastas_part4/10130/FerrettiP_2018__CA_C10008IS2127FE_t3M15__bin.2.fa	/home/jshaw/scratch/2022_sketched_distance/references/SGB_genome_fastas_part4/10130/FerrettiP_2018__CA_C10020IS2347FE_t4M15__bin.12.fa	/home/jshaw/scratch/2022_sketched_distance/references/SGB_genome_fastas_part4/10130/FerrettiP_2018__CA_C10052IS2920FE_t5M16__bin.18.fa	/home/jshaw/scratch/2022_sketched_distance/references/SGB_genome_fastas_part4/10130/FerrettiP_2018__CA_C10055IS2962FE_t1M16__bin.7.fa	/home/jshaw/scratch/2022_sketched_distance/references/SGB_genome_fastas_part4/10130/HanniganGD_2017__MG100141__bin.3.fa	/home/jshaw/scratch/2022_sketched_distance/references/SGB_genome_fastas_part4/10130/HeQ_2017__SZAXPI029549-142__bin.2.fa	/home/jshaw/scratch/2022_sketched_distance/references/SGB_genome_fastas_part4/10130/KosticAD_2015__PRJNA231909.3113669__bin.9.fa	/home/jshaw/scratch/2022_sketched_distance/references/SGB_genome_fastas_part4/10130/LiJ_2014__DOM005-IE__bin.4.fa	/home/jshaw/scratch/2022_sketched_distance/references/SGB_genome_fastas_part4/10130/LiJ_2017__H1F513818__bin.2.fa	/home/jshaw/scratch/2022_sketched_distance/references/SGB_genome_fastas_part4/10130/LiJ_2017__H1M513852__bin.3.fa	/home/jshaw/scratch/2022_sketched_distance/references/SGB_genome_fastas_part4/10130/LiJ_2017__H1M613825__bin.35.fa	/home/jshaw/scratch/2022_sketched_distance/references/SGB_genome_fastas_part4/10130/LiJ_2017__H3M515101__bin.28.fa	/home/jshaw/scratch/2022_sketched_distance/references/SGB_genome_fastas_part4/10130/LiJ_2017__H3M516909__bin.27.fa	/home/jshaw/scratch/2022_sketched_distance/references/SGB_genome_fastas_part4/10130/LiJ_2017__nHM612836__bin.16.fa	/home/jshaw/scratch/2022_sketched_distance/references/SGB_genome_fastas_part4/10130/LiuW_2016__SRR3992991__bin.57.fa	/home/jshaw/scratch/2022_sketched_distance/references/SGB_genome_fastas_part4/10130/NielsenHB_2014__V1_UC21_4__bin.50.fa	/home/jshaw/scratch/2022_sketched_distance/references/SGB_genome_fastas_part4/10130/QinJ_2012__CON-028__bin.32.fa	/home/jshaw/scratch/2022_sketched_distance/references/SGB_genome_fastas_part4/10130/QinJ_2012__CON-092__bin.31.fa	/home/jshaw/scratch/2022_sketched_distance/references/SGB_genome_fastas_part4/10130/QinJ_2012__DOF008__bin.42.fa	/home/jshaw/scratch/2022_sketched_distance/references/SGB_genome_fastas_part4/10130/QinJ_2012__DOM005__bin.7.fa	/home/jshaw/scratch/2022_sketched_distance/references/SGB_genome_fastas_part4/10130/QinN_2014__LV-7__bin.2.fa	/home/jshaw/scratch/2022_sketched_distance/references/SGB_genome_fastas_part4/10130/RaymondF_2016__P12E7__bin.2.fa	/home/jshaw/scratch/2022_sketched_distance/references/SGB_genome_fastas_part4/10130/VatanenT_2016__G78488__bin.1.fa	/home/jshaw/scratch/2022_sketched_distance/references/SGB_genome_fastas_part4/10130/VatanenT_2016__G78861__bin.2.fa	/home/jshaw/scratch/2022_sketched_distance/references/SGB_genome_fastas_part4/10130/VatanenT_2016__G80272__bin.10.fa	/home/jshaw/scratch/2022_sketched_distance/references/SGB_genome_fastas_part4/10130/VatanenT_2016__G80482__bin.10.fa	/home/jshaw/scratch/2022_sketched_distance/references/SGB_genome_fastas_part4/10130/VincentC_2016__MM074.2__bin.4.fa	/home/jshaw/scratch/2022_sketched_distance/references/SGB_genome_fastas_part4/10130/XieH_2016__YSZC12003_35550__bin.126.fa	/home/jshaw/scratch/2022_sketched_distance/references/SGB_genome_fastas_part4/10130/ZellerG_2014__CCIS78318719ST-4-0__bin.28.fa
1.0	0.9700547212195623	0.9594776710682964	0.9697840835490271	0.9701713158530217	0.9693314178779509	0.970142460807058	0.9593158435678707	0.9609149775570748	0.9699521241037532	0.9702884055632279	0.9615540289348214	0.967206955220268	0.9646986232602592	0.961216258537657	0.9859690011950587	0.956661768799381	0.9614330650601428	0.9635038789815942	0.9867877600266639	0.9616996039174478	0.9777575268224791	0.9592033209224753	0.9620365929881083	0.9591230874584264	0.9705292236700648	0.9858188366279725	0.9690989306792931	0.9714292044822274	0.9617503260200423	0.9608705765608785	0.9677186147553177	0.957382471494759	0.9701150089222268	0.9711020899592278	0.9602857488702373	0.9704371998312705	0.9537619248209763	0.9719233890677517
0.9700547212195623	1.0	0.963231488648788	0.9976644916578403	0.9902271399135144	0.9868720520539511	0.9893110211575176	0.9633832107098369	0.9653520159336624	0.9975255572585269	0.9971921725270726	0.9657419386846214	0.9860790536939978	0.9908020132402111	0.9660267429226244	0.9752256277811092	0.9601638239623417	0.9650430770147117	0.9676979548934938	0.9759325854499298	0.9655874722526964	0.9794305915550529	0.9627769449481975	0.9673852322098172	0.9627894332865293	0.9977075335069173	0.9747735996146758	0.9812739474445432	0.9804610308917099	0.9653270560637495	0.9644846925600468	0.9743686115934551	0.9595239651974034	0.9882014383105197	0.9812283611307212	0.9644690888780673	0.9888277674582152	0.9554049811700975	0.9802490369342676
0.9594776710682964	0.963231488648788	1.0	0.9633304147857437	0.9634766140080291	0.9613014835703878	0.9633737577933678	0.9875719734745819	0.9884354302383428	0.9634141090679312	0.9634597247145018	0.9954268618310833	0.9615859293859724	0.9583347161787014	0.9887307058013765	0.9644791111316827	0.9832794820582899	0.9956536489349678	0.9911020737736451	0.9644647282509854	0.9938387179857623	0.9728730192382802	0.9936970141777756	0.9939369280729831	0.9865313918774382	0.963492422612074	0.964066523663943	0.9585081147756789	0.9639262981227515	0.9950910165279229	0.9866858264166467	0.9656270824779669	0.9825506995132506	0.9619453049879616	0.9643300627448214	0.9877500726181515	0.9631639626683595	0.9791235681864348	0.964100612399869
0.9697840835490271	0.9976644916578403	0.9633304147857437	1.0	0.9902700376207927	0.9868325556875172	0.9891916330482204	0.9646433617020939	0.9659293106012758	0.9978495061274548	0.9975956230079374	0.9662691338497332	0.9860166366132853	0.9908379688243546	0.9663224039863105	0.9754546153825543	0.9601222854040993	0.9648521614139354	0.9674931417135038	0.9760433287900108	0.9653596462416606	0.9789045991627072	0.9624564175905722	0.9674626931681043	0.9629227771691568	0.997949885836497	0.9743673759926345	0.9809946568431042	0.980352294962867	0.9653745633609463	0.9644249899723056	0.9738919228857512	0.9595813827813067	0.9880182439897303	0.9809053535259066	0.9651114638913266	0.9889733472225138	0.9556294566982261	0.9801726950520329
0.9701713158530217	0.9902271399135144	0.9634766140080291	0.9902700376207927	1.0	0.9882935721331182	0.9898804759752629	0.9637098587822329	0.9668401873372405	0.9904606002810784	0.9902448545765462	0.9663031210668382	0.9862022002798123	0.9840208791172841	0.9672185056449369	0.9755812659710726	0.9609117548448812	0.9652257159254339	0.9680741258464826	0.9762294925775775	0.9659729210851111	0.980701743991887	0.9631302563237952	0.9676009981349541	0.9632471056191714	0.9907662516130277	0.9750162733348414	0.9820933280430225	0.9809826171787928	0.9658688887484698	0.9653728633371722	0.9747824685109965	0.9603086667780762	0.988772688458518	0.9811285423461027	0.9644560213136079	0.9888868449720236	0.9554338022734699	0.9806483657022954
0.9693314178779509	0.9868720520539511	0.9613014835703878	0.9868325556875172	0.9882935721331182	1.0	0.9873381976808709	0.9613846044197119	0.9634134993757478	0.9870733182678477	0.9870273714462973	0.9647305624387513	0.9834616796696101	0.982488626060541	0.9642893229474239	0.9732598070838664	0.9592997178780749	0.9636136515639564	0.9664140946548871	0.9739765262172433	0.9646250416719054	0.9785105620879638	0.9610901674147713	0.9654078046243264	0.9610873767311701	0.9878375744654716	0.9734264196863888	0.9819873901943589	0.9784068982237132	0.9643444502122932	0.9629318490834538	0.9727767596369674	0.9595121395919571	0.9867533207132622	0.9791320985046498	0.9623845862739041	0.9866267696516201	0.9555962287497105	0.9779655539529084
0.970142460807058	0.9893110211575176	0.9633737577933678	0.9891916330482204	0.9898804759752629	0.9873381976808709	1.0	0.9639032263662163	0.9657439625350274	0.9896452887038278	0.9893999272040795	0.9662437624106268	0.9880920678371246	0.9834583697387242	0.9664717003085498	0.9757063268534303	0.9604380451298425	0.9655207178645123	0.9685324336888484	0.9765034800795711	0.9660524425139637	0.9801277853274265	0.9632487015232812	0.9676361871464658	0.9635874832883159	0.9896329937594774	0.9748479092770872	0.9826373536786267	0.9806911893499953	0.9660260429195072	0.965145491880805	0.9745162043392295	0.960546686838966	0.9884872350648806	0.9812614243939544	0.9650841840103708	0.9904081395646217	0.9561417254836698	0.9808103857768001
0.9593158435678707	0.9633832107098369	0.9875719734745819	0.9646433617020939	0.9637098587822329	0.9613846044197119	0.9639032263662163	1.0	0.9883901353662232	0.9641172118961228	0.9640265709685508	0.9889214940678543	0.9621061965867843	0.9582871965327314	0.9890307003393508	0.9643780514502003	0.9823323618644648	0.9887530686427733	0.9887052460564661	0.9644265030106929	0.9876599730596776	0.9727030696374139	0.9868732221503259	0.9875220027122604	0.9866798122827397	0.9636492823075505	0.9646979280045209	0.957982257412418	0.9639693195777272	0.9881977490617149	0.9864456837191911	0.965233183676872	0.9821879380293782	0.9615016564120636	0.9642364446515703	0.9952083477302968	0.9632622854088843	0.9850811607478812	0.9644807007899744
0.9609149775570748	0.9653520159336624	0.9884354302383428	0.9659293106012758	0.9668401873372405	0.9634134993757478	0.9657439625350274	0.9883901353662232	1.0	0.9658579850205602	0.9657772466272008	0.9908510590250854	0.9633560935967672	0.9606145370508558	0.9908577713180204	0.9655989784162172	0.9838179140442231	0.9901881895039406	0.9902633919000238	0.9666223122791167	0.988991525004043	0.9746735408175564	0.988065606356157	0.9891514021534105	0.9873740485873584	0.9661627119792966	0.9651604621531986	0.960166046700503	0.9656569742183737	0.9899262480930395	0.9884598722437502	0.9672871401260965	0.9837283024664486	0.9644429726138449	0.9662962483397208	0.9890043070839276	0.9649269265387679	0.9800973793689557	0.9666171581234424
0.9699521241037532	0.9975255572585269	0.9634141090679312	0.9978495061274548	0.9904606002810784	0.9870733182678477	0.9896452887038278	0.9641172118961228	0.9658579850205602	1.0	0.9981757088421541	0.9662979778134548	0.9861056675901775	0.9907886700659647	0.9660441383577322	0.9754511329695108	0.9604891990249543	0.9651541532116031	0.967778325996987	0.9762330688578387	0.9656740600322964	0.9795328745080425	0.9628114784914262	0.9676976643479134	0.9630033810432934	0.997746014661998	0.9746611552288569	0.98136085535872	0.9805834421035983	0.9656794759984438	0.965020448908747	0.9746322591343574	0.9601596669305	0.988583198758572	0.9813774717665062	0.9646988052807723	0.989021502691546	0.9558053025387948	0.9806686791927156
0.9702884055632279	0.9971921725270726	0.9634597247145018	0.9975956230079374	0.9902448545765462	0.9870273714462973	0.9893999272040795	0.9640265709685508	0.9657772466272008	0.9981757088421541	1.0	0.9661014852641034	0.985930139541926	0.9907523521284876	0.9661610747570932	0.9755161496032791	0.9605755581088509	0.9653269589256515	0.9679072805323189	0.97614887458792	0.965880007455161	0.9793604951878839	0.9629427331995186	0.9675665523569617	0.9630889600518105	0.997312068928936	0.9749206166700729	0.9814977484142318	0.9806371477024924	0.9656734821632387	0.9646952789703259	0.9745077916990167	0.9602112668657772	0.988211279166959	0.9810975405749125	0.9644188779667902	0.9889691535201872	0.956162190354757	0.9803049131104807
0.9615540289348214	0.9657419386846214	0.9954268618310833	0.9662691338497332	0.9663031210668382	0.9647305624387513	0.9662437624106268	0.9889214940678543	0.9908510590250854	0.9662979778134548	0.9661014852641034	1.0	0.9640595168990118	0.9613332876733373	0.9906863347886279	0.966337981504826	0.9852813381517128	0.9969062391337763	0.9926851236931349	0.9671649580909571	0.9956223149976532	0.9750069404977815	0.9946086114400696	0.9952949748656224	0.9882978610561096	0.9666268326282784	0.9656146204262388	0.9609632213533564	0.9664003159467827	0.9967285242050684	0.9886667365104087	0.9679882488330871	0.9844316607343695	0.9650260429665405	0.9671134212971378	0.9896734693760265	0.9657031459701128	0.9816406671066528	0.9670355930138358
0.967206955220268	0.9860790536939978	0.9615859293859724	0.9860166366132853	0.9862022002798123	0.9834616796696101	0.9880920678371246	0.9621061965867843	0.9633560935967672	0.9861056675901775	0.985930139541926	0.9640595168990118	1.0	0.980129797216381	0.9637819159695495	0.9724972144307628	0.9589060833136449	0.9634306878120832	0.9665576146928048	0.9726484579274917	0.9636988641365337	0.976761781592746	0.961985636985407	0.9651886105130496	0.9620138748818039	0.9863380702375927	0.9722567766790595	0.9787666894049089	0.9773505553544842	0.9633454905634414	0.9616461708170457	0.9711014925587526	0.9577126138042912	0.984437152243074	0.9778563501242354	0.9628776767568952	0.9937671707836794	0.954327803242136	0.9770023668656524
0.9646986232602592	0.9908020132402111	0.9583347161787014	0.9908379688243546	0.9840208791172841	0.982488626060541	0.9834583697387242	0.9582871965327314	0.9606145370508558	0.9907886700659647	0.9907523521284876	0.9613332876733373	0.980129797216381	1.0	0.9610235395044194	0.9694688227086864	0.9588187407373988	0.9597405573658333	0.963630689697097	0.9703632478775522	0.9607759666617192	0.9742262090051393	0.9581994745727732	0.9622555804896565	0.9593634218417925	0.9913929540812134	0.9687895005500998	0.9784592764345138	0.9754165496621593	0.9603532298547789	0.9611805505306008	0.9704766478730427	0.9577954629322838	0.9838790915403874	0.9760596295952771	0.95962889575587	0.9834219230790942	0.9569455989596982	0.9742436236837749
0.961216258537657	0.9660267429226244	0.9887307058013765	0.9663224039863105	0.9672185056449369	0.9642893229474239	0.9664717003085498	0.9890307003393508	0.9908577713180204	0.9660441383577322	0.9661610747570932	0.9906863347886279	0.9637819159695495	0.9610235395044194	1.0	0.9658715907010296	0.9844172282066236	0.9904495669423397	0.9906837761550075	0.9669604635593294	0.9893071978445571	0.9748677613111266	0.9883564534266102	0.9893585851224005	0.9879788238565036	0.9664955415381624	0.9656931889497896	0.9603140523797988	0.9660217037061841	0.9901085220321654	0.9890095443454162	0.9698933636926729	0.9840580549942485	0.9651264309262488	0.9668241377073078	0.9897315585479868	0.9654066089922054	0.9807465681592102	0.9670107316247567
0.9859690011950587	0.9752256277811092	0.9644791111316827	0.9754546153825543	0.9755812659710726	0.9732598070838664	0.9757063268534303	0.9643780514502003	0.9655989784162172	0.9754511329695108	0.9755161496032791	0.966337981504826	0.9724972144307628	0.9694688227086864	0.9658715907010296	1.0	0.9606600988035499	0.965886681355986	0.9678849348932804	0.9914154047017636	0.9666370583108154	0.9827258474499789	0.964086636595613	0.9670687643681638	0.963800818283511	0.9755965763883941	0.9906516748814537	0.972242968615038	0.9757711160494155	0.9659048875496106	0.9644150608483848	0.9713575121579398	0.9611884392751857	0.9743915335147804	0.9763898397927195	0.965258356608932	0.9754604115749073	0.9565327965190557	0.9772251590452532
0.956661768799381	0.9601638239623417	0.9832794820582899	0.9601222854040993	0.9609117548448812	0.9592997178780749	0.9604380451298425	0.9823323618644648	0.9838179140442231	0.9604891990249543	0.9605755581088509	0.9852813381517128	0.9589060833136449	0.9588187407373988	0.9844172282066236	0.9606600988035499	1.0	0.984652676920453	0.9891382024667185	0.9620744272967888	0.984496220012961	0.9701134370753922	0.9836629697100138	0.9839197342180273	0.9828595972094429	0.9608340273467596	0.9607922829851203	0.9579936478972532	0.9612210767389742	0.9846827371775838	0.9833231012029988	0.9641488595988713	0.9816968582295291	0.960870152167884	0.9619124707999498	0.983025362988332	0.960087643623816	0.9788531237973855	0.9617565161361903
0.9614330650601428	0.9650430770147117	0.9956536489349678	0.9648521614139354	0.9652257159254339	0.9636136515639564	0.9655207178645123	0.9887530686427733	0.9901881895039406	0.9651541532116031	0.9653269589256515	0.9969062391337763	0.9634306878120832	0.9597405573658333	0.9904495669423397	0.965886681355986	0.984652676920453	1.0	0.9925072475281753	0.9667708709902947	0.9955142367427491	0.9748552133384649	0.9948778113471064	0.9957225356886581	0.9880053816941783	0.9654985091966979	0.965570821676778	0.9607914241163573	0.9663642292377449	0.9982565712823648	0.9885877286251403	0.9677041836708422	0.9840771499831787	0.9640159734355941	0.9664328528257694	0.989418075524671	0.9648843710795947	0.9810300381006946	0.9663149807614663
0.9635038789815942	0.9676979548934938	0.9911020737736451	0.9674931417135038	0.9680741258464826	0.9664140946548871	0.9685324336888484	0.9887052460564661	0.9902633919000238	0.967778325996987	0.9679072805323189	0.9926851236931349	0.9665576146928048	0.963630689697097	0.9906837761550075	0.9678849348932804	0.9891382024667185	0.9925072475281753	1.0	0.9694591973921947	0.9932324231154747	0.9779680449539778	0.9918517757558077	0.9922915218727533	0.9893796349528999	0.9681880372354839	0.9679061972627188	0.9635563836719699	0.9685348759090242	0.9921057350619824	0.988678053522301	0.9698230812263786	0.9850634680489851	0.9672823308407401	0.9692242901867499	0.9893054248600405	0.9677695769549115	0.9822346126779324	0.968790182574269
0.9867877600266639	0.9759325854499298	0.9644647282509854	0.9760433287900108	0.9762294925775775	0.9739765262172433	0.9765034800795711	0.9644265030106929	0.9666223122791167	0.9762330688578387	0.97614887458792	0.9671649580909571	0.9726484579274917	0.9703632478775522	0.9669604635593294	0.9914154047017636	0.9620744272967888	0.9667708709902947	0.9694591973921947	1.0	0.9676622074962418	0.9834793485661574	0.9646913073247064	0.968355119646506	0.9648013197674508	0.9764761429871263	0.9910134055615165	0.972079347301531	0.9763302134556948	0.9671821675124577	0.9660615030083941	0.972390156382794	0.9624986437628739	0.9752357053385312	0.9770002955454865	0.9655090541290726	0.9757222496593276	0.9580262987549808	0.9776051541901389
0.9616996039174478	0.9655874722526964	0.9938387179857623	0.9653596462416606	0.9659729210851111	0.9646250416719054	0.9660524425139637	0.9876599730596776	0.988991525004043	0.9656740600322964	0.965880007455161	0.9956223149976532	0.9636988641365337	0.9607759666617192	0.9893071978445571	0.9666370583108154	0.984496220012961	0.9955142367427491	0.9932324231154747	0.9676622074962418	1.0	0.9763940670372175	0.9947414648978776	0.9949747760159348	0.9883840818890867	0.9660234077592237	0.9663221706941146	0.9615305308616854	0.9661815336951607	0.9948605403343748	0.9870586337220633	0.9679829092796407	0.9835349775517044	0.9644741239315963	0.9665630015372568	0.9880845331357605	0.9652713657398357	0.980751202502187	0.9666484428832911
0.9777575268224791	0.9794305915550529	0.9728730192382802	0.9789045991627072	0.980701743991887	0.9785105620879638	0.9801277853274265	0.9727030696374139	0.9746735408175564	0.9795328745080425	0.9793604951878839	0.9750069404977815	0.976761781592746	0.9742262090051393	0.9748677613111266	0.9827258474499789	0.9701134370753922	0.9748552133384649	0.9779680449539778	0.9834793485661574	0.9763940670372175	1.0	0.9737891491319283	0.9763179636690473	0.9728551534517735	0.9802301431197918	0.9824045201847352	0.9761507768674911	0.980287562292152	0.9747124019123102	0.9740335450267089	0.9759194305566807	0.9697427193098225	0.9789827347379383	0.9812694121785192	0.9733181366470433	0.979472119201554	0.966636941639325	0.9804670243676015
0.9592033209224753	0.9627769449481975	0.9936970141777756	0.9624564175905722	0.9631302563237952	0.9610901674147713	0.9632487015232812	0.9868732221503259	0.988065606356157	0.9628114784914262	0.9629427331995186	0.9946086114400696	0.961985636985407	0.9581994745727732	0.9883564534266102	0.964086636595613	0.9836629697100138	0.9948778113471064	0.9918517757558077	0.9646913073247064	0.9947414648978776	0.9737891491319283	1.0	0.9941909802397318	0.9874043652379152	0.9630610959626327	0.964076037220953	0.9585746041056374	0.9636416768657229	0.9939746893668657	0.9861196653856994	0.9656129258756404	0.9824251279642715	0.9617535333998392	0.9642762384447673	0.987074946284628	0.9625871187702769	0.9792902426851973	0.9642713397878174
0.9620365929881083	0.9673852322098172	0.9939369280729831	0.9674626931681043	0.9676009981349541	0.9654078046243264	0.9676361871464658	0.9875220027122604	0.9891514021534105	0.9676976643479134	0.9675665523569617	0.9952949748656224	0.9651886105130496	0.9622555804896565	0.9893585851224005	0.9670687643681638	0.9839197342180273	0.9957225356886581	0.9922915218727533	0.968355119646506	0.9949747760159348	0.9763179636690473	0.9941909802397318	1.0	0.9873764779904138	0.9678908038057087	0.9665459382034292	0.9624701078422773	0.967323746207502	0.9950909306633205	0.987357217232572	0.9691990198198573	0.9831915980877848	0.9663744814318939	0.9681327989320633	0.9880937873959281	0.9668624963885603	0.9803974979813995	0.9680401726159735
0.9591230874584264	0.9627894332865293	0.9865313918774382	0.9629227771691568	0.9632471056191714	0.9610873767311701	0.9635874832883159	0.9866798122827397	0.9873740485873584	0.9630033810432934	0.9630889600518105	0.9882978610561096	0.9620138748818039	0.9593634218417925	0.9879788238565036	0.963800818283511	0.9828595972094429	0.9880053816941783	0.9893796349528999	0.9648013197674508	0.9883840818890867	0.9728551534517735	0.9874043652379152	0.9873764779904138	1.0	0.9632998811089352	0.9633972942821555	0.9584998056164395	0.9639217286799592	0.9875977476006497	0.9859646143944811	0.9651815061201194	0.9823850332487367	0.9620235648286227	0.964468536466812	0.9868259837471629	0.9627239269418789	0.9794923192103439	0.96430034309091
0.9705292236700648	0.9977075335069173	0.963492422612074	0.997949885836497	0.9907662516130277	0.9878375744654716	0.9896329937594774	0.9636492823075505	0.9661627119792966	0.997746014661998	0.997312068928936	0.9666268326282784	0.9863380702375927	0.9913929540812134	0.9664955415381624	0.9755965763883941	0.9608340273467596	0.9654985091966979	0.9681880372354839	0.9764761429871263	0.9660234077592237	0.9802301431197918	0.9630610959626327	0.9678908038057087	0.9632998811089352	1.0	0.9751673448897157	0.9821962517146609	0.9810263872936463	0.9659971673523762	0.965288727253494	0.9749004576871071	0.9601173457529911	0.9891502212821678	0.9817984781353151	0.9647499335727046	0.9894176042661008	0.9567839936961083	0.980703529748368
0.9858188366279725	0.9747735996146758	0.964066523663943	0.9743673759926345	0.9750162733348414	0.9734264196863888	0.9748479092770872	0.9646979280045209	0.9651604621531986	0.9746611552288569	0.9749206166700729	0.9656146204262388	0.9722567766790595	0.9687895005500998	0.9656931889497896	0.9906516748814537	0.9607922829851203	0.965570821676778	0.9679061972627188	0.9910134055615165	0.9663221706941146	0.9824045201847352	0.964076037220953	0.9665459382034292	0.9633972942821555	0.9751673448897157	1.0	0.9716623981215086	0.9757226621232795	0.9655879134299675	0.9644884038012536	0.971030888219521	0.9600387317516715	0.9740395495676034	0.9761907525900491	0.9644713818334583	0.9750483135996625	0.95678520762744	0.9758671352078099
0.9690989306792931	0.9812739474445432	0.9585081147756789	0.9809946568431042	0.9820933280430225	0.9819873901943589	0.9826373536786267	0.957982257412418	0.960166046700503	0.98136085535872	0.9814977484142318	0.9609632213533564	0.9787666894049089	0.9784592764345138	0.9603140523797988	0.972242968615038	0.9579936478972532	0.9607914241163573	0.9635563836719699	0.972079347301531	0.9615305308616854	0.9761507768674911	0.9585746041056374	0.9624701078422773	0.9584998056164395	0.9821962517146609	0.9716623981215086	1.0	0.9756332990987374	0.9611422754760615	0.9598875851205901	0.9706106596371048	0.9573046575619775	0.9818338951827301	0.9759847655086572	0.959298289102613	0.9818387767343586	0.9543239448075225	0.9747605431525848
0.9714292044822274	0.9804610308917099	0.9639262981227515	0.980352294962867	0.9809826171787928	0.9784068982237132	0.9806911893499953	0.9639693195777272	0.9656569742183737	0.9805834421035983	0.9806371477024924	0.9664003159467827	0.9773505553544842	0.9754165496621593	0.9660217037061841	0.9757711160494155	0.9612210767389742	0.9663642292377449	0.9685348759090242	0.9763302134556948	0.9661815336951607	0.980287562292152	0.9636416768657229	0.967323746207502	0.9639217286799592	0.9810263872936463	0.9757226621232795	0.9756332990987374	1.0	0.9665992478792053	0.9651196558098395	0.9785938427194589	0.960765054704871	0.9799841010797473	0.991351412823047	0.9648903732840305	0.9799551146882283	0.9574317485802293	0.9856610567872773
0.9617503260200423	0.9653270560637495	0.9950910165279229	0.9653745633609463	0.9658688887484698	0.9643444502122932	0.9660260429195072	0.9881977490617149	0.9899262480930395	0.9656794759984438	0.9656734821632387	0.9967285242050684	0.9633454905634414	0.9603532298547789	0.9901085220321654	0.9659048875496106	0.9846827371775838	0.9982565712823648	0.9921057350619824	0.9671821675124577	0.9948605403343748	0.9747124019123102	0.9939746893668657	0.9950909306633205	0.9875977476006497	0.9659971673523762	0.9655879134299675	0.9611422754760615	0.9665992478792053	1.0	0.9885225012399687	0.9679976474561103	0.9841029210651653	0.9649657430289166	0.9670047510944545	0.9891489480936217	0.9652467578514334	0.98105347174601	0.9668277330298656
0.9608705765608785	0.9644846925600468	0.9866858264166467	0.9644249899723056	0.9653728633371722	0.9629318490834538	0.965145491880805	0.9864456837191911	0.9884598722437502	0.965020448908747	0.9646952789703259	0.9886667365104087	0.9616461708170457	0.9611805505306008	0.9890095443454162	0.9644150608483848	0.9833231012029988	0.9885877286251403	0.988678053522301	0.9660615030083941	0.9870586337220633	0.9740335450267089	0.9861196653856994	0.987357217232572	0.9859646143944811	0.965288727253494	0.9644884038012536	0.9598875851205901	0.9651196558098395	0.9885225012399687	1.0	0.9669669200676257	0.9829249671517799	0.9641267000828562	0.9654501809582501	0.9872896715850058	0.9636538180576631	0.980228337121275	0.9658432638670665
0.9677186147553177	0.9743686115934551	0.9656270824779669	0.9738919228857512	0.9747824685109965	0.9727767596369674	0.9745162043392295	0.965233183676872	0.9672871401260965	0.9746322591343574	0.9745077916990167	0.9679882488330871	0.9711014925587526	0.9704766478730427	0.9698933636926729	0.9713575121579398	0.9641488595988713	0.9677041836708422	0.9698230812263786	0.972390156382794	0.9679829092796407	0.9759194305566807	0.9656129258756404	0.9691990198198573	0.9651815061201194	0.9749004576871071	0.971030888219521	0.9706106596371048	0.9785938427194589	0.9679976474561103	0.9669669200676257	1.0	0.9632486235582421	0.9739626926331802	0.9792313215724411	0.966147742062138	0.9737815593635539	0.9609249050564843	0.9813131543650131
0.957382471494759	0.9595239651974034	0.9825506995132506	0.9595813827813067	0.9603086667780762	0.9595121395919571	0.960546686838966	0.9821879380293782	0.9837283024664486	0.9601596669305	0.9602112668657772	0.9844316607343695	0.9577126138042912	0.9577954629322838	0.9840580549942485	0.9611884392751857	0.9816968582295291	0.9840771499831787	0.9850634680489851	0.9624986437628739	0.9835349775517044	0.9697427193098225	0.9824251279642715	0.9831915980877848	0.9823850332487367	0.9601173457529911	0.9600387317516715	0.9573046575619775	0.960765054704871	0.9841029210651653	0.9829249671517799	0.9632486235582421	1.0	0.9606447719491644	0.9617934477096295	0.9832227479762763	0.9599479893192214	0.9781546315707411	0.9613704201888676
0.9701150089222268	0.9882014383105197	0.9619453049879616	0.9880182439897303	0.988772688458518	0.9867533207132622	0.9884872350648806	0.9615016564120636	0.9644429726138449	0.988583198758572	0.988211279166959	0.9650260429665405	0.984437152243074	0.9838790915403874	0.9651264309262488	0.9743915335147804	0.960870152167884	0.9640159734355941	0.9672823308407401	0.9752357053385312	0.9644741239315963	0.9789827347379383	0.9617535333998392	0.9663744814318939	0.9620235648286227	0.9891502212821678	0.9740395495676034	0.9818338951827301	0.9799841010797473	0.9649657430289166	0.9641267000828562	0.9739626926331802	0.9606447719491644	1.0	0.9801983856397762	0.9629105526072025	0.9878531716714585	0.9567780864518648	0.9793232721086921
0.9711020899592278	0.9812283611307212	0.9643300627448214	0.9809053535259066	0.9811285423461027	0.9791320985046498	0.9812614243939544	0.9642364446515703	0.9662962483397208	0.9813774717665062	0.9810975405749125	0.9671134212971378	0.9778563501242354	0.9760596295952771	0.9668241377073078	0.9763898397927195	0.9619124707999498	0.9664328528257694	0.9692242901867499	0.9770002955454865	0.9665630015372568	0.9812694121785192	0.9642762384447673	0.9681327989320633	0.964468536466812	0.9817984781353151	0.9761907525900491	0.9759847655086572	0.991351412823047	0.9670047510944545	0.9654501809582501	0.9792313215724411	0.9617934477096295	0.9801983856397762	1.0	0.9655989695357665	0.9803494370361068	0.9581025888836534	0.9864270779044452
0.9602857488702373	0.9644690888780673	0.9877500726181515	0.9651114638913266	0.9644560213136079	0.9623845862739041	0.9650841840103708	0.9952083477302968	0.9890043070839276	0.9646988052807723	0.9644188779667902	0.9896734693760265	0.9628776767568952	0.95962889575587	0.9897315585479868	0.965258356608932	0.983025362988332	0.989418075524671	0.9893054248600405	0.9655090541290726	0.9880845331357605	0.9733181366470433	0.987074946284628	0.9880937873959281	0.9868259837471629	0.9647499335727046	0.9644713818334583	0.959298289102613	0.9648903732840305	0.9891489480936217	0.9872896715850058	0.966147742062138	0.9832227479762763	0.9629105526072025	0.9655989695357665	1.0	0.9642306667011772	0.985458690065618	0.9656905968585354
0.9704371998312705	0.9888277674582152	0.9631639626683595	0.9889733472225138	0.9888868449720236	0.9866267696516201	0.9904081395646217	0.9632622854088843	0.9649269265387679	0.989021502691546	0.9889691535201872	0.9657031459701128	0.9937671707836794	0.9834219230790942	0.9654066089922054	0.9754604115749073	0.960087643623816	0.9648843710795947	0.9677695769549115	0.9757222496593276	0.9652713657398357	0.979472119201554	0.9625871187702769	0.9668624963885603	0.9627239269418789	0.9894176042661008	0.9750483135996625	0.9818387767343586	0.9799551146882283	0.9652467578514334	0.9636538180576631	0.9737815593635539	0.9599479893192214	0.9878531716714585	0.9803494370361068	0.9642306667011772	1.0	0.9558003022783229	0.9796009941373324
0.9537619248209763	0.9554049811700975	0.9791235681864348	0.9556294566982261	0.9554338022734699	0.9555962287497105	0.9561417254836698	0.9850811607478812	0.9800973793689557	0.9558053025387948	0.956162190354757	0.9816406671066528	0.954327803242136	0.9569455989596982	0.9807465681592102	0.9565327965190557	0.9788531237973855	0.9810300381006946	0.9822346126779324	0.9580262987549808	0.980751202502187	0.966636941639325	0.9792902426851973	0.9803974979813995	0.9794923192103439	0.9567839936961083	0.95678520762744	0.9543239448075225	0.9574317485802293	0.98105347174601	0.980228337121275	0.9609249050564843	0.9781546315707411	0.9567780864518648	0.9581025888836534	0.985458690065618	0.9558003022783229	1.0	0.957378960638289
0.9719233890677517	0.9802490369342676	0.964100612399869	0.9801726950520329	0.9806483657022954	0.9779655539529084	0.9808103857768001	0.9644807007899744	0.9666171581234424	0.9806686791927156	0.9803049131104807	0.9670355930138358	0.9770023668656524	0.9742436236837749	0.9670107316247567	0.9772251590452532	0.9617565161361903	0.9663149807614663	0.968790182574269	0.9776051541901389	0.9666484428832911	0.9804670243676015	0.9642713397878174	0.9680401726159735	0.96430034309091	0.980703529748368	0.9758671352078099	0.9747605431525848	0.9856610567872773	0.9668277330298656	0.9658432638670665	0.9813131543650131	0.9613704201888676	0.9793232721086921	0.9864270779044452	0.9656905968585354	0.9796009941373324	0.957378960638289	1.0
