/home/jshaw/scratch/2022_sketched_distance/references/SGB_genome_fastas_part4/5116/BritoIL_2016__M1.24.ST__bin.68.fa	/home/jshaw/scratch/2022_sketched_distance/references/SGB_genome_fastas_part4/5116/BritoIL_2016__M1.37.ST__bin.55.fa	/home/jshaw/scratch/2022_sketched_distance/references/SGB_genome_fastas_part4/5116/BritoIL_2016__M2.11.ST__bin.69.fa	/home/jshaw/scratch/2022_sketched_distance/references/SGB_genome_fastas_part4/5116/BritoIL_2016__M2.36.ST__bin.81.fa	/home/jshaw/scratch/2022_sketched_distance/references/SGB_genome_fastas_part4/5116/BritoIL_2016__M2.40.ST__bin.42.fa	/home/jshaw/scratch/2022_sketched_distance/references/SGB_genome_fastas_part4/5116/BritoIL_2016__W1.44.ST__bin.5.fa	/home/jshaw/scratch/2022_sketched_distance/references/SGB_genome_fastas_part4/5116/BritoIL_2016__WL.11.ST__bin.23.fa	/home/jshaw/scratch/2022_sketched_distance/references/SGB_genome_fastas_part4/5116/CM_madagascar__V48_03_2FE__bin.12.fa	/home/jshaw/scratch/2022_sketched_distance/references/SGB_genome_fastas_part4/5116/CosteaPI_2017__SID713B007-11-0-0__bin.12.fa	/home/jshaw/scratch/2022_sketched_distance/references/SGB_genome_fastas_part4/5116/CosteaPI_2017__tigress-11-0-0__bin.31.fa	/home/jshaw/scratch/2022_sketched_distance/references/SGB_genome_fastas_part4/5116/CosteaPI_2017__tigress-11-2-0__bin.2.fa	/home/jshaw/scratch/2022_sketched_distance/references/SGB_genome_fastas_part4/5116/CosteaPI_2017__tigress-11-60-0__bin.19.fa	/home/jshaw/scratch/2022_sketched_distance/references/SGB_genome_fastas_part4/5116/CosteaPI_2017__tigress-11-7-0__bin.36.fa	/home/jshaw/scratch/2022_sketched_distance/references/SGB_genome_fastas_part4/5116/FengQ_2015__SID31549__bin.26.fa	/home/jshaw/scratch/2022_sketched_distance/references/SGB_genome_fastas_part4/5116/KarlssonFH_2013__S517__bin.51.fa	/home/jshaw/scratch/2022_sketched_distance/references/SGB_genome_fastas_part4/5116/LeChatelierE_2013__MH0247__bin.73.fa	/home/jshaw/scratch/2022_sketched_distance/references/SGB_genome_fastas_part4/5116/LeChatelierE_2013__MH0422__bin.89.fa	/home/jshaw/scratch/2022_sketched_distance/references/SGB_genome_fastas_part4/5116/LeChatelierE_2013__MH0428__bin.46.fa	/home/jshaw/scratch/2022_sketched_distance/references/SGB_genome_fastas_part4/5116/LeChatelierE_2013__MH0447__bin.112.fa	/home/jshaw/scratch/2022_sketched_distance/references/SGB_genome_fastas_part4/5116/LiJ_2014__MH0345__bin.67.fa	/home/jshaw/scratch/2022_sketched_distance/references/SGB_genome_fastas_part4/5116/LiJ_2014__MH0374__bin.3.fa	/home/jshaw/scratch/2022_sketched_distance/references/SGB_genome_fastas_part4/5116/SchirmerM_2016__G88853__bin.18.fa	/home/jshaw/scratch/2022_sketched_distance/references/SGB_genome_fastas_part4/5116/SchirmerM_2016__G89030__bin.39.fa	/home/jshaw/scratch/2022_sketched_distance/references/SGB_genome_fastas_part4/5116/SchirmerM_2016__G89113__bin.12.fa	/home/jshaw/scratch/2022_sketched_distance/references/SGB_genome_fastas_part4/5116/SchirmerM_2016__G89199__bin.19.fa	/home/jshaw/scratch/2022_sketched_distance/references/SGB_genome_fastas_part4/5116/WenC_2017__RA030__bin.18.fa	/home/jshaw/scratch/2022_sketched_distance/references/SGB_genome_fastas_part4/5116/YuJ_2015__SZAXPI017591-140__bin.72.fa	/home/jshaw/scratch/2022_sketched_distance/references/SGB_genome_fastas_part4/5116/ZeeviD_2015__PNP_Main_216__bin.37.fa	/home/jshaw/scratch/2022_sketched_distance/references/SGB_genome_fastas_part4/5116/ZeeviD_2015__PNP_Main_287__bin.67.fa	/home/jshaw/scratch/2022_sketched_distance/references/SGB_genome_fastas_part4/5116/ZeeviD_2015__PNP_Main_310__bin.38.fa	/home/jshaw/scratch/2022_sketched_distance/references/SGB_genome_fastas_part4/5116/ZeeviD_2015__PNP_Main_311__bin.24.fa	/home/jshaw/scratch/2022_sketched_distance/references/SGB_genome_fastas_part4/5116/ZeeviD_2015__PNP_Main_34__bin.13.fa	/home/jshaw/scratch/2022_sketched_distance/references/SGB_genome_fastas_part4/5116/ZeeviD_2015__PNP_Main_357__bin.9.fa	/home/jshaw/scratch/2022_sketched_distance/references/SGB_genome_fastas_part4/5116/ZeeviD_2015__PNP_Main_391__bin.18.fa	/home/jshaw/scratch/2022_sketched_distance/references/SGB_genome_fastas_part4/5116/ZeeviD_2015__PNP_Main_589__bin.70.fa	/home/jshaw/scratch/2022_sketched_distance/references/SGB_genome_fastas_part4/5116/ZeeviD_2015__PNP_Main_65__bin.27.fa	/home/jshaw/scratch/2022_sketched_distance/references/SGB_genome_fastas_part4/5116/ZeeviD_2015__PNP_Validation_63__bin.18.fa	/home/jshaw/scratch/2022_sketched_distance/references/SGB_genome_fastas_part4/5116/ZellerG_2014__CCIS74239020ST-4-0__bin.25.fa	/home/jshaw/scratch/2022_sketched_distance/references/SGB_genome_fastas_part4/5116/ZellerG_2014__CCIS90903952ST-3-0__bin.20.fa
1.0	0.9988024232103112	0.9838232491554996	0.9843261753302885	0.998090596367818	0.9831385455632983	0.9833318599201298	0.9813902323978733	0.9918829736545587	0.9909104930101972	0.9908558599041843	0.9911160768078828	0.9915956651162162	0.9917584519568947	0.9920683941875134	0.9916368672830873	0.9918829736545587	0.9917396315109711	0.9900052569320555	0.9922527808450611	0.9927668115026657	0.9875693414162516	0.991397009667295	0.9894678242845867	0.9914286082931826	0.9850931662241074	0.9853738742945206	0.9920114523791816	0.991894732468862	0.9919829446627061	0.9922386336951996	0.9916533269379764	0.9911160768078828	0.9907480604216237	0.9906933665926316	0.9824122629622163	0.9915200436591952	0.9913648239343041	0.9910382676318084
0.9988024232103112	1.0	0.9843585189886864	0.9845901561922835	0.9985342668060374	0.9835602117848032	0.9835642721758332	0.9818137705841683	0.9916474076891613	0.9904777422542984	0.9903841236677643	0.9906880674235325	0.9912522890401536	0.9911230279109569	0.9918070375088045	0.991265120094074	0.9914431211215671	0.9915308271658098	0.9894677473288093	0.9916037381646967	0.9923661359467624	0.987244527013917	0.990709115812829	0.989168608511859	0.9909524705818153	0.9847388724703491	0.9854746135017082	0.991560010868651	0.9913126771378937	0.991545422238295	0.9916474076891613	0.9912817196496647	0.9909119391557372	0.9905530122748045	0.9900885164585268	0.9824947943872264	0.9908671400191945	0.9908808837513204	0.9905714417136051
0.9838232491554996	0.9843585189886864	1.0	0.9886417503287087	0.9827900845212607	0.9902674687357309	0.9883407366991189	0.9832650336676042	0.9834684814384849	0.9827257587600725	0.9814343054740271	0.9830035960995692	0.9836150274417997	0.9807226328689188	0.9834474927171141	0.9780007353907131	0.9841536783000053	0.9836150274417997	0.9819438302381842	0.9837817104534173	0.9799242031159286	0.9816049887192246	0.9808258619394423	0.9828114984034232	0.9802840706366833	0.980206848336081	0.9840301571304252	0.9842972009555944	0.9814727244057959	0.9844400985233259	0.9838232491554996	0.9831098324028821	0.9832368630235913	0.984009524971417	0.9795680413873714	0.9860886813211724	0.9808432512360632	0.9821847400904989	0.9824671849791204
0.9843261753302885	0.9845901561922835	0.9886417503287087	1.0	0.9830286238807381	0.9918087406204003	0.9907792039046988	0.983683817580619	0.984033322042398	0.983083726395927	0.9805372135164118	0.9839797939571592	0.984140116870974	0.9712332442541064	0.9839797939571592	0.973439310265774	0.983683817580619	0.9842199854503763	0.9825284859005543	0.9845638534590694	0.9747171766824976	0.9785118226893613	0.9808923449568606	0.9837648036958495	0.9769887786614521	0.9801781809960596	0.9864803250635708	0.9842199854503763	0.9811853694069803	0.9845638534590694	0.9843791416671015	0.9835212427733346	0.9844584312081869	0.9840600533631666	0.9717050882660307	0.9846689381510869	0.9796932498541558	0.9820490157237579	0.9828627581558256
0.998090596367818	0.9985342668060374	0.9827900845212607	0.9830286238807381	1.0	0.9832352685059478	0.9815094861146657	0.9795916130260609	0.9908622002895261	0.9897649709471562	0.9880243878095122	0.9899612691162935	0.990543254007366	0.9891172080890361	0.9910363166671898	0.9879376582966092	0.9908622002895261	0.9909097776699121	0.9889005817323232	0.9911466420662688	0.9889990801415816	0.9855919867921578	0.9882889178574293	0.9881165662377646	0.9888387551049131	0.9827744230078592	0.9848173646128857	0.9910521000138497	0.9890921437922433	0.9910363166671898	0.9912095201327011	0.9906552359493719	0.9900264431913034	0.9900427166180764	0.9883656222170357	0.9805418348799481	0.9886977159471231	0.9887844316877538	0.9889174201018625
0.9831385455632983	0.9835602117848032	0.9902674687357309	0.9918087406204003	0.9832352685059478	1.0	0.9909761674830769	0.9863564531537563	0.9819490098471807	0.9813898044529881	0.982121880507935	0.9821016974833422	0.9818818400493387	0.9818475985017012	0.9817118200832157	0.9821990809534659	0.9817496787055935	0.9820134698708782	0.9807089880680732	0.9820884499371416	0.9839274947568288	0.9844348304150174	0.9829855606587972	0.9825882120340445	0.9822646383868737	0.9840400123895213	0.983678188771454	0.9823309559131407	0.983363310496269	0.9821445724988025	0.9821258756664977	0.9824379725248457	0.9822962503843152	0.9821607960651128	0.9810650991632622	0.9875283287658859	0.9832918191312155	0.9832740573348104	0.9826355450363962
0.9833318599201298	0.9835642721758332	0.9883407366991189	0.9907792039046988	0.9815094861146657	0.9909761674830769	1.0	0.9826245672514818	0.9838180370310557	0.9825290972189977	0.9807107380661327	0.9828620320068281	0.9833085278070864	0.977453525650031	0.9832384316474364	0.9734822384480686	0.9828620320068281	0.9833784743802718	0.9825051861644171	0.983772043799993	0.9757565857533679	0.9788655530458308	0.9802527156130285	0.9830507722720705	0.9769664615329074	0.980278330412714	0.9854759924673994	0.9833784743802718	0.9803039251485853	0.9838869061571545	0.9835642721758332	0.982385368316223	0.9826245672514818	0.9834250226454732	0.9760509195599802	0.9853446392660403	0.9788120353296869	0.9817551472260433	0.9821444092539031
0.9813902323978733	0.9818137705841683	0.9832650336676042	0.983683817580619	0.9795916130260609	0.9863564531537563	0.9826245672514818	1.0	0.9812778576369768	0.9807101178581228	0.9790899583349063	0.9810519431837582	0.9815915393041412	0.9772909253090577	0.980983863403891	0.9774738033779733	0.9813677883080076	0.9811198815267941	0.9786781324961914	0.9813228538779295	0.9785452038136969	0.9790354485880972	0.9787268532591796	0.9804340606222383	0.9779845261412246	0.9793535736872454	0.9831163820365358	0.9825149382273723	0.978039721432615	0.9813902323978733	0.9815245745351961	0.9807101178581228	0.9806183575900836	0.9813902323978733	0.975443000735359	0.9837278835319754	0.9778885363354327	0.9795916130260609	0.9801090186472798
0.9918829736545587	0.9916474076891613	0.9834684814384849	0.984033322042398	0.9908622002895261	0.9819490098471807	0.9838180370310557	0.9812778576369768	1.0	0.9911954386503847	0.9913368747439761	0.9914064127164817	0.9915799084002572	0.9926484427661049	0.992012164276286	0.9921988817685343	0.9914815149886756	0.9912980035200404	0.9918153508883828	0.9921641970775336	0.9920803554656147	0.9873870279048529	0.9916714219316061	0.989733261942844	0.9913740182016639	0.9850101462948171	0.9843248241249335	0.990582534670004	0.9920755676430009	0.9910136728889588	0.9919150509209391	0.9915734599096393	0.99081089653495	0.9901911556509558	0.9912031353530645	0.9822673305544684	0.9922436274979098	0.9923896676061347	0.9919976445802314
0.9909104930101972	0.9904777422542984	0.9827257587600725	0.983083726395927	0.9897649709471562	0.9813898044529881	0.9825290972189977	0.9807101178581228	0.9911954386503847	1.0	0.9985721079607621	0.9990809438352307	0.9998458248725369	0.9910159256898794	0.9907047525056201	0.9906614850280203	0.9907338190711853	0.9902509176965772	0.9896680167816498	0.9908208655872973	0.990437680743364	0.9865642967827035	0.9908082677778977	0.9889463831730069	0.9903756490805787	0.9843383182908093	0.9844820873191416	0.9904859338804533	0.9909754125312794	0.9907192889863262	0.9906611046311095	0.9909177500525506	0.9906034706116907	0.9899993658523769	0.9894056708000121	0.9814691581032557	0.9912981307345764	0.9917785813308719	0.9910073503395469
0.9908558599041843	0.9903841236677643	0.9814343054740271	0.9805372135164118	0.9880243878095122	0.982121880507935	0.9807107380661327	0.9790899583349063	0.9913368747439761	0.9985721079607621	1.0	0.9986232597436492	0.999331253698037	0.9895461955047528	0.9911453084057426	0.98779952748323	0.9911933042167416	0.9910169776387185	0.989470499569794	0.9912252627331578	0.9878773780129719	0.9856776867689339	0.9893405706983389	0.9889783847960673	0.9883034528115635	0.9823715035787457	0.984635015124111	0.9905801429111264	0.9888760975030894	0.9912731426233996	0.9911933042167416	0.9906452249048175	0.9909204013359755	0.9904822787621018	0.9880192532704922	0.9797639094279561	0.9895574096365698	0.9899079342155381	0.9906452249048175
0.9911160768078828	0.9906880674235325	0.9830035960995692	0.9839797939571592	0.9899612691162935	0.9821016974833422	0.9828620320068281	0.9810519431837582	0.9914064127164817	0.9990809438352307	0.9986232597436492	1.0	0.9997781663441409	0.9913574377602046	0.9911908825210567	0.9921018237712879	0.9912197012379711	0.9908576476611347	0.9898217352008843	0.9911620386452078	0.9917679472842782	0.9867719165882204	0.9910384713334252	0.9892160339796598	0.9906932174926049	0.9846129090334881	0.9848176521437658	0.9908867584276739	0.9912791051801555	0.9910174403132298	0.9910319286607284	0.991020607982604	0.9908846626225831	0.9901957775961894	0.9895832466460635	0.981870677430402	0.9916558685265994	0.9921559688281303	0.9914680990882381
0.9915956651162162	0.9912522890401536	0.9836150274417997	0.984140116870974	0.990543254007366	0.9818818400493387	0.9833085278070864	0.9815915393041412	0.9915799084002572	0.9998458248725369	0.999331253698037	0.9997781663441409	1.0	0.9918213276186134	0.990727353440462	0.9921261149879607	0.990698920619824	0.9906553646555691	0.9903843471568641	0.9908942969772163	0.991743793168488	0.9873056743937577	0.9916392561351286	0.9897643499500074	0.9911547514886755	0.9851552937139959	0.984665374884004	0.9903701712555826	0.9917294741533841	0.9907557618024057	0.9906275506181165	0.9916455198700209	0.9913674307252326	0.9904982665854847	0.9901973414171242	0.9823295230101834	0.9921269085175772	0.9926217269405357	0.9919074656492503
0.9917584519568947	0.9911230279109569	0.9807226328689188	0.9712332442541064	0.9891172080890361	0.9818475985017012	0.977453525650031	0.9772909253090577	0.9926484427661049	0.9910159256898794	0.9895461955047528	0.9913574377602046	0.9918213276186134	1.0	0.9915479984767819	0.9733532831420499	0.9921960912058891	0.9913786655170861	0.9911016352266303	0.9925461773708416	0.9733057498820825	0.9824098416648328	0.9887285880554696	0.9891172080890361	0.9843838402813152	0.9806050330414638	0.9841203527322804	0.9903221222878054	0.9879843975132097	0.9910373739306072	0.991737466800579	0.9904533257208739	0.9903877891846039	0.9901903952960381	0.9819890671820446	0.9805165546807555	0.988031405224709	0.9898142880716172	0.9900802197863176
0.9920683941875134	0.9918070375088045	0.9834474927171141	0.9839797939571592	0.9910363166671898	0.9817118200832157	0.9832384316474364	0.980983863403891	0.992012164276286	0.9907047525056201	0.9911453084057426	0.9911908825210567	0.990727353440462	0.9915479984767819	1.0	0.9911652771283297	0.9918665558541433	0.990927009820645	0.9906247000244682	0.9962023871086959	0.9924844862467078	0.9872241192794874	0.9913483465630983	0.9893893461257492	0.9910445700237398	0.9850516824978326	0.9842837977236774	0.9898328951713211	0.991993492415005	0.9909921945131966	0.9974052056544662	0.9913853654123281	0.9910756870154624	0.9899108094586335	0.9909279875864982	0.9819545837071946	0.9917911375682799	0.9911559862938338	0.9913305478082926
0.9916368672830873	0.991265120094074	0.9780007353907131	0.973439310265774	0.9879376582966092	0.9821990809534659	0.9734822384480686	0.9774738033779733	0.9921988817685343	0.9906614850280203	0.98779952748323	0.9921018237712879	0.9921261149879607	0.9733532831420499	0.9911652771283297	1.0	0.9911902661694634	0.9912900337657887	0.9898390793622998	0.9910651315235757	0.9893673069871007	0.9782239816859509	0.9869299317115473	0.9883486083523901	0.982945664649284	0.9765501764450866	0.9847864938318167	0.9913895010377313	0.985654807821468	0.9919312837883685	0.9913149286673126	0.9912900337657887	0.9912152363248102	0.9900982891742779	0.975113648417159	0.9777759497475619	0.9862695622068582	0.9889956496124956	0.9899689387821935
0.9918829736545587	0.9914431211215671	0.9841536783000053	0.983683817580619	0.9908622002895261	0.9817496787055935	0.9828620320068281	0.9813677883080076	0.9914815149886756	0.9907338190711853	0.9911933042167416	0.9912197012379711	0.990698920619824	0.9921960912058891	0.9918665558541433	0.9911902661694634	1.0	0.990884266736936	0.9906994529033754	0.9920097481313838	0.9915499222222715	0.9868545989352652	0.9910875926366389	0.9892949251621539	0.9908045752421468	0.9846969383471396	0.9840737790786406	0.9901801991819433	0.9923856089779356	0.9904708031339516	0.9920248134475096	0.9912545161444968	0.9908551759546422	0.9899848159816647	0.9906076349040666	0.9824947943872264	0.9916049995863628	0.9919678134812554	0.9911770384940292
0.9917396315109711	0.9915308271658098	0.9836150274417997	0.9842199854503763	0.9909097776699121	0.9820134698708782	0.9833784743802718	0.9811198815267941	0.9912980035200404	0.9902509176965772	0.9910169776387185	0.9908576476611347	0.9906553646555691	0.9913786655170861	0.990927009820645	0.9912900337657887	0.990884266736936	1.0	0.9897603337530432	0.9911257494922326	0.9921520324231856	0.9875491341529006	0.9914617825368514	0.989073552438763	0.9909709110242961	0.984926915917417	0.9841789564641907	0.9908700067417836	0.991861746824452	0.9911257494922326	0.9910832629569447	0.9917461406298207	0.9911049775863415	0.9898514844998265	0.9904355008389485	0.9822258031918789	0.9919594492511427	0.991396835975786	0.9915138225833392
0.9900052569320555	0.9894677473288093	0.9819438302381842	0.9825284859005543	0.9889005817323232	0.9807089880680732	0.9825051861644171	0.9786781324961914	0.9918153508883828	0.9896680167816498	0.989470499569794	0.9898217352008843	0.9903843471568641	0.9911016352266303	0.9906247000244682	0.9898390793622998	0.9906994529033754	0.9897603337530432	1.0	0.9906695720550869	0.9887619090071093	0.9853551525316805	0.989392282909521	0.9880912607430005	0.9897694563006563	0.9828854710786814	0.9836493778045569	0.9895599861124837	0.9905145730840156	0.9908187066621754	0.9906546214855367	0.9900205044374186	0.9892181390908558	0.9893272934418473	0.9955242258100925	0.9803003263482126	0.9907802629478579	0.990587079389844	0.9902090182726954
0.9922527808450611	0.9916037381646967	0.9837817104534173	0.9845638534590694	0.9911466420662688	0.9820884499371416	0.983772043799993	0.9813228538779295	0.9921641970775336	0.9908208655872973	0.9912252627331578	0.9911620386452078	0.9908942969772163	0.9925461773708416	0.9962023871086959	0.9910651315235757	0.9920097481313838	0.9911257494922326	0.9906695720550869	1.0	0.9922473606896348	0.9878509484534167	0.9917516997541432	0.9899038846196795	0.9912828338333496	0.9853203946871907	0.9847342784045667	0.9904085831509226	0.9924342983018528	0.9912890019652002	0.9955681534602833	0.9918893553758825	0.9911926938088934	0.9903377553329218	0.9906505285706749	0.9823709191190145	0.9918417211019135	0.991620056226805	0.9911924215595017
0.9927668115026657	0.9923661359467624	0.9799242031159286	0.9747171766824976	0.9889990801415816	0.9839274947568288	0.9757565857533679	0.9785452038136969	0.9920803554656147	0.990437680743364	0.9878773780129719	0.9917679472842782	0.991743793168488	0.9733057498820825	0.9924844862467078	0.9893673069871007	0.9915499222222715	0.9921520324231856	0.9887619090071093	0.9922473606896348	1.0	0.9793302498497668	0.9876593207375737	0.989571749261287	0.9832464642782496	0.9787611872636206	0.9867442450258253	0.9921758902618408	0.9861483847210026	0.9920324843721836	0.9925081055834811	0.9920324843721836	0.9915012762862879	0.9910108372061134	0.9750807455088717	0.9803712248953768	0.9866879593318041	0.9881748684307978	0.9903369778125891
0.9875693414162516	0.987244527013917	0.9816049887192246	0.9785118226893613	0.9855919867921578	0.9844348304150174	0.9788655530458308	0.9790354485880972	0.9873870279048529	0.9865642967827035	0.9856776867689339	0.9867719165882204	0.9873056743937577	0.9824098416648328	0.9872241192794874	0.9782239816859509	0.9868545989352652	0.9875491341529006	0.9853551525316805	0.9878509484534167	0.9793302498497668	1.0	0.985527564782636	0.9871218903298961	0.981437503168654	0.9821575188654768	0.9859970855608958	0.9876097187686438	0.983919689649027	0.9871423615435894	0.987244527013917	0.9866682705168011	0.986730497344782	0.9869782340941224	0.9803691363270676	0.98153222690215	0.9830040539651429	0.9860394384842049	0.9865017543859422
0.991397009667295	0.990709115812829	0.9808258619394423	0.9808923449568606	0.9882889178574293	0.9829855606587972	0.9802527156130285	0.9787268532591796	0.9916714219316061	0.9908082677778977	0.9893405706983389	0.9910384713334252	0.9916392561351286	0.9887285880554696	0.9913483465630983	0.9869299317115473	0.9910875926366389	0.9914617825368514	0.989392282909521	0.9917516997541432	0.9876593207375737	0.985527564782636	1.0	0.9890459930819747	0.9881632392868316	0.9823940185114753	0.9852302009436988	0.9914456012174286	0.9891280142589098	0.9924498647682335	0.9915587044333741	0.9914941214271076	0.9921660309851472	0.9903095035656202	0.987504563440731	0.9799846796386128	0.9889193523873702	0.9887487596039636	0.990225638683692
0.9894678242845867	0.989168608511859	0.9828114984034232	0.9837648036958495	0.9881165662377646	0.9825882120340445	0.9830507722720705	0.9804340606222383	0.989733261942844	0.9889463831730069	0.9889783847960673	0.9892160339796598	0.9897643499500074	0.9891172080890361	0.9893893461257492	0.9883486083523901	0.9892949251621539	0.989073552438763	0.9880912607430005	0.9899038846196795	0.989571749261287	0.9871218903298961	0.9890459930819747	1.0	0.9884828548793467	0.984843474004341	0.9855432774425454	0.989073552438763	0.9886586258341389	0.9892633913345795	0.9896865749351647	0.9884003721436279	0.9886262968614399	0.9882868261773355	0.9883885845027708	0.9817233218330539	0.9893400351260452	0.9891632015862943	0.9892933002064087
0.9914286082931826	0.9909524705818153	0.9802840706366833	0.9769887786614521	0.9888387551049131	0.9822646383868737	0.9769664615329074	0.9779845261412246	0.9913740182016639	0.9903756490805787	0.9883034528115635	0.9906932174926049	0.9911547514886755	0.9843838402813152	0.9910445700237398	0.982945664649284	0.9908045752421468	0.9909709110242961	0.9897694563006563	0.9912828338333496	0.9832464642782496	0.981437503168654	0.9881632392868316	0.9884828548793467	1.0	0.9803860004938135	0.9852037348287971	0.9912645667257544	0.9870402800432763	0.9911913971373566	0.9911913971373566	0.9904693690456174	0.9903380864710416	0.9900549960771919	0.9845201007427826	0.9800021127830475	0.9875350160188094	0.9883234346855047	0.9897503321679954
0.9850931662241074	0.9847388724703491	0.980206848336081	0.9801781809960596	0.9827744230078592	0.9840400123895213	0.980278330412714	0.9793535736872454	0.9850101462948171	0.9843383182908093	0.9823715035787457	0.9846129090334881	0.9851552937139959	0.9806050330414638	0.9850516824978326	0.9765501764450866	0.9846969383471396	0.984926915917417	0.9828854710786814	0.9853203946871907	0.9787611872636206	0.9821575188654768	0.9823940185114753	0.984843474004341	0.9803860004938135	1.0	0.9888500356761777	0.9853203946871907	0.9812022086001754	0.9848643543738747	0.9852585790466537	0.9845708135630727	0.984295868866968	0.9845918680473783	0.9796580284072461	0.98279666275584	0.9812255422248928	0.9824839237623865	0.9836740981917711
0.9853738742945206	0.9854746135017082	0.9840301571304252	0.9864803250635708	0.9848173646128857	0.983678188771454	0.9854759924673994	0.9831163820365358	0.9843248241249335	0.9844820873191416	0.984635015124111	0.9848176521437658	0.984665374884004	0.9841203527322804	0.9842837977236774	0.9847864938318167	0.9840737790786406	0.9841789564641907	0.9836493778045569	0.9847342784045667	0.9867442450258253	0.9859970855608958	0.9852302009436988	0.9855432774425454	0.9852037348287971	0.9888500356761777	1.0	0.9846136021518591	0.9855128815203984	0.9848716530512999	0.9845790415699184	0.9848602112346269	0.9846938650500616	0.983878248094922	0.9832567167755651	0.9842011697169855	0.985508909350403	0.9849115798583018	0.9852236683215408
0.9920114523791816	0.991560010868651	0.9842972009555944	0.9842199854503763	0.9910521000138497	0.9823309559131407	0.9833784743802718	0.9825149382273723	0.990582534670004	0.9904859338804533	0.9905801429111264	0.9908867584276739	0.9903701712555826	0.9903221222878054	0.9898328951713211	0.9913895010377313	0.9901801991819433	0.9908700067417836	0.9895599861124837	0.9904085831509226	0.9921758902618408	0.9876097187686438	0.9914456012174286	0.989073552438763	0.9912645667257544	0.9853203946871907	0.9846136021518591	1.0	0.9915133957815861	0.9899435281064445	0.9902976445041609	0.9921172164604659	0.9910610319856022	0.9903084874361067	0.9894945782277791	0.9832686431344069	0.9911091871676827	0.9908646296765676	0.9906653362920681
0.991894732468862	0.9913126771378937	0.9814727244057959	0.9811853694069803	0.9890921437922433	0.983363310496269	0.9803039251485853	0.978039721432615	0.9920755676430009	0.9909754125312794	0.9888760975030894	0.9912791051801555	0.9917294741533841	0.9879843975132097	0.991993492415005	0.985654807821468	0.9923856089779356	0.991861746824452	0.9905145730840156	0.9924342983018528	0.9861483847210026	0.983919689649027	0.9891280142589098	0.9886586258341389	0.9870402800432763	0.9812022086001754	0.9855128815203984	0.9915133957815861	1.0	0.996931486939872	0.9923531095692433	0.991861746824452	0.9921901318144668	0.9913964581121484	0.9876926556155406	0.9804147815281884	0.987528220444641	0.9892175200649163	0.9901168681566797
0.9919829446627061	0.991545422238295	0.9844400985233259	0.9845638534590694	0.9910363166671898	0.9821445724988025	0.9838869061571545	0.9813902323978733	0.9910136728889588	0.9907192889863262	0.9912731426233996	0.9910174403132298	0.9907557618024057	0.9910373739306072	0.9909921945131966	0.9919312837883685	0.9904708031339516	0.9911257494922326	0.9908187066621754	0.9912890019652002	0.9920324843721836	0.9871423615435894	0.9924498647682335	0.9892633913345795	0.9911913971373566	0.9848643543738747	0.9848716530512999	0.9899435281064445	0.996931486939872	1.0	0.9914033456382074	0.9923153150888258	0.9921566960336694	0.9906000053047486	0.9911398428074928	0.9825771183510459	0.9915540522387519	0.9916518221242513	0.9913917524048289
0.9922386336951996	0.9916474076891613	0.9838232491554996	0.9843791416671015	0.9912095201327011	0.9821258756664977	0.9835642721758332	0.9815245745351961	0.9919150509209391	0.9906611046311095	0.9911933042167416	0.9910319286607284	0.9906275506181165	0.991737466800579	0.9974052056544662	0.9913149286673126	0.9920248134475096	0.9910832629569447	0.9906546214855367	0.9955681534602833	0.9925081055834811	0.987244527013917	0.9915587044333741	0.9896865749351647	0.9911913971373566	0.9852585790466537	0.9845790415699184	0.9902976445041609	0.9923531095692433	0.9914033456382074	1.0	0.9915156986135818	0.9911926938088934	0.9900881470746542	0.9906933665926316	0.9823088053141386	0.9918080073469965	0.9911398670528759	0.9912231662204873
0.9916533269379764	0.9912817196496647	0.9831098324028821	0.9835212427733346	0.9906552359493719	0.9824379725248457	0.982385368316223	0.9807101178581228	0.9915734599096393	0.9909177500525506	0.9906452249048175	0.991020607982604	0.9916455198700209	0.9904533257208739	0.9913853654123281	0.9912900337657887	0.9912545161444968	0.9917461406298207	0.9900205044374186	0.9918893553758825	0.9920324843721836	0.9866682705168011	0.9914941214271076	0.9884003721436279	0.9904693690456174	0.9845708135630727	0.9848602112346269	0.9921172164604659	0.991861746824452	0.9923153150888258	0.9915156986135818	1.0	0.9910756870154624	0.9916311204401548	0.9899136466517011	0.9819126574560986	0.9906931567378053	0.9909295980383976	0.9905871093629398
0.9911160768078828	0.9909119391557372	0.9832368630235913	0.9844584312081869	0.9900264431913034	0.9822962503843152	0.9826245672514818	0.9806183575900836	0.99081089653495	0.9906034706116907	0.9909204013359755	0.9908846626225831	0.9913674307252326	0.9903877891846039	0.9910756870154624	0.9912152363248102	0.9908551759546422	0.9911049775863415	0.9892181390908558	0.9911926938088934	0.9915012762862879	0.986730497344782	0.9921660309851472	0.9886262968614399	0.9903380864710416	0.984295868866968	0.9846938650500616	0.9910610319856022	0.9921901318144668	0.9921566960336694	0.9911926938088934	0.9910756870154624	1.0	0.9907665576700234	0.9900230488237824	0.9818286434896771	0.9910747173981603	0.9905378568466102	0.9908989113647214
0.9907480604216237	0.9905530122748045	0.984009524971417	0.9840600533631666	0.9900427166180764	0.9821607960651128	0.9834250226454732	0.9813902323978733	0.9901911556509558	0.9899993658523769	0.9904822787621018	0.9901957775961894	0.9904982665854847	0.9901903952960381	0.9899108094586335	0.9900982891742779	0.9899848159816647	0.9898514844998265	0.9893272934418473	0.9903377553329218	0.9910108372061134	0.9869782340941224	0.9903095035656202	0.9882868261773355	0.9900549960771919	0.9845918680473783	0.983878248094922	0.9903084874361067	0.9913964581121484	0.9906000053047486	0.9900881470746542	0.9916311204401548	0.9907665576700234	1.0	0.9897378451742118	0.9826592359113114	0.9903952649943073	0.9907506266234717	0.9902090182726954
0.9906933665926316	0.9900885164585268	0.9795680413873714	0.9717050882660307	0.9883656222170357	0.9810650991632622	0.9760509195599802	0.975443000735359	0.9912031353530645	0.9894056708000121	0.9880192532704922	0.9895832466460635	0.9901973414171242	0.9819890671820446	0.9909279875864982	0.975113648417159	0.9906076349040666	0.9904355008389485	0.9955242258100925	0.9906505285706749	0.9750807455088717	0.9803691363270676	0.987504563440731	0.9883885845027708	0.9845201007427826	0.9796580284072461	0.9832567167755651	0.9894945782277791	0.9876926556155406	0.9911398428074928	0.9906933665926316	0.9899136466517011	0.9900230488237824	0.9897378451742118	1.0	0.9790838762122934	0.9877863002495323	0.9886401190843385	0.9897598716549255
0.9824122629622163	0.9824947943872264	0.9860886813211724	0.9846689381510869	0.9805418348799481	0.9875283287658859	0.9853446392660403	0.9837278835319754	0.9822673305544684	0.9814691581032557	0.9797639094279561	0.981870677430402	0.9823295230101834	0.9805165546807555	0.9819545837071946	0.9777759497475619	0.9824947943872264	0.9822258031918789	0.9803003263482126	0.9823709191190145	0.9803712248953768	0.98153222690215	0.9799846796386128	0.9817233218330539	0.9800021127830475	0.98279666275584	0.9842011697169855	0.9832686431344069	0.9804147815281884	0.9825771183510459	0.9823088053141386	0.9819126574560986	0.9818286434896771	0.9826592359113114	0.9790838762122934	1.0	0.980866784509328	0.9813772728790798	0.9811701163335332
0.9915200436591952	0.9908671400191945	0.9808432512360632	0.9796932498541558	0.9886977159471231	0.9832918191312155	0.9788120353296869	0.9778885363354327	0.9922436274979098	0.9912981307345764	0.9895574096365698	0.9916558685265994	0.9921269085175772	0.988031405224709	0.9917911375682799	0.9862695622068582	0.9916049995863628	0.9919594492511427	0.9907802629478579	0.9918417211019135	0.9866879593318041	0.9830040539651429	0.9889193523873702	0.9893400351260452	0.9875350160188094	0.9812255422248928	0.985508909350403	0.9911091871676827	0.987528220444641	0.9915540522387519	0.9918080073469965	0.9906931567378053	0.9910747173981603	0.9903952649943073	0.9877863002495323	0.980866784509328	1.0	0.989737467140559	0.9913665704887045
0.9913648239343041	0.9908808837513204	0.9821847400904989	0.9820490157237579	0.9887844316877538	0.9832740573348104	0.9817551472260433	0.9795916130260609	0.9923896676061347	0.9917785813308719	0.9899079342155381	0.9921559688281303	0.9926217269405357	0.9898142880716172	0.9911559862938338	0.9889956496124956	0.9919678134812554	0.991396835975786	0.990587079389844	0.991620056226805	0.9881748684307978	0.9860394384842049	0.9887487596039636	0.9891632015862943	0.9883234346855047	0.9824839237623865	0.9849115798583018	0.9908646296765676	0.9892175200649163	0.9916518221242513	0.9911398670528759	0.9909295980383976	0.9905378568466102	0.9907506266234717	0.9886401190843385	0.9813772728790798	0.989737467140559	1.0	0.9903732496867167
0.9910382676318084	0.9905714417136051	0.9824671849791204	0.9828627581558256	0.9889174201018625	0.9826355450363962	0.9821444092539031	0.9801090186472798	0.9919976445802314	0.9910073503395469	0.9906452249048175	0.9914680990882381	0.9919074656492503	0.9900802197863176	0.9913305478082926	0.9899689387821935	0.9911770384940292	0.9915138225833392	0.9902090182726954	0.9911924215595017	0.9903369778125891	0.9865017543859422	0.990225638683692	0.9892933002064087	0.9897503321679954	0.9836740981917711	0.9852236683215408	0.9906653362920681	0.9901168681566797	0.9913917524048289	0.9912231662204873	0.9905871093629398	0.9908989113647214	0.9902090182726954	0.9897598716549255	0.9811701163335332	0.9913665704887045	0.9903732496867167	1.0
