/home/jshaw/scratch/2022_sketched_distance/references/SGB_genome_fastas_part2/2016/CM_periimplantitis__SP_125SPI_T016__bin.1.fa	/home/jshaw/scratch/2022_sketched_distance/references/SGB_genome_fastas_part2/2016/CM_periimplantitis__SP_162SPI_T016__bin.21.fa	/home/jshaw/scratch/2022_sketched_distance/references/SGB_genome_fastas_part2/2016/CM_periimplantitis__SP_163SPI_T016__bin.7.fa	/home/jshaw/scratch/2022_sketched_distance/references/SGB_genome_fastas_part2/2016/CM_periimplantitis__SP_163SPT_T016__bin.16.fa	/home/jshaw/scratch/2022_sketched_distance/references/SGB_genome_fastas_part2/2016/CM_periimplantitis__SP_184SPT_T016__bin.6.fa	/home/jshaw/scratch/2022_sketched_distance/references/SGB_genome_fastas_part2/2016/CM_periimplantitis__SP_189SPI_T016__bin.27.fa	/home/jshaw/scratch/2022_sketched_distance/references/SGB_genome_fastas_part2/2016/CM_periimplantitis__SP_281SPI_T016__bin.16.fa	/home/jshaw/scratch/2022_sketched_distance/references/SGB_genome_fastas_part2/2016/CM_periimplantitis__SP_304SPI_T016__bin.3.fa	/home/jshaw/scratch/2022_sketched_distance/references/SGB_genome_fastas_part2/2016/CM_periimplantitis__SP_326SPI_T016__bin.2.fa	/home/jshaw/scratch/2022_sketched_distance/references/SGB_genome_fastas_part2/2016/CM_periimplantitis__SP_383SPI_T016__bin.1.fa	/home/jshaw/scratch/2022_sketched_distance/references/SGB_genome_fastas_part2/2016/CM_periimplantitis__SP_384SPI_T016__bin.17.fa	/home/jshaw/scratch/2022_sketched_distance/references/SGB_genome_fastas_part2/2016/CM_periimplantitis__SP_403SPT_T016__bin.5.fa	/home/jshaw/scratch/2022_sketched_distance/references/SGB_genome_fastas_part2/2016/CM_periimplantitis__SP_502SPI_T016__bin.8.fa	/home/jshaw/scratch/2022_sketched_distance/references/SGB_genome_fastas_part2/2016/HMP_2012__SRS011255__bin.17.fa	/home/jshaw/scratch/2022_sketched_distance/references/SGB_genome_fastas_part2/2016/HMP_2012__SRS014476__bin.20.fa	/home/jshaw/scratch/2022_sketched_distance/references/SGB_genome_fastas_part2/2016/HMP_2012__SRS014691__bin.18.fa	/home/jshaw/scratch/2022_sketched_distance/references/SGB_genome_fastas_part2/2016/HMP_2012__SRS017227__bin.13.fa	/home/jshaw/scratch/2022_sketched_distance/references/SGB_genome_fastas_part2/2016/HMP_2012__SRS017691__bin.11.fa	/home/jshaw/scratch/2022_sketched_distance/references/SGB_genome_fastas_part2/2016/HMP_2012__SRS018975__bin.28.fa	/home/jshaw/scratch/2022_sketched_distance/references/SGB_genome_fastas_part2/2016/HMP_2012__SRS019029__bin.28.fa	/home/jshaw/scratch/2022_sketched_distance/references/SGB_genome_fastas_part2/2016/HMP_2012__SRS023595__bin.34.fa	/home/jshaw/scratch/2022_sketched_distance/references/SGB_genome_fastas_part2/2016/HMP_2012__SRS023964__bin.24.fa	/home/jshaw/scratch/2022_sketched_distance/references/SGB_genome_fastas_part2/2016/HMP_2012__SRS043018__bin.6.fa	/home/jshaw/scratch/2022_sketched_distance/references/SGB_genome_fastas_part2/2016/HMP_2012__SRS047113__bin.66.fa	/home/jshaw/scratch/2022_sketched_distance/references/SGB_genome_fastas_part2/2016/HMP_2012__SRS049268__bin.23.fa	/home/jshaw/scratch/2022_sketched_distance/references/SGB_genome_fastas_part2/2016/HMP_2012__SRS049318__bin.7.fa	/home/jshaw/scratch/2022_sketched_distance/references/SGB_genome_fastas_part2/2016/HMP_2012__SRS058053__bin.29.fa	/home/jshaw/scratch/2022_sketched_distance/references/SGB_genome_fastas_part2/2016/HMP_2012__SRS058808__bin.36.fa	/home/jshaw/scratch/2022_sketched_distance/references/SGB_genome_fastas_part2/2016/HMP_2012__SRS063603__bin.50.fa	/home/jshaw/scratch/2022_sketched_distance/references/SGB_genome_fastas_part2/2016/HMP_2012__SRS064449__bin.43.fa	/home/jshaw/scratch/2022_sketched_distance/references/SGB_genome_fastas_part2/2016/LiJ_2014__V1.FI17__bin.68.fa
1.0	0.9633368098589297	0.9746263733514556	0.9732905001870005	0.9754336360281756	0.9756694019122246	0.9754212027931703	0.9738997799058495	0.9738483587205131	0.9643551669705237	0.9745010138019263	0.9750965233059077	0.9747669824107613	0.9750062620480506	0.9724752598396921	0.975153510839265	0.964787634976213	0.9743841837451713	0.9614935670820636	0.9754367874061185	0.9738544039393169	0.9680396525506644	0.9664604738470025	0.9646379176707669	0.9687651436067445	0.9610721308136256	0.9755592632501606	0.9753144832383217	0.9694633859539206	0.9676618761514733	0.9608806924699818
0.9633368098589297	1.0	0.9652010205062433	0.9644801885770764	0.9652241575996882	0.9668219553277809	0.9649056348911245	0.9645164134749864	0.9636743320775651	0.9584003842039207	0.9651705374004784	0.9650940115162034	0.9649833406453634	0.9644212963765206	0.9654535616255613	0.9650371349368017	0.9634639857031848	0.9656122437499304	0.9655397428639275	0.9653333218078515	0.9645765183446978	0.9705474065107997	0.9696259488779227	0.9633754917549914	0.9697903401585668	0.9604905853612926	0.964510369158712	0.9642822365708366	0.9883292910789488	0.9703790454411508	0.9618872021824687
0.9746263733514556	0.9652010205062433	1.0	0.9978866456502783	0.9744226709548289	0.9756544229675673	0.9763474565288006	0.9765242143410541	0.9757674462523607	0.9639859065054732	0.9750510924031482	0.976383470796533	0.9769068792489286	0.9746736870633005	0.9734174482277818	0.9758421759260708	0.967119676603391	0.9758412155526204	0.9628549910852012	0.9761646244287211	0.9747280092406525	0.969722517284254	0.9683026288816284	0.9668638223717158	0.9700103112523941	0.9608563261222761	0.975366862721585	0.9759188580193149	0.9715770504287737	0.9693350127795307	0.9625268378057964
0.9732905001870005	0.9644801885770764	0.9978866456502783	1.0	0.9736627124342478	0.9747927621457312	0.9751047362773179	0.9750669079637825	0.9745916960122063	0.9632662468997673	0.9737617069760222	0.9753783353314573	0.9759298925390438	0.9731584554865794	0.9726935068407395	0.9744144208985932	0.9654109359657954	0.9746464504153322	0.9629459657050171	0.9746677629065593	0.9743051035614358	0.9680786220706111	0.9677836568185528	0.9651059083461259	0.9688403864870146	0.9606808561506888	0.9747062055904828	0.9746549951486082	0.9703129790356274	0.9688949772939154	0.9629169200465397
0.9754336360281756	0.9652241575996882	0.9744226709548289	0.9736627124342478	1.0	0.976928553586189	0.9742016790749702	0.9750022545113427	0.976685787097765	0.9648612133278409	0.9945681602296026	0.976855323990818	0.9749974593541691	0.9789804675649666	0.97341720197791	0.9744113422810068	0.9647237404673421	0.975680765672199	0.9630756942957787	0.9750348481166464	0.9759435251396731	0.969291902092926	0.9687671284252577	0.964521480750918	0.9696660373521778	0.9626660102734897	0.9763820866078328	0.9758021458346376	0.9709537394121717	0.9695687548893237	0.9626358997804098
0.9756694019122246	0.9668219553277809	0.9756544229675673	0.9747927621457312	0.976928553586189	1.0	0.9771821321204404	0.9759398969979163	0.9784649208620307	0.964559679198802	0.9768193828838896	0.9769602451087264	0.9768320284565423	0.9783490386081383	0.9742494111120674	0.9771750832142745	0.9667682001786194	0.9776120487235613	0.963569286483988	0.9775468100033685	0.9965130381579036	0.9705533738671555	0.9688377278648769	0.9666503172994424	0.9712643661305402	0.9617967839802815	0.975590600982715	0.9765251758891568	0.971892570795609	0.9698690094682955	0.961663730549041
0.9754212027931703	0.9649056348911245	0.9763474565288006	0.9751047362773179	0.9742016790749702	0.9771821321204404	1.0	0.9750668299060578	0.9761541375635956	0.9652563396874391	0.974539259177041	0.9765803118329909	0.9763149447151366	0.9758976005385707	0.9730905481504132	0.9756366638586659	0.967155276708527	0.9757826463561884	0.9624699402590402	0.9760959241324337	0.9765129717009107	0.9694494743526231	0.967560800473285	0.9670382316434731	0.9701028228362756	0.9609169868150667	0.9754971435557898	0.9768605714555499	0.9716998798373472	0.9689590674003529	0.9619311290132514
0.9738997799058495	0.9645164134749864	0.9765242143410541	0.9750669079637825	0.9750022545113427	0.9759398969979163	0.9750668299060578	1.0	0.9742420435278909	0.9626647712311253	0.9749230546471386	0.9756485736153198	0.9758564729297737	0.9744435669374006	0.9728073190017523	0.9752049762283739	0.9659320723575247	0.9760823261435223	0.9624044313516825	0.9756534410502794	0.974604793070199	0.9695568179944797	0.9673758909105478	0.9658261613020334	0.9683537349450754	0.9619848491314315	0.9748728555207725	0.9761598792498958	0.9704036942160851	0.9693349373136559	0.9633374083991044
0.9738483587205131	0.9636743320775651	0.9757674462523607	0.9745916960122063	0.976685787097765	0.9784649208620307	0.9761541375635956	0.9742420435278909	1.0	0.9636757696060432	0.97698629573208	0.9755573880337978	0.9756920237221582	0.9775737165131609	0.9719011044944906	0.9759629612354535	0.9675055502747574	0.9748638291192604	0.9619574307917202	0.9763897617047355	0.9771295105781316	0.9695316545129843	0.9683712055825777	0.9672020044317037	0.9707353379964158	0.9609608245369995	0.9753782543331938	0.9760674936546	0.970249097065135	0.9687145932077221	0.9601955943620385
0.9643551669705237	0.9584003842039207	0.9639859065054732	0.9632662468997673	0.9648612133278409	0.964559679198802	0.9652563396874391	0.9626647712311253	0.9636757696060432	1.0	0.9649402285853678	0.9648829735732883	0.9652263701205354	0.9644539042835907	0.9638830289620692	0.966199916025822	0.9528564899502754	0.9639467555760421	0.9538502590004602	0.9664408170262924	0.9629630549480322	0.958461413098982	0.9583853379994165	0.9526928281516919	0.9587860454629626	0.9558248998883941	0.9639811786203621	0.9650283058715665	0.9597745254223206	0.9587401006428363	0.9546401611813518
0.9745010138019263	0.9651705374004784	0.9750510924031482	0.9737617069760222	0.9945681602296026	0.9768193828838896	0.974539259177041	0.9749230546471386	0.97698629573208	0.9649402285853678	1.0	0.9759125086393945	0.9745939965278989	0.978890555426117	0.9724374212158362	0.9740134212738024	0.9647767103263791	0.9751931954423897	0.9624270630712545	0.9745393059805214	0.9751971611474857	0.9693391485076248	0.9684422472077955	0.9646230601588248	0.9693744301869407	0.9611480705846351	0.9756523816793439	0.9757440323694482	0.9703587533525777	0.9686673007481591	0.9618784914201074
0.9750965233059077	0.9650940115162034	0.976383470796533	0.9753783353314573	0.976855323990818	0.9769602451087264	0.9765803118329909	0.9756485736153198	0.9755573880337978	0.9648829735732883	0.9759125086393945	1.0	0.9766968370483761	0.9757496996453348	0.9741261971229142	0.9758428056005203	0.9661452035333348	0.9772647160478716	0.9630097698253707	0.9761637736115824	0.9753273046267421	0.9695865032520852	0.9682491224110293	0.9659912017678721	0.9704825679689348	0.9607586174180491	0.9796818470670419	0.9782524464903523	0.9724214643976997	0.968961336123457	0.9616173816959472
0.9747669824107613	0.9649833406453634	0.9769068792489286	0.9759298925390438	0.9749974593541691	0.9768320284565423	0.9763149447151366	0.9758564729297737	0.9756920237221582	0.9652263701205354	0.9745939965278989	0.9766968370483761	1.0	0.9756372822427878	0.9733012639751351	0.976244353839807	0.9667814820935022	0.9772135875350452	0.9632442188615227	0.9763455119767493	0.9755383878867797	0.9699454454940648	0.9685416462957898	0.9666184890889747	0.9700731829789188	0.9613611490716185	0.9761719886404739	0.977456732072218	0.9721673218386385	0.9689774287238457	0.9622644155535092
0.9750062620480506	0.9644212963765206	0.9746736870633005	0.9731584554865794	0.9789804675649666	0.9783490386081383	0.9758976005385707	0.9744435669374006	0.9775737165131609	0.9644539042835907	0.978890555426117	0.9757496996453348	0.9756372822427878	1.0	0.9723945938702396	0.9758335716780767	0.9658483930219731	0.97614461696119	0.962778944325683	0.9767262342747587	0.9769715499232147	0.969589466340766	0.9682463806016435	0.9657441015477018	0.9697773370299777	0.9613118336048372	0.9747976172747252	0.9759800514474307	0.9706373420043125	0.96909900345385	0.9611941883899437
0.9724752598396921	0.9654535616255613	0.9734174482277818	0.9726935068407395	0.97341720197791	0.9742494111120674	0.9730905481504132	0.9728073190017523	0.9719011044944906	0.9638830289620692	0.9724374212158362	0.9741261971229142	0.9733012639751351	0.9723945938702396	1.0	0.973961508629401	0.9650654213179146	0.9907930942851906	0.9646371473137343	0.9746951165076136	0.9734222562678394	0.9695275200496327	0.96896829785607	0.9646958948014481	0.9689737745590817	0.9591987367081322	0.9732877465335358	0.9736764536171342	0.969948153417548	0.9697784475648704	0.960987831734848
0.975153510839265	0.9650371349368017	0.9758421759260708	0.9744144208985932	0.9744113422810068	0.9771750832142745	0.9756366638586659	0.9752049762283739	0.9759629612354535	0.966199916025822	0.9740134212738024	0.9758428056005203	0.976244353839807	0.9758335716780767	0.973961508629401	1.0	0.9660023431398493	0.9768223470970647	0.9639059706510178	0.9984792244528806	0.9755474406609042	0.9701373340993139	0.9690506924253954	0.965645584112355	0.9717386952698004	0.9599822003061034	0.9755542965120562	0.9772162922622306	0.9709258987678306	0.9699101346488583	0.9624680800424201
0.964787634976213	0.9634639857031848	0.967119676603391	0.9654109359657954	0.9647237404673421	0.9667682001786194	0.967155276708527	0.9659320723575247	0.9675055502747574	0.9528564899502754	0.9647767103263791	0.9661452035333348	0.9667814820935022	0.9658483930219731	0.9650654213179146	0.9660023431398493	1.0	0.9681791781255851	0.9633198872410808	0.9660338130092961	0.9660183663219277	0.9704072152273582	0.9690873501973054	0.9993495226565696	0.9703940874946932	0.9622437617370945	0.9658245601645531	0.9667959353786356	0.9697996130732978	0.9698154061996994	0.9653039625510272
0.9743841837451713	0.9656122437499304	0.9758412155526204	0.9746464504153322	0.975680765672199	0.9776120487235613	0.9757826463561884	0.9760823261435223	0.9748638291192604	0.9639467555760421	0.9751931954423897	0.9772647160478716	0.9772135875350452	0.97614461696119	0.9907930942851906	0.9768223470970647	0.9681791781255851	1.0	0.9645409978111584	0.9777025482824638	0.9762798185381869	0.9719145780055677	0.9708053721626935	0.967830862240395	0.971564507638256	0.9620279896828171	0.9759314330119411	0.9766110779708685	0.972916349707085	0.9713414051099069	0.962631889116511
0.9614935670820636	0.9655397428639275	0.9628549910852012	0.9629459657050171	0.9630756942957787	0.963569286483988	0.9624699402590402	0.9624044313516825	0.9619574307917202	0.9538502590004602	0.9624270630712545	0.9630097698253707	0.9632442188615227	0.962778944325683	0.9646371473137343	0.9639059706510178	0.9633198872410808	0.9645409978111584	1.0	0.9644400652332366	0.9624636767398032	0.9892556669424318	0.9894679026134092	0.9627819414242273	0.9660718553832849	0.9576730923974041	0.9638819465587141	0.9636766917524114	0.9695941753927143	0.9903345570220997	0.9592027505506683
0.9754367874061185	0.9653333218078515	0.9761646244287211	0.9746677629065593	0.9750348481166464	0.9775468100033685	0.9760959241324337	0.9756534410502794	0.9763897617047355	0.9664408170262924	0.9745393059805214	0.9761637736115824	0.9763455119767493	0.9767262342747587	0.9746951165076136	0.9984792244528806	0.9660338130092961	0.9777025482824638	0.9644400652332366	1.0	0.9759626033521694	0.9707086606265025	0.9694271440384896	0.9657296957077866	0.971657890481374	0.9601205014205182	0.9760465181639969	0.9775409702335264	0.9710680074518621	0.9704880497919385	0.9628784278039184
0.9738544039393169	0.9645765183446978	0.9747280092406525	0.9743051035614358	0.9759435251396731	0.9965130381579036	0.9765129717009107	0.974604793070199	0.9771295105781316	0.9629630549480322	0.9751971611474857	0.9753273046267421	0.9755383878867797	0.9769715499232147	0.9734222562678394	0.9755474406609042	0.9660183663219277	0.9762798185381869	0.9624636767398032	0.9759626033521694	1.0	0.9690756085038562	0.9682546959203735	0.9657627406366965	0.9703474918028613	0.9606554307739457	0.9751685427685586	0.9749857627581862	0.96995075953446	0.9689002727298673	0.9610917341294745
0.9680396525506644	0.9705474065107997	0.969722517284254	0.9680786220706111	0.969291902092926	0.9705533738671555	0.9694494743526231	0.9695568179944797	0.9695316545129843	0.958461413098982	0.9693391485076248	0.9695865032520852	0.9699454454940648	0.969589466340766	0.9695275200496327	0.9701373340993139	0.9704072152273582	0.9719145780055677	0.9892556669424318	0.9707086606265025	0.9690756085038562	1.0	0.996055575069575	0.9704542815313254	0.9715324256424797	0.9616655392176832	0.9696605486070309	0.9698986441931716	0.9781372376568367	0.9968310474623288	0.9639943858323132
0.9664604738470025	0.9696259488779227	0.9683026288816284	0.9677836568185528	0.9687671284252577	0.9688377278648769	0.967560800473285	0.9673758909105478	0.9683712055825777	0.9583853379994165	0.9684422472077955	0.9682491224110293	0.9685416462957898	0.9682463806016435	0.96896829785607	0.9690506924253954	0.9690873501973054	0.9708053721626935	0.9894679026134092	0.9694271440384896	0.9682546959203735	0.996055575069575	1.0	0.9688442055021462	0.970184612214463	0.9615213023685938	0.9693889677357462	0.9684726638902844	0.9757070707279377	0.9960239009306505	0.9641713778040774
0.9646379176707669	0.9633754917549914	0.9668638223717158	0.9651059083461259	0.964521480750918	0.9666503172994424	0.9670382316434731	0.9658261613020334	0.9672020044317037	0.9526928281516919	0.9646230601588248	0.9659912017678721	0.9666184890889747	0.9657441015477018	0.9646958948014481	0.965645584112355	0.9993495226565696	0.967830862240395	0.9627819414242273	0.9657296957077866	0.9657627406366965	0.9704542815313254	0.9688442055021462	1.0	0.9702283532741344	0.9617319788282728	0.9656675418625549	0.9666813888467541	0.9698990421862012	0.9696133646679587	0.9653017792611566
0.9687651436067445	0.9697903401585668	0.9700103112523941	0.9688403864870146	0.9696660373521778	0.9712643661305402	0.9701028228362756	0.9683537349450754	0.9707353379964158	0.9587860454629626	0.9693744301869407	0.9704825679689348	0.9700731829789188	0.9697773370299777	0.9689737745590817	0.9717386952698004	0.9703940874946932	0.971564507638256	0.9660718553832849	0.971657890481374	0.9703474918028613	0.9715324256424797	0.970184612214463	0.9702283532741344	1.0	0.9620214428533878	0.971680505358654	0.9708058497241898	0.9758907827333835	0.9712866712473176	0.9631356275638632
0.9610721308136256	0.9604905853612926	0.9608563261222761	0.9606808561506888	0.9626660102734897	0.9617967839802815	0.9609169868150667	0.9619848491314315	0.9609608245369995	0.9558248998883941	0.9611480705846351	0.9607586174180491	0.9613611490716185	0.9613118336048372	0.9591987367081322	0.9599822003061034	0.9622437617370945	0.9620279896828171	0.9576730923974041	0.9601205014205182	0.9606554307739457	0.9616655392176832	0.9615213023685938	0.9617319788282728	0.9620214428533878	1.0	0.9597682701707242	0.9635923932895024	0.9687157438968544	0.9622330974331453	0.959591398785896
0.9755592632501606	0.964510369158712	0.975366862721585	0.9747062055904828	0.9763820866078328	0.975590600982715	0.9754971435557898	0.9748728555207725	0.9753782543331938	0.9639811786203621	0.9756523816793439	0.9796818470670419	0.9761719886404739	0.9747976172747252	0.9732877465335358	0.9755542965120562	0.9658245601645531	0.9759314330119411	0.9638819465587141	0.9760465181639969	0.9751685427685586	0.9696605486070309	0.9693889677357462	0.9656675418625549	0.971680505358654	0.9597682701707242	1.0	0.976793105602677	0.9710860003739487	0.9701377035559015	0.9616025887521799
0.9753144832383217	0.9642822365708366	0.9759188580193149	0.9746549951486082	0.9758021458346376	0.9765251758891568	0.9768605714555499	0.9761598792498958	0.9760674936546	0.9650283058715665	0.9757440323694482	0.9782524464903523	0.977456732072218	0.9759800514474307	0.9736764536171342	0.9772162922622306	0.9667959353786356	0.9766110779708685	0.9636766917524114	0.9775409702335264	0.9749857627581862	0.9698986441931716	0.9684726638902844	0.9666813888467541	0.9708058497241898	0.9635923932895024	0.976793105602677	1.0	0.9717668938309839	0.9697971341544199	0.9622745198449115
0.9694633859539206	0.9883292910789488	0.9715770504287737	0.9703129790356274	0.9709537394121717	0.971892570795609	0.9716998798373472	0.9704036942160851	0.970249097065135	0.9597745254223206	0.9703587533525777	0.9724214643976997	0.9721673218386385	0.9706373420043125	0.969948153417548	0.9709258987678306	0.9697996130732978	0.972916349707085	0.9695941753927143	0.9710680074518621	0.96995075953446	0.9781372376568367	0.9757070707279377	0.9698990421862012	0.9758907827333835	0.9687157438968544	0.9710860003739487	0.9717668938309839	1.0	0.9766160839020209	0.9653788508197465
0.9676618761514733	0.9703790454411508	0.9693350127795307	0.9688949772939154	0.9695687548893237	0.9698690094682955	0.9689590674003529	0.9693349373136559	0.9687145932077221	0.9587401006428363	0.9686673007481591	0.968961336123457	0.9689774287238457	0.96909900345385	0.9697784475648704	0.9699101346488583	0.9698154061996994	0.9713414051099069	0.9903345570220997	0.9704880497919385	0.9689002727298673	0.9968310474623288	0.9960239009306505	0.9696133646679587	0.9712866712473176	0.9622330974331453	0.9701377035559015	0.9697971341544199	0.9766160839020209	1.0	0.9643338538129075
0.9608806924699818	0.9618872021824687	0.9625268378057964	0.9629169200465397	0.9626358997804098	0.961663730549041	0.9619311290132514	0.9633374083991044	0.9601955943620385	0.9546401611813518	0.9618784914201074	0.9616173816959472	0.9622644155535092	0.9611941883899437	0.960987831734848	0.9624680800424201	0.9653039625510272	0.962631889116511	0.9592027505506683	0.9628784278039184	0.9610917341294745	0.9639943858323132	0.9641713778040774	0.9653017792611566	0.9631356275638632	0.959591398785896	0.9616025887521799	0.9622745198449115	0.9653788508197465	0.9643338538129075	1.0
