/home/jshaw/scratch/2022_sketched_distance/references/SGB_genome_fastas_part1_redo/1697/Bengtsson-PalmeJ_2015__TRAVELRES11__bin.114.fa	/home/jshaw/scratch/2022_sketched_distance/references/SGB_genome_fastas_part1_redo/1697/Bengtsson-PalmeJ_2015__TRAVELRES12__bin.61.fa	/home/jshaw/scratch/2022_sketched_distance/references/SGB_genome_fastas_part1_redo/1697/FengQ_2015__SID31398__bin.76.fa	/home/jshaw/scratch/2022_sketched_distance/references/SGB_genome_fastas_part1_redo/1697/FengQ_2015__SID31875__bin.41.fa	/home/jshaw/scratch/2022_sketched_distance/references/SGB_genome_fastas_part1_redo/1697/HeQ_2017__SZAXPI029585-104__bin.39.fa	/home/jshaw/scratch/2022_sketched_distance/references/SGB_genome_fastas_part1_redo/1697/LeChatelierE_2013__MH0057__bin.11.fa	/home/jshaw/scratch/2022_sketched_distance/references/SGB_genome_fastas_part1_redo/1697/LiJ_2014__V1.FI15__bin.44.fa	/home/jshaw/scratch/2022_sketched_distance/references/SGB_genome_fastas_part1_redo/1697/LiSS_2016__FAT_015-22-0-0__bin.30.fa	/home/jshaw/scratch/2022_sketched_distance/references/SGB_genome_fastas_part1_redo/1697/LiSS_2016__FAT_015-22-14-0__bin.10.fa	/home/jshaw/scratch/2022_sketched_distance/references/SGB_genome_fastas_part1_redo/1697/LiSS_2016__FAT_015-22-2-0__bin.47.fa	/home/jshaw/scratch/2022_sketched_distance/references/SGB_genome_fastas_part1_redo/1697/LiSS_2016__FAT_015-22-42-0__bin.22.fa	/home/jshaw/scratch/2022_sketched_distance/references/SGB_genome_fastas_part1_redo/1697/LiSS_2016__FAT_015-22-84-0__bin.18.fa	/home/jshaw/scratch/2022_sketched_distance/references/SGB_genome_fastas_part1_redo/1697/LomanNJ_2013__OBK2764__bin.2.fa	/home/jshaw/scratch/2022_sketched_distance/references/SGB_genome_fastas_part1_redo/1697/NielsenHB_2014__MH0057__bin.12.fa	/home/jshaw/scratch/2022_sketched_distance/references/SGB_genome_fastas_part1_redo/1697/NielsenHB_2014__O2_UC57_0__bin.13.fa	/home/jshaw/scratch/2022_sketched_distance/references/SGB_genome_fastas_part1_redo/1697/NielsenHB_2014__O2_UC57_2__bin.19.fa	/home/jshaw/scratch/2022_sketched_distance/references/SGB_genome_fastas_part1_redo/1697/WenC_2017__N010__bin.27.fa	/home/jshaw/scratch/2022_sketched_distance/references/SGB_genome_fastas_part1_redo/1697/WenC_2017__RA035__bin.15.fa	/home/jshaw/scratch/2022_sketched_distance/references/SGB_genome_fastas_part1_redo/1697/XieH_2016__YSZC12003_35390__bin.29.fa	/home/jshaw/scratch/2022_sketched_distance/references/SGB_genome_fastas_part1_redo/1697/XieH_2016__YSZC12003_36699__bin.108.fa	/home/jshaw/scratch/2022_sketched_distance/references/SGB_genome_fastas_part1_redo/1697/ZeeviD_2015__PNP_Main_118__bin.18.fa	/home/jshaw/scratch/2022_sketched_distance/references/SGB_genome_fastas_part1_redo/1697/ZeeviD_2015__PNP_Main_234__bin.27.fa	/home/jshaw/scratch/2022_sketched_distance/references/SGB_genome_fastas_part1_redo/1697/ZeeviD_2015__PNP_Main_292__bin.37.fa	/home/jshaw/scratch/2022_sketched_distance/references/SGB_genome_fastas_part1_redo/1697/ZeeviD_2015__PNP_Main_352__bin.20.fa	/home/jshaw/scratch/2022_sketched_distance/references/SGB_genome_fastas_part1_redo/1697/ZeeviD_2015__PNP_Main_39__bin.58.fa	/home/jshaw/scratch/2022_sketched_distance/references/SGB_genome_fastas_part1_redo/1697/ZeeviD_2015__PNP_Main_7__bin.15.fa	/home/jshaw/scratch/2022_sketched_distance/references/SGB_genome_fastas_part1_redo/1697/ZellerG_2014__CCIS12656533ST-4-0__bin.30.fa
1.0	0.9987216052530974	0.981625083966232	0.9820954768855913	0.9826784855974368	0.9824793821734489	0.981063565169311	0.9808576328444295	0.9808067791667613	0.9807926486044047	0.9818950777822532	0.981123614417359	0.9856462676780118	0.9832539529311408	0.9810876919209229	0.9812152649433163	0.9686393798130022	0.9694497624902515	0.9826578053909638	0.9820886667794966	0.9813494433871474	0.9818291444322571	0.9829922351068227	0.9824851544071291	0.9818538017364077	0.9814100476848905	0.9828664779955939
0.9987216052530974	1.0	0.9796449414991053	0.9800462995569698	0.9826646956746595	0.9813998410641818	0.980933357193082	0.9793855255662813	0.981434062792291	0.9813155405586459	0.9802241695389936	0.9794139242553944	0.9847250385371868	0.9821028685216682	0.9813630009955759	0.9819505196324813	0.9681155398412377	0.9682223134688847	0.9800554008183994	0.9803375269790789	0.9799089840396937	0.9802887762088253	0.9810301362472089	0.9808984894211458	0.9808018530432969	0.980264931796961	0.9819072228094933
0.981625083966232	0.9796449414991053	1.0	0.9996914962330844	0.9800663910336979	0.9791373010095246	0.98055990172892	0.9789277538220567	0.9813997329049065	0.980944319149281	0.9800969336237714	0.979247915886384	0.9819225938908993	0.9798036230493845	0.9800925519510536	0.9806114193225448	0.9696721921098899	0.9696000384807772	0.9810782072048106	0.9802853438822168	0.979029415903386	0.9793252460930958	0.9794588331485824	0.979618419448074	0.979029415903386	0.97834692964276	0.9787932773762562
0.9820954768855913	0.9800462995569698	0.9996914962330844	1.0	0.9803659607695321	0.9794520035605732	0.9809700408640772	0.978404965543737	0.9819442686731988	0.981460781072029	0.9797766587045823	0.9788796979011435	0.9815816008557396	0.9799390469796292	0.9804718233481814	0.9810220458612366	0.9702512543727237	0.9699239552423907	0.9805708045860697	0.9805509958558346	0.9795064796164115	0.9795880236575935	0.9798583758107894	0.9798583758107894	0.9795336835974163	0.9787354149405205	0.9788744479814377
0.9826784855974368	0.9826646956746595	0.9800663910336979	0.9803659607695321	1.0	0.9804847307896211	0.9800511022597849	0.9776047247781163	0.9783249448116514	0.977951489473182	0.9786302890559115	0.9782680488772879	0.9840962025384119	0.9811619929930662	0.9801308246280718	0.9803653805930206	0.9738179857106545	0.9745778336601043	0.9807529251444332	0.9799177097641733	0.9806114193225448	0.9795302048638641	0.9807763895741155	0.9790773052115618	0.9810048500088815	0.9791318914354671	0.9807901206645079
0.9824793821734489	0.9813998410641818	0.9791373010095246	0.9794520035605732	0.9804847307896211	1.0	0.9811550284700895	0.9786383508186325	0.982313774118426	0.9820996112447405	0.9797444578059274	0.9794800919544796	0.9851888833386532	0.9985638773871436	0.9817395297863992	0.982408509821483	0.9694906626974499	0.9694906626974499	0.9802772843183077	0.980931719705578	0.9801448110235356	0.9804692707125447	0.9810048500088815	0.9801823508377692	0.9799247681914058	0.9797691266813775	0.9811752524250271
0.981063565169311	0.980933357193082	0.98055990172892	0.9809700408640772	0.9800511022597849	0.9811550284700895	1.0	0.9815030447241159	0.9817745106518165	0.9816608818512323	0.9817135809685918	0.9817462340913597	0.9849964104179616	0.9819806037398685	0.9830427486856721	0.9835409078377795	0.9696776738827763	0.9703188902973006	0.9824170410340708	0.9814397747942303	0.9808422490000849	0.9818044685370588	0.981705578474317	0.9799131763358334	0.9811814444580546	0.9801611752612338	0.9814295101401659
0.9808576328444295	0.9793855255662813	0.9789277538220567	0.978404965543737	0.9776047247781163	0.9786383508186325	0.9815030447241159	1.0	0.9997097710559324	0.999043449801034	0.9977084785356347	0.9965244171205776	0.9845689556369055	0.9795272726306659	0.9805849055539464	0.981289319414603	0.9673525738304631	0.9678022658488379	0.9776697061418127	0.9811281039870189	0.976599186919019	0.9783756746107161	0.9793571021518356	0.9787544202549188	0.9772426561551155	0.9772426561551155	0.9774543515277426
0.9808067791667613	0.981434062792291	0.9813997329049065	0.9819442686731988	0.9783249448116514	0.982313774118426	0.9817745106518165	0.9997097710559324	1.0	0.9993098515558421	0.9996846506092589	0.9988813197207229	0.9899675195114522	0.9833480758118852	0.9809031723669481	0.9812827318110968	0.9679861012081512	0.96876492621131	0.9809701390029114	0.9844020593682011	0.9806371477024924	0.9815566807693237	0.9824642743534618	0.9808012840638878	0.9801851870981104	0.9808043140229212	0.981353440124779
0.9807926486044047	0.9813155405586459	0.980944319149281	0.981460781072029	0.977951489473182	0.9820996112447405	0.9816608818512323	0.999043449801034	0.9993098515558421	1.0	0.9990627932822027	0.9986234284313427	0.9897677406714578	0.9830885846495816	0.9809031723669481	0.9814320397280587	0.9679513490647957	0.9683118661189162	0.9803509119078158	0.9837978141017231	0.9803270623291961	0.9813070020975679	0.9822214495694167	0.9803602471226232	0.9798986117525833	0.9806255071251299	0.9809447181272672
0.9818950777822532	0.9802241695389936	0.9800969336237714	0.9797766587045823	0.9786302890559115	0.9797444578059274	0.9817135809685918	0.9977084785356347	0.9996846506092589	0.9990627932822027	1.0	0.9973991779194289	0.9803148187243507	0.9803825208387665	0.9812246091994451	0.9812246091994451	0.9676742509511509	0.9682301872560076	0.976902234936918	0.9821953537525603	0.9775112335633795	0.978994934158624	0.9799371886981391	0.9791265285331322	0.9778544160063476	0.9775801597812867	0.9784631842522862
0.981123614417359	0.9794139242553944	0.979247915886384	0.9788796979011435	0.9782680488772879	0.9794800919544796	0.9817462340913597	0.9965244171205776	0.9988813197207229	0.9986234284313427	0.9973991779194289	1.0	0.9801809262205766	0.9802315379522711	0.9808078028654937	0.9807760532900345	0.9665396440787942	0.9671736862521625	0.9770653173479577	0.9808712096684018	0.97753964822094	0.9787447635588714	0.9798089340019716	0.9787447635588714	0.9778538151085131	0.9771869840453177	0.97753964822094
0.9856462676780118	0.9847250385371868	0.9819225938908993	0.9815816008557396	0.9840962025384119	0.9851888833386532	0.9849964104179616	0.9845689556369055	0.9899675195114522	0.9897677406714578	0.9803148187243507	0.9801809262205766	1.0	0.9856462676780118	0.9860600155028755	0.986652683549586	0.9736683099448594	0.9735040235791016	0.9733940354401606	0.9838572464449465	0.9832928158508416	0.9839370920678014	0.9841754692893824	0.9840564972194407	0.9833334561876973	0.9828011596071748	0.983374046198026
0.9832539529311408	0.9821028685216682	0.9798036230493845	0.9799390469796292	0.9811619929930662	0.9985638773871436	0.9819806037398685	0.9795272726306659	0.9833480758118852	0.9830885846495816	0.9803825208387665	0.9802315379522711	0.9856462676780118	1.0	0.9826594795720626	0.9836753938115601	0.9707781567829635	0.9712584776869518	0.9802772843183077	0.9817408629923472	0.9803789479691883	0.9807509062565656	0.9811310861306458	0.9814371453147034	0.9801851870981104	0.9803683599106767	0.9814801253912728
0.9810876919209229	0.9813630009955759	0.9800925519510536	0.9804718233481814	0.9801308246280718	0.9817395297863992	0.9830427486856721	0.9805849055539464	0.9809031723669481	0.9809031723669481	0.9812246091994451	0.9808078028654937	0.9860600155028755	0.9826594795720626	1.0	0.9994375413517224	0.9692463157740953	0.9696187272347759	0.9812217448620332	0.9824572582668528	0.9807142115635669	0.9807509062565656	0.9811814444580546	0.9798631220179663	0.9803920379628457	0.979874133918607	0.9810217436103298
0.9812152649433163	0.9819505196324813	0.9806114193225448	0.9810220458612366	0.9803653805930206	0.982408509821483	0.9835409078377795	0.981289319414603	0.9812827318110968	0.9814320397280587	0.9812246091994451	0.9807760532900345	0.986652683549586	0.9836753938115601	0.9994375413517224	1.0	0.970135864502108	0.9708423558091209	0.9815778572531211	0.982966414912813	0.9815000806097841	0.9816560211518902	0.9818538017364077	0.9806793695211325	0.9806743368984869	0.9806255071251299	0.9818072296286607
0.9686393798130022	0.9681155398412377	0.9696721921098899	0.9702512543727237	0.9738179857106545	0.9694906626974499	0.9696776738827763	0.9673525738304631	0.9679861012081512	0.9679513490647957	0.9676742509511509	0.9665396440787942	0.9736683099448594	0.9707781567829635	0.9692463157740953	0.970135864502108	1.0	0.9884563795484922	0.969548784656963	0.9684493792296736	0.9713914655522623	0.9711225119810856	0.96907090855874	0.9676332701091688	0.97091621131155	0.9706319081821712	0.9686639657852784
0.9694497624902515	0.9682223134688847	0.9696000384807772	0.9699239552423907	0.9745778336601043	0.9694906626974499	0.9703188902973006	0.9678022658488379	0.96876492621131	0.9683118661189162	0.9682301872560076	0.9671736862521625	0.9735040235791016	0.9712584776869518	0.9696187272347759	0.9708423558091209	0.9884563795484922	1.0	0.9697022350490646	0.9677654992530824	0.9706308270172944	0.9707779433271181	0.9692166556879387	0.9684266025561756	0.9707432838233042	0.969820769479743	0.969624834232947
0.9826578053909638	0.9800554008183994	0.9810782072048106	0.9805708045860697	0.9807529251444332	0.9802772843183077	0.9824170410340708	0.9776697061418127	0.9809701390029114	0.9803509119078158	0.976902234936918	0.9770653173479577	0.9733940354401606	0.9802772843183077	0.9812217448620332	0.9815778572531211	0.969548784656963	0.9697022350490646	1.0	0.9823825011775794	0.9790378371230752	0.9837364567080114	0.9831340895441197	0.9804610431830388	0.9799438913843491	0.9788843525434592	0.9805342583927279
0.9820886667794966	0.9803375269790789	0.9802853438822168	0.9805509958558346	0.9799177097641733	0.980931719705578	0.9814397747942303	0.9811281039870189	0.9844020593682011	0.9837978141017231	0.9821953537525603	0.9808712096684018	0.9838572464449465	0.9817408629923472	0.9824572582668528	0.982966414912813	0.9684493792296736	0.9677654992530824	0.9823825011775794	1.0	0.9781544205950289	0.9795191695496288	0.980389626878023	0.9797854026866494	0.9779306624991969	0.9785698728704145	0.9787932773762562
0.9813494433871474	0.9799089840396937	0.979029415903386	0.9795064796164115	0.9806114193225448	0.9801448110235356	0.9808422490000849	0.976599186919019	0.9806371477024924	0.9803270623291961	0.9775112335633795	0.97753964822094	0.9832928158508416	0.9803789479691883	0.9807142115635669	0.9815000806097841	0.9713914655522623	0.9706308270172944	0.9790378371230752	0.9781544205950289	1.0	0.9805856706755169	0.9797772296092011	0.9795387237973946	0.9789211729587655	0.9790834030358716	0.9789849029936106
0.9818291444322571	0.9802887762088253	0.9793252460930958	0.9795880236575935	0.9795302048638641	0.9804692707125447	0.9818044685370588	0.9783756746107161	0.9815566807693237	0.9813070020975679	0.978994934158624	0.9787447635588714	0.9839370920678014	0.9807509062565656	0.9807509062565656	0.9816560211518902	0.9711225119810856	0.9707779433271181	0.9837364567080114	0.9795191695496288	0.9805856706755169	1.0	0.9825126239826302	0.9801332691232116	0.9793444309017819	0.9784546030367365	0.9801906296412316
0.9829922351068227	0.9810301362472089	0.9794588331485824	0.9798583758107894	0.9807763895741155	0.9810048500088815	0.981705578474317	0.9793571021518356	0.9824642743534618	0.9822214495694167	0.9799371886981391	0.9798089340019716	0.9841754692893824	0.9811310861306458	0.9811814444580546	0.9818538017364077	0.96907090855874	0.9692166556879387	0.9831340895441197	0.980389626878023	0.9797772296092011	0.9825126239826302	1.0	0.9808272966955188	0.979609499830137	0.9799788046474806	0.9806088280948647
0.9824851544071291	0.9808984894211458	0.979618419448074	0.9798583758107894	0.9790773052115618	0.9801823508377692	0.9799131763358334	0.9787544202549188	0.9808012840638878	0.9803602471226232	0.9791265285331322	0.9787447635588714	0.9840564972194407	0.9814371453147034	0.9798631220179663	0.9806793695211325	0.9676332701091688	0.9684266025561756	0.9804610431830388	0.9797854026866494	0.9795387237973946	0.9801332691232116	0.9808272966955188	1.0	0.9793976171326436	0.9838894372171563	0.9802169244258461
0.9818538017364077	0.9808018530432969	0.979029415903386	0.9795336835974163	0.9810048500088815	0.9799247681914058	0.9811814444580546	0.9772426561551155	0.9801851870981104	0.9798986117525833	0.9778544160063476	0.9778538151085131	0.9833334561876973	0.9801851870981104	0.9803920379628457	0.9806743368984869	0.97091621131155	0.9707432838233042	0.9799438913843491	0.9779306624991969	0.9789211729587655	0.9793444309017819	0.979609499830137	0.9793976171326436	1.0	0.9775384867354391	0.9794725493933303
0.9814100476848905	0.980264931796961	0.97834692964276	0.9787354149405205	0.9791318914354671	0.9797691266813775	0.9801611752612338	0.9772426561551155	0.9808043140229212	0.9806255071251299	0.9775801597812867	0.9771869840453177	0.9828011596071748	0.9803683599106767	0.979874133918607	0.9806255071251299	0.9706319081821712	0.969820769479743	0.9788843525434592	0.9785698728704145	0.9790834030358716	0.9784546030367365	0.9799788046474806	0.9838894372171563	0.9775384867354391	1.0	0.9784621348079878
0.9828664779955939	0.9819072228094933	0.9787932773762562	0.9788744479814377	0.9807901206645079	0.9811752524250271	0.9814295101401659	0.9774543515277426	0.981353440124779	0.9809447181272672	0.9784631842522862	0.97753964822094	0.983374046198026	0.9814801253912728	0.9810217436103298	0.9818072296286607	0.9686639657852784	0.969624834232947	0.9805342583927279	0.9787932773762562	0.9789849029936106	0.9801906296412316	0.9806088280948647	0.9802169244258461	0.9794725493933303	0.9784621348079878	1.0
