/home/jshaw/scratch/2022_sketched_distance/references/SGB_genome_fastas_part4/6191/BackhedF_2015__SID105_4M__bin.12.fa	/home/jshaw/scratch/2022_sketched_distance/references/SGB_genome_fastas_part4/6191/BackhedF_2015__SID133_B__bin.7.fa	/home/jshaw/scratch/2022_sketched_distance/references/SGB_genome_fastas_part4/6191/BackhedF_2015__SID180_B__bin.11.fa	/home/jshaw/scratch/2022_sketched_distance/references/SGB_genome_fastas_part4/6191/BackhedF_2015__SID544_4M__bin.1.fa	/home/jshaw/scratch/2022_sketched_distance/references/SGB_genome_fastas_part4/6191/BackhedF_2015__SID608_B__bin.4.fa	/home/jshaw/scratch/2022_sketched_distance/references/SGB_genome_fastas_part4/6191/BackhedF_2015__SID615_B__bin.13.fa	/home/jshaw/scratch/2022_sketched_distance/references/SGB_genome_fastas_part4/6191/BritoIL_2016__M1.7.ST__bin.24.fa	/home/jshaw/scratch/2022_sketched_distance/references/SGB_genome_fastas_part4/6191/CM_madagascar__A04_01_1FE__bin.3.fa	/home/jshaw/scratch/2022_sketched_distance/references/SGB_genome_fastas_part4/6191/FengQ_2015__SID530451__bin.19.fa	/home/jshaw/scratch/2022_sketched_distance/references/SGB_genome_fastas_part4/6191/FerrettiP_2018__CA_C10002IS2023FE_t2M15__bin.8.fa	/home/jshaw/scratch/2022_sketched_distance/references/SGB_genome_fastas_part4/6191/FerrettiP_2018__CA_C10019IS2329FE_t4M15__bin.4.fa	/home/jshaw/scratch/2022_sketched_distance/references/SGB_genome_fastas_part4/6191/FerrettiP_2018__CA_C10019IS2352FE_t3M15__bin.2.fa	/home/jshaw/scratch/2022_sketched_distance/references/SGB_genome_fastas_part4/6191/FerrettiP_2018__CA_C10029IS2503FE_t3M15__bin.1.fa	/home/jshaw/scratch/2022_sketched_distance/references/SGB_genome_fastas_part4/6191/FerrettiP_2018__CA_C10034IS2591FE_t3M15__bin.11.fa	/home/jshaw/scratch/2022_sketched_distance/references/SGB_genome_fastas_part4/6191/GeversD_2014__SKBSTL036__bin.45.fa	/home/jshaw/scratch/2022_sketched_distance/references/SGB_genome_fastas_part4/6191/HeQ_2017__RSZAXPI003097-131__bin.33.fa	/home/jshaw/scratch/2022_sketched_distance/references/SGB_genome_fastas_part4/6191/HeQ_2017__SZAXPI029503-106__bin.19.fa	/home/jshaw/scratch/2022_sketched_distance/references/SGB_genome_fastas_part4/6191/OlmMR_2017__S2_005_018G1__bin.5.fa	/home/jshaw/scratch/2022_sketched_distance/references/SGB_genome_fastas_part4/6191/OlmMR_2017__S2_005_019G1__bin.4.fa	/home/jshaw/scratch/2022_sketched_distance/references/SGB_genome_fastas_part4/6191/OlmMR_2017__S2_005_020G1__bin.10.fa	/home/jshaw/scratch/2022_sketched_distance/references/SGB_genome_fastas_part4/6191/OlmMR_2017__S2_005_021G1__bin.6.fa	/home/jshaw/scratch/2022_sketched_distance/references/SGB_genome_fastas_part4/6191/OlmMR_2017__S2_005_022G1__bin.11.fa	/home/jshaw/scratch/2022_sketched_distance/references/SGB_genome_fastas_part4/6191/OlmMR_2017__S2_005_022G1__bin.2.fa	/home/jshaw/scratch/2022_sketched_distance/references/SGB_genome_fastas_part4/6191/OlmMR_2017__S2_005_023G1__bin.3.fa	/home/jshaw/scratch/2022_sketched_distance/references/SGB_genome_fastas_part4/6191/OlmMR_2017__S2_005_024G1__bin.10.fa	/home/jshaw/scratch/2022_sketched_distance/references/SGB_genome_fastas_part4/6191/OlmMR_2017__S2_005_024G1__bin.3.fa	/home/jshaw/scratch/2022_sketched_distance/references/SGB_genome_fastas_part4/6191/OlmMR_2017__S2_005_025G1__bin.3.fa	/home/jshaw/scratch/2022_sketched_distance/references/SGB_genome_fastas_part4/6191/OlmMR_2017__S2_005_026G1__bin.1.fa	/home/jshaw/scratch/2022_sketched_distance/references/SGB_genome_fastas_part4/6191/OlmMR_2017__S2_005_027G1__bin.6.fa	/home/jshaw/scratch/2022_sketched_distance/references/SGB_genome_fastas_part4/6191/OlmMR_2017__S2_005_028G1__bin.7.fa	/home/jshaw/scratch/2022_sketched_distance/references/SGB_genome_fastas_part4/6191/QinJ_2012__DLM010__bin.14.fa	/home/jshaw/scratch/2022_sketched_distance/references/SGB_genome_fastas_part4/6191/QinN_2014__LD-23__bin.10.fa	/home/jshaw/scratch/2022_sketched_distance/references/SGB_genome_fastas_part4/6191/QinN_2014__LD-28__bin.14.fa	/home/jshaw/scratch/2022_sketched_distance/references/SGB_genome_fastas_part4/6191/QinN_2014__LD-51__bin.65.fa	/home/jshaw/scratch/2022_sketched_distance/references/SGB_genome_fastas_part4/6191/QinN_2014__LD-66__bin.8.fa	/home/jshaw/scratch/2022_sketched_distance/references/SGB_genome_fastas_part4/6191/QinN_2014__LD-85__bin.60.fa	/home/jshaw/scratch/2022_sketched_distance/references/SGB_genome_fastas_part4/6191/VatanenT_2016__G80587__bin.4.fa	/home/jshaw/scratch/2022_sketched_distance/references/SGB_genome_fastas_part4/6191/YuJ_2015__SZAXPI015267-102__bin.21.fa	/home/jshaw/scratch/2022_sketched_distance/references/SGB_genome_fastas_part4/6191/ZellerG_2014__CCIS59903910ST-4-0__bin.5.fa	/home/jshaw/scratch/2022_sketched_distance/references/SGB_genome_fastas_part4/6191/ZellerG_2014__CCIS63468405ST-4-0__bin.73.fa
1.0	0.9634330789350927	0.9819191178028116	0.9696678057816238	0.9815485522856191	0.9777765876364568	0.9686895706070218	0.9694078363275174	0.9744041794419661	0.9872986309074662	0.9807066203834501	0.9789342896962522	0.9824883552949988	0.9791513109011677	0.9715893065393766	0.9737531047103128	0.9811849260672206	0.9719567841426477	0.9832240120015585	0.9804055164169344	0.9781802132578475	0.9719072550173995	0.9780701935822314	0.9868477389386047	0.9781001685938986	0.9721196677873771	0.9864181493377998	0.9733673936753405	0.9721278672464929	0.9863949019718692	0.9785396265581591	0.972707688843986	0.9810155359642979	0.9814976400581701	0.9773564103455853	0.9687605079432088	0.974107361550631	0.968988686090821	0.9790576938895156	0.9804399420503334
0.9634330789350927	1.0	0.9603351007880782	0.9689555526720326	0.9593282199689316	0.9563892272867498	0.9515168776279127	0.9503827475063213	0.9601047716538631	0.9591781303285334	0.959078675057402	0.9585473376602855	0.958237293073524	0.9638700771232165	0.9484511233681643	0.9543396893516224	0.9577929151950539	0.9437016681236589	0.9538995437405962	0.955333961204641	0.9484395473397406	0.9441170106480009	0.9551087472077407	0.9586559814601712	0.9551523008537375	0.9444079614563179	0.9579942798309872	0.9446594292783307	0.9444192093628025	0.9579561623543259	0.9630112130158082	0.9482400966744584	0.9588262704828935	0.9582102069077046	0.9567690409168547	0.9510054150660249	0.9594439591953237	0.950537309934295	0.9565732574974855	0.9627292325181536
0.9819191178028116	0.9603351007880782	1.0	0.9706286933884251	0.9864731031474971	0.9833802467861951	0.9734766186805837	0.9738355547014922	0.9755647957177557	0.9835731018113156	0.9839263082527459	0.980797330525221	0.9865810705278661	0.9791118634858611	0.9757616580442025	0.9767184815702088	0.9862760965532801	0.9696011030335709	0.9800653923667899	0.976241468940305	0.976288244767877	0.9681788839750357	0.9757286828119088	0.9842234830597576	0.9757305479722708	0.9683606837351361	0.9846828813442412	0.9704537654158246	0.9683676978935898	0.9846766521966959	0.9786995165437316	0.9778524376750888	0.994257214096199	0.9940113889091307	0.9830742772572523	0.9749260797653212	0.9754802706882573	0.9744647315449814	0.9849519132942779	0.9784851839704682
0.9696678057816238	0.9689555526720326	0.9706286933884251	1.0	0.9708420448975128	0.9679085257474535	0.961543835736563	0.9621874624365697	0.9640939196528026	0.9698045595415298	0.9696930875174306	0.9677104815844594	0.9705300386237867	0.9689403021667498	0.9579168221441399	0.9623056995780346	0.9696265741339916	0.9530518819067214	0.9647791948923463	0.9633311645258489	0.9602945896615747	0.9513821246011255	0.9629576029812256	0.969595224285031	0.9629288412341874	0.9515816295673702	0.9691883576497481	0.9537533658594769	0.9515893296315755	0.9691991514750453	0.9668500301912949	0.9622146943211881	0.9697846678277454	0.9701556972589046	0.9673578866993991	0.9616809613526547	0.9692293627257375	0.9610094385463076	0.9685938644228758	0.9669783598400319
0.9815485522856191	0.9593282199689316	0.9864731031474971	0.9708420448975128	1.0	0.9847404439582955	0.9723361764766445	0.9722299155012453	0.9748905518296058	0.9842781525486903	0.9856038207775981	0.982178060381478	0.9905963529290991	0.986106591768612	0.9817860868260854	0.9758077884401164	0.9883979493716886	0.9727700098441678	0.98161413154726	0.977566483902069	0.9791323781157167	0.9709872064231744	0.9760514314557445	0.9853935117976631	0.9760794244804758	0.9711929370532116	0.9865673940663559	0.9731916437162615	0.9711666059288525	0.9865325294346494	0.9788958258847158	0.9803537898501559	0.9868100036389789	0.9867425683353092	0.9845800344638209	0.9745085424759614	0.9755823372991609	0.9733681910675037	0.9865287835627813	0.9774756504664427
0.9777765876364568	0.9563892272867498	0.9833802467861951	0.9679085257474535	0.9847404439582955	1.0	0.9730123542013723	0.9731502635686354	0.9733135019785446	0.9812156033547196	0.9832763105471312	0.9795940096483339	0.9839343986385692	0.9765620231266867	0.9742021521941643	0.9745691153199866	0.9858450288626666	0.9683448607892554	0.9787571038262867	0.974536358979812	0.9750476102654237	0.967187812276544	0.9739016921686856	0.9828275387842494	0.9739347800025114	0.9674070200983029	0.9832185476882206	0.969232348027624	0.967375091029071	0.9832456587822077	0.9758289013994569	0.9765339458351878	0.9839752324431801	0.9835853258491646	0.9898040276375077	0.9750359464040532	0.9740697971033991	0.9739797433611191	0.9837952719993469	0.9752835193538614
0.9686895706070218	0.9515168776279127	0.9734766186805837	0.961543835736563	0.9723361764766445	0.9730123542013723	1.0	0.9889903410466498	0.9638831918513782	0.9703532010548392	0.9711069919634353	0.9676344025948389	0.9719039634380305	0.9671580025134673	0.9646764403453003	0.963605905278606	0.9719578464601596	0.9587304240434803	0.9660437669651947	0.9637879591814397	0.9646482203818493	0.958254837400047	0.9602957654031694	0.9704692776175317	0.9602656176669712	0.9584669191130014	0.9701717403860483	0.9594262252584637	0.958475106169785	0.9701829515785086	0.9656326940348294	0.9664836129939333	0.9731721028572913	0.9725081406263995	0.971953065387841	0.9884798438677019	0.9651996766373356	0.9887605961056785	0.9711089475332261	0.9666227196854486
0.9694078363275174	0.9503827475063213	0.9738355547014922	0.9621874624365697	0.9722299155012453	0.9731502635686354	0.9889903410466498	1.0	0.9628804684933451	0.9709806443970823	0.971497624779314	0.9681688747003268	0.9722164060482987	0.967627043043491	0.9637172604050712	0.9641551581497684	0.9713533147660959	0.9579261671420035	0.9667539765501773	0.9642043065968751	0.963896292471685	0.956521057045894	0.9616641104206447	0.9709678170503231	0.9616837932427911	0.9567235636752904	0.97051367772243	0.9587262020528161	0.9567313798527435	0.9704970352135666	0.9657520903205599	0.9652536638606749	0.9730198360017785	0.9723443556452998	0.9720950826803355	0.9892828313956501	0.9651404435470585	0.9881707713424126	0.9708136094963377	0.9662335641797276
0.9744041794419661	0.9601047716538631	0.9755647957177557	0.9640939196528026	0.9748905518296058	0.9733135019785446	0.9638831918513782	0.9628804684933451	1.0	0.97323922191316	0.9742950776537546	0.9724262279384415	0.9743361807304911	0.9733458722940078	0.9572676091545136	0.9764493982527235	0.9780391825446362	0.9508401004278086	0.9722503733560628	0.9712517272749673	0.9599006590502857	0.9495768534141434	0.9744958424287082	0.9746619649500535	0.9744585311507882	0.949838011982376	0.9738147999257497	0.9531218827865408	0.9498481025797411	0.9738277727072187	0.9759163447308982	0.9652221371354491	0.9745015866849882	0.9741472218082522	0.9727332596226134	0.9638609505211456	0.9667897627017228	0.9630733517670159	0.9766638449653365	0.9734101856429286
0.9872986309074662	0.9591781303285334	0.9835731018113156	0.9698045595415298	0.9842781525486903	0.9812156033547196	0.9703532010548392	0.9709806443970823	0.97323922191316	1.0	0.9834915067298063	0.9807042411285272	0.9842782974463202	0.9781211823556922	0.9734558442511576	0.9745767733471956	0.9840679490820962	0.9750631859659729	0.9844843617946798	0.9811482423127377	0.9813425454987637	0.9740859205278936	0.9780037320473067	0.9886695221779687	0.9780036331502178	0.9742746608584285	0.9883505603485588	0.9764860480101881	0.9742819435214963	0.9883459972464174	0.9774964243635437	0.9761899629332503	0.983172844033737	0.9832489235752874	0.9808058652007535	0.9707384568540702	0.9754793408477513	0.9717085344922233	0.9821256700447673	0.9794179808183104
0.9807066203834501	0.959078675057402	0.9839263082527459	0.9696930875174306	0.9856038207775981	0.9832763105471312	0.9711069919634353	0.971497624779314	0.9742950776537546	0.9834915067298063	1.0	0.9943905929505011	0.9855906253681943	0.9788348134729903	0.9753975143962583	0.9753925465548408	0.9855135896580132	0.9698131399465323	0.9801802055672582	0.9764556391171627	0.9764694711902232	0.9676321843637632	0.9750513161503626	0.9832765684053242	0.9750837149054983	0.9678213347433883	0.9837522396706032	0.9705859888798865	0.9678286334367651	0.983727989994972	0.9794856067396823	0.9774500704198306	0.9837173594394796	0.9840621497130148	0.9820262400994891	0.9719681827251171	0.9748419760164229	0.9721821081384089	0.9835591080611356	0.9778503395492355
0.9789342896962522	0.9585473376602855	0.980797330525221	0.9677104815844594	0.982178060381478	0.9795940096483339	0.9676344025948389	0.9681688747003268	0.9724262279384415	0.9807042411285272	0.9943905929505011	1.0	0.9823146530474999	0.9774648225249936	0.9736303177042882	0.9720964137417325	0.9819390995607103	0.9680511923924493	0.9767269539267046	0.9731248673533727	0.9750701798676726	0.9662895243993593	0.972105652028249	0.98023852918608	0.9720753985199908	0.966501371845915	0.980477276715026	0.9693029883113312	0.9665095495759308	0.9804885344054187	0.9776777022361731	0.9759916846259475	0.9802194409019288	0.9807225165586742	0.9784796047455664	0.9688952905031704	0.9722376388419084	0.9679325244010186	0.9802766544216451	0.9757935541376528
0.9824883552949988	0.958237293073524	0.9865810705278661	0.9705300386237867	0.9905963529290991	0.9839343986385692	0.9719039634380305	0.9722164060482987	0.9743361807304911	0.9842782974463202	0.9855906253681943	0.9823146530474999	1.0	0.9828664779955939	0.9828798594334145	0.9760558986267063	0.9873974988540167	0.9721701572522329	0.9814061397421391	0.9775429492648535	0.9789041399966844	0.9709571414326138	0.9754723674766314	0.9846596013183502	0.975474428743505	0.9711363336250661	0.9859024446699619	0.9729625001417676	0.9711432468083684	0.98589689440431	0.9787962544875743	0.9806589265726459	0.9872947718998718	0.9873541733586682	0.9833290572554666	0.973025687108177	0.9754557114851095	0.9727129713763434	0.9857374368730116	0.9774743566617132
0.9791513109011677	0.9638700771232165	0.9791118634858611	0.9689403021667498	0.986106591768612	0.9765620231266867	0.9671580025134673	0.967627043043491	0.9733458722940078	0.9781211823556922	0.9788348134729903	0.9774648225249936	0.9828664779955939	1.0	0.9702177451024842	0.9729807312042368	0.9787931756697376	0.9626803101771	0.9741359779335581	0.9721268790136226	0.9682923171049825	0.9613618785325023	0.9720240512940567	0.9776821983430826	0.9719924114283701	0.9615831737382492	0.9779001358864308	0.9637051108648698	0.9615917177266966	0.9779117398419908	0.9786140048639191	0.9685027718865074	0.978789152231248	0.9781635151076363	0.9761935133196372	0.9680019910955961	0.9711993298533381	0.9668680873686247	0.976864214362228	0.9757177194831105
0.9715893065393766	0.9484511233681643	0.9757616580442025	0.9579168221441399	0.9817860868260854	0.9742021521941643	0.9646764403453003	0.9637172604050712	0.9572676091545136	0.9734558442511576	0.9753975143962583	0.9736303177042882	0.9828798594334145	0.9702177451024842	1.0	0.9467084043128237	0.9779247329834754	0.9819958086202688	0.9692530633233839	0.9651266029663885	0.9842745928528855	0.9805977789091188	0.9453690986656951	0.9745191086501042	0.9454286402034451	0.9808347538631575	0.9770571980463438	0.9825114180991951	0.9808439049777168	0.977044578445423	0.9656300470335215	0.98521208495495	0.9766165613220223	0.9771269039285793	0.9733374405018671	0.9654032684245927	0.9649351031071061	0.9652497718531038	0.9769619443074419	0.9649701373683108
0.9737531047103128	0.9543396893516224	0.9767184815702088	0.9623056995780346	0.9758077884401164	0.9745691153199866	0.963605905278606	0.9641551581497684	0.9764493982527235	0.9745767733471956	0.9753925465548408	0.9720964137417325	0.9760558986267063	0.9729807312042368	0.9467084043128237	1.0	0.9766889125422934	0.9075310154856723	0.9756181818479376	0.974613346737033	0.950979541188115	0.9005789750031182	0.9836173669097603	0.9768126010095765	0.9836113515902167	0.900817055168316	0.9742433507726551	0.9268739983763304	0.9008262524347405	0.9743127892631863	0.9735541376424569	0.9524915089061581	0.9761276044475967	0.9752187801091007	0.9736717837102248	0.9640866617340638	0.9660509608024098	0.9646209307287638	0.9760752992988662	0.9717200280111125
0.9811849260672206	0.9577929151950539	0.9862760965532801	0.9696265741339916	0.9883979493716886	0.9858450288626666	0.9719578464601596	0.9713533147660959	0.9780391825446362	0.9840679490820962	0.9855135896580132	0.9819390995607103	0.9873974988540167	0.9787931756697376	0.9779247329834754	0.9766889125422934	1.0	0.9719735371888671	0.9818313895205503	0.9777979552533136	0.978207488865021	0.9701940218657977	0.9766723282197552	0.9856141652834596	0.9766992297623295	0.9703661058850765	0.986558446766551	0.97237843716002	0.9703727440442605	0.9865385052236664	0.978151546094618	0.982216077213785	0.9870494113661983	0.987000712016456	0.9844006406829853	0.9738388322225645	0.9757988163571688	0.972864733582047	0.9887723409172708	0.9770116411143724
0.9719567841426477	0.9437016681236589	0.9696011030335709	0.9530518819067214	0.9727700098441678	0.9683448607892554	0.9587304240434803	0.9579261671420035	0.9508401004278086	0.9750631859659729	0.9698131399465323	0.9680511923924493	0.9721701572522329	0.9626803101771	0.9819958086202688	0.9075310154856723	0.9719735371888671	1.0	0.9770399750073295	0.971744724188857	0.9950453637072324	0.9971877845217262	0.9326488554905523	0.9819243131323876	0.9326138832310151	0.997478196558724	0.9869213248895151	0.9980658081347117	0.9974661517805222	0.9869342823096211	0.9605633552337806	0.9800781324980365	0.972272100405355	0.9714131627149588	0.968100784681239	0.9588516143129794	0.961651143120604	0.9590859368101632	0.9698462314574704	0.9617314574911426
0.9832240120015585	0.9538995437405962	0.9800653923667899	0.9647791948923463	0.98161413154726	0.9787571038262867	0.9660437669651947	0.9667539765501773	0.9722503733560628	0.9844843617946798	0.9801802055672582	0.9767269539267046	0.9814061397421391	0.9741359779335581	0.9692530633233839	0.9756181818479376	0.9818313895205503	0.9770399750073295	1.0	0.988457991804567	0.9847194026207019	0.972929748354998	0.990108649140465	0.9948360774341813	0.9901194205709843	0.97313593708497	0.9944201517101945	0.9780636110155388	0.9731438954093127	0.9944445712814047	0.9740326687868479	0.9716779574027652	0.981290071676697	0.9809234837908175	0.9780530462413675	0.9676089858734642	0.9717653393760278	0.9678634300192847	0.9800133918839685	0.9745214732743819
0.9804055164169344	0.955333961204641	0.976241468940305	0.9633311645258489	0.977566483902069	0.974536358979812	0.9637879591814397	0.9642043065968751	0.9712517272749673	0.9811482423127377	0.9764556391171627	0.9731248673533727	0.9775429492648535	0.9721268790136226	0.9651266029663885	0.974613346737033	0.9777979552533136	0.971744724188857	0.988457991804567	1.0	0.9795731674994991	0.9693681167308535	0.9878097560556878	0.9900786905496479	0.9878252772651417	0.9683064942788925	0.99012192485411	0.972579073131463	0.9683155154598553	0.9900845433876492	0.9724178363097499	0.9666336535747833	0.9770795213847977	0.9764944764500973	0.9744747602111208	0.9652576335789244	0.9688318839270331	0.9655412826687088	0.9762170780571638	0.9727615107317082
0.9781802132578475	0.9484395473397406	0.976288244767877	0.9602945896615747	0.9791323781157167	0.9750476102654237	0.9646482203818493	0.963896292471685	0.9599006590502857	0.9813425454987637	0.9764694711902232	0.9750701798676726	0.9789041399966844	0.9682923171049825	0.9842745928528855	0.950979541188115	0.978207488865021	0.9950453637072324	0.9847194026207019	0.9795731674994991	1.0	0.99255610296392	0.9672439641892562	0.9889484763507219	0.9672125907203752	0.9928056922881635	0.9925800207128963	0.9953564407931977	0.9927924915390199	0.9925917686124328	0.9671510363488607	0.9853048019837831	0.9787307499138133	0.9780113662345942	0.9749397737866914	0.9652426888360176	0.9672583604539237	0.9649641487183493	0.9772191011864033	0.9693931132262836
0.9719072550173995	0.9441170106480009	0.9681788839750357	0.9513821246011255	0.9709872064231744	0.967187812276544	0.958254837400047	0.956521057045894	0.9495768534141434	0.9740859205278936	0.9676321843637632	0.9662895243993593	0.9709571414326138	0.9613618785325023	0.9805977789091188	0.9005789750031182	0.9701940218657977	0.9971877845217262	0.972929748354998	0.9693681167308535	0.99255610296392	1.0	0.787388350196392	0.9776296515789917	0.7873576285371447	0.9996949004233924	0.9845019498323863	0.9951309754455707	0.9997057456891807	0.9845152378416747	0.9600215125610043	0.9783707720709434	0.9709008757455073	0.9699511555509251	0.9663928456963694	0.9574932933029945	0.9602220157928905	0.9580341710660398	0.968570530391905	0.9607480866521939
0.9780701935822314	0.9551087472077407	0.9757286828119088	0.9629576029812256	0.9760514314557445	0.9739016921686856	0.9602957654031694	0.9616641104206447	0.9744958424287082	0.9780037320473067	0.9750513161503626	0.972105652028249	0.9754723674766314	0.9720240512940567	0.9453690986656951	0.9836173669097603	0.9766723282197552	0.9326488554905523	0.990108649140465	0.9878097560556878	0.9672439641892562	0.787388350196392	1.0	0.9914280329919939	0.9999642774178974	0.7875889813611937	0.9889502973276211	0.9453906044661305	0.7875967307042955	0.9890159130474064	0.9726770587551588	0.9542080845458424	0.9759147519311904	0.9752642686914169	0.9730420807194069	0.9628698278939903	0.9673790144662388	0.9616433088588936	0.9745044154209735	0.9727272663429494
0.9868477389386047	0.9586559814601712	0.9842234830597576	0.969595224285031	0.9853935117976631	0.9828275387842494	0.9704692776175317	0.9709678170503231	0.9746619649500535	0.9886695221779687	0.9832765684053242	0.98023852918608	0.9846596013183502	0.9776821983430826	0.9745191086501042	0.9768126010095765	0.9856141652834596	0.9819243131323876	0.9948360774341813	0.9900786905496479	0.9889484763507219	0.9776296515789917	0.9914280329919939	1.0	0.9914717524368744	0.9778452758572376	0.9979067429123325	0.9838461793321542	0.9778236092231	0.9978949305313515	0.977592141816707	0.976198016031018	0.9851968000225977	0.984715196834362	0.9821431943090507	0.9721832190660936	0.9760109066244836	0.9714922627642772	0.9834380581231389	0.9788108598753182
0.9781001685938986	0.9551523008537375	0.9757305479722708	0.9629288412341874	0.9760794244804758	0.9739347800025114	0.9602656176669712	0.9616837932427911	0.9744585311507882	0.9780036331502178	0.9750837149054983	0.9720753985199908	0.975474428743505	0.9719924114283701	0.9454286402034451	0.9836113515902167	0.9766992297623295	0.9326138832310151	0.9901194205709843	0.9878252772651417	0.9672125907203752	0.7873576285371447	0.9999642774178974	0.9914717524368744	1.0	0.7875580083654583	0.9889959538221479	0.9453554405487743	0.7875657479609107	0.9889908219454968	0.9727216865345297	0.9541778557995974	0.9759163447308982	0.9752936727424808	0.9730461991311605	0.9628860249894309	0.96735213069025	0.9617101310105736	0.9745354416882697	0.9727702014738638
0.9721196677873771	0.9444079614563179	0.9683606837351361	0.9515816295673702	0.9711929370532116	0.9674070200983029	0.9584669191130014	0.9567235636752904	0.949838011982376	0.9742746608584285	0.9678213347433883	0.966501371845915	0.9711363336250661	0.9615831737382492	0.9808347538631575	0.900817055168316	0.9703661058850765	0.997478196558724	0.97313593708497	0.9683064942788925	0.9928056922881635	0.9996949004233924	0.7875889813611937	0.9778452758572376	0.7875580083654583	1.0	0.9846967000823688	0.9953960570206268	0.9999890521336342	0.9847100634082777	0.9602515266963637	0.9785564038541149	0.971070962898026	0.9701242949638084	0.9666010794554329	0.9576758246146021	0.9604083280883816	0.9582321504449538	0.9687453206011271	0.9609694228118134
0.9864181493377998	0.9579942798309872	0.9846828813442412	0.9691883576497481	0.9865673940663559	0.9832185476882206	0.9701717403860483	0.97051367772243	0.9738147999257497	0.9883505603485588	0.9837522396706032	0.980477276715026	0.9859024446699619	0.9779001358864308	0.9770571980463438	0.9742433507726551	0.986558446766551	0.9869213248895151	0.9944201517101945	0.99012192485411	0.9925800207128963	0.9845019498323863	0.9889502973276211	0.9979067429123325	0.9889959538221479	0.9846967000823688	1.0	0.9872814582971372	0.9846818239932974	0.999960637664871	0.977486921671955	0.9788798799662277	0.9864790277413986	0.9856031590672361	0.9828489488460342	0.9724825538418138	0.976102585871854	0.9714160295423687	0.9844900263193738	0.9781486760447725
0.9733673936753405	0.9446594292783307	0.9704537654158246	0.9537533658594769	0.9731916437162615	0.969232348027624	0.9594262252584637	0.9587262020528161	0.9531218827865408	0.9764860480101881	0.9705859888798865	0.9693029883113312	0.9729625001417676	0.9637051108648698	0.9825114180991951	0.9268739983763304	0.97237843716002	0.9980658081347117	0.9780636110155388	0.972579073131463	0.9953564407931977	0.9951309754455707	0.9453906044661305	0.9838461793321542	0.9453554405487743	0.9953960570206268	0.9872814582971372	1.0	0.9954062977208886	0.9872943470050668	0.9618278066482657	0.9806586161815262	0.972815840140859	0.9718931344520277	0.9692526584280347	0.9597440922102523	0.9622861471028477	0.9598329707652429	0.9706270912106428	0.9638318100834092
0.9721278672464929	0.9444192093628025	0.9683676978935898	0.9515893296315755	0.9711666059288525	0.967375091029071	0.958475106169785	0.9567313798527435	0.9498481025797411	0.9742819435214963	0.9678286334367651	0.9665095495759308	0.9711432468083684	0.9615917177266966	0.9808439049777168	0.9008262524347405	0.9703727440442605	0.9974661517805222	0.9731438954093127	0.9683155154598553	0.9927924915390199	0.9997057456891807	0.7875967307042955	0.9778236092231	0.7875657479609107	0.9999890521336342	0.9846818239932974	0.9954062977208886	1.0	0.9846951899288555	0.9602604087032942	0.9785648452157801	0.9710775237893667	0.9701309739607009	0.966569931290852	0.9576828673325462	0.960415517096364	0.9582397912403873	0.9687520634985117	0.9609779684084137
0.9863949019718692	0.9579561623543259	0.9846766521966959	0.9691991514750453	0.9865325294346494	0.9832456587822077	0.9701829515785086	0.9704970352135666	0.9738277727072187	0.9883459972464174	0.983727989994972	0.9804885344054187	0.98589689440431	0.9779117398419908	0.977044578445423	0.9743127892631863	0.9865385052236664	0.9869342823096211	0.9944445712814047	0.9900845433876492	0.9925917686124328	0.9845152378416747	0.9890159130474064	0.9978949305313515	0.9889908219454968	0.9847100634082777	0.999960637664871	0.9872943470050668	0.9846951899288555	1.0	0.97745054698007	0.9788912672559245	0.9865181777354084	0.9855822355009886	0.9828420738045263	0.972468618577286	0.9761128825842627	0.971374074389648	0.9844518310591174	0.9781141931999844
0.9785396265581591	0.9630112130158082	0.9786995165437316	0.9668500301912949	0.9788958258847158	0.9758289013994569	0.9656326940348294	0.9657520903205599	0.9759163447308982	0.9774964243635437	0.9794856067396823	0.9776777022361731	0.9787962544875743	0.9786140048639191	0.9656300470335215	0.9735541376424569	0.978151546094618	0.9605633552337806	0.9740326687868479	0.9724178363097499	0.9671510363488607	0.9600215125610043	0.9726770587551588	0.977592141816707	0.9727216865345297	0.9602515266963637	0.977486921671955	0.9618278066482657	0.9602604087032942	0.97745054698007	1.0	0.9685622261502559	0.9786453069575932	0.978498479920556	0.9762658740082647	0.9665122505262475	0.9711320649200178	0.9656933859058733	0.9776990224837222	0.9767800542482881
0.972707688843986	0.9482400966744584	0.9778524376750888	0.9622146943211881	0.9803537898501559	0.9765339458351878	0.9664836129939333	0.9652536638606749	0.9652221371354491	0.9761899629332503	0.9774500704198306	0.9759916846259475	0.9806589265726459	0.9685027718865074	0.98521208495495	0.9524915089061581	0.982216077213785	0.9800781324980365	0.9716779574027652	0.9666336535747833	0.9853048019837831	0.9783707720709434	0.9542080845458424	0.976198016031018	0.9541778557995974	0.9785564038541149	0.9788798799662277	0.9806586161815262	0.9785648452157801	0.9788912672559245	0.9685622261502559	1.0	0.979957726382994	0.9798658652045561	0.9764847317671012	0.9671009973237105	0.9680074162201309	0.9668616012408405	0.9809965567857934	0.9675963449436863
0.9810155359642979	0.9588262704828935	0.994257214096199	0.9697846678277454	0.9868100036389789	0.9839752324431801	0.9731721028572913	0.9730198360017785	0.9745015866849882	0.983172844033737	0.9837173594394796	0.9802194409019288	0.9872947718998718	0.978789152231248	0.9766165613220223	0.9761276044475967	0.9870494113661983	0.972272100405355	0.981290071676697	0.9770795213847977	0.9787307499138133	0.9709008757455073	0.9759147519311904	0.9851968000225977	0.9759163447308982	0.971070962898026	0.9864790277413986	0.972815840140859	0.9710775237893667	0.9865181777354084	0.9786453069575932	0.979957726382994	1.0	0.9961225336896931	0.9843514917773144	0.9746570555071711	0.97513877433006	0.9738872091413259	0.9851509903056556	0.9771220549616282
0.9814976400581701	0.9582102069077046	0.9940113889091307	0.9701556972589046	0.9867425683353092	0.9835853258491646	0.9725081406263995	0.9723443556452998	0.9741472218082522	0.9832489235752874	0.9840621497130148	0.9807225165586742	0.9873541733586682	0.9781635151076363	0.9771269039285793	0.9752187801091007	0.987000712016456	0.9714131627149588	0.9809234837908175	0.9764944764500973	0.9780113662345942	0.9699511555509251	0.9752642686914169	0.984715196834362	0.9752936727424808	0.9701242949638084	0.9856031590672361	0.9718931344520277	0.9701309739607009	0.9855822355009886	0.978498479920556	0.9798658652045561	0.9961225336896931	1.0	0.9840026691271009	0.9735009758718633	0.9748512362883306	0.9738030781054189	0.9853247486595694	0.9770911210563192
0.9773564103455853	0.9567690409168547	0.9830742772572523	0.9673578866993991	0.9845800344638209	0.9898040276375077	0.971953065387841	0.9720950826803355	0.9727332596226134	0.9808058652007535	0.9820262400994891	0.9784796047455664	0.9833290572554666	0.9761935133196372	0.9733374405018671	0.9736717837102248	0.9844006406829853	0.968100784681239	0.9780530462413675	0.9744747602111208	0.9749397737866914	0.9663928456963694	0.9730420807194069	0.9821431943090507	0.9730461991311605	0.9666010794554329	0.9828489488460342	0.9692526584280347	0.966569931290852	0.9828420738045263	0.9762658740082647	0.9764847317671012	0.9843514917773144	0.9840026691271009	1.0	0.9740348981767449	0.9737551459498957	0.9737766933626779	0.9828167997418829	0.9746806018136174
0.9687605079432088	0.9510054150660249	0.9749260797653212	0.9616809613526547	0.9745085424759614	0.9750359464040532	0.9884798438677019	0.9892828313956501	0.9638609505211456	0.9707384568540702	0.9719681827251171	0.9688952905031704	0.973025687108177	0.9680019910955961	0.9654032684245927	0.9640866617340638	0.9738388322225645	0.9588516143129794	0.9676089858734642	0.9652576335789244	0.9652426888360176	0.9574932933029945	0.9628698278939903	0.9721832190660936	0.9628860249894309	0.9576758246146021	0.9724825538418138	0.9597440922102523	0.9576828673325462	0.972468618577286	0.9665122505262475	0.9671009973237105	0.9746570555071711	0.9735009758718633	0.9740348981767449	1.0	0.9657877343805947	0.9894331709799296	0.9724890090775671	0.966000521631502
0.974107361550631	0.9594439591953237	0.9754802706882573	0.9692293627257375	0.9755823372991609	0.9740697971033991	0.9651996766373356	0.9651404435470585	0.9667897627017228	0.9754793408477513	0.9748419760164229	0.9722376388419084	0.9754557114851095	0.9711993298533381	0.9649351031071061	0.9660509608024098	0.9757988163571688	0.961651143120604	0.9717653393760278	0.9688318839270331	0.9672583604539237	0.9602220157928905	0.9673790144662388	0.9760109066244836	0.96735213069025	0.9604083280883816	0.976102585871854	0.9622861471028477	0.960415517096364	0.9761128825842627	0.9711320649200178	0.9680074162201309	0.97513877433006	0.9748512362883306	0.9737551459498957	0.9657877343805947	1.0	0.96478761543515	0.9743056650729985	0.9723171076553252
0.968988686090821	0.950537309934295	0.9744647315449814	0.9610094385463076	0.9733681910675037	0.9739797433611191	0.9887605961056785	0.9881707713424126	0.9630733517670159	0.9717085344922233	0.9721821081384089	0.9679325244010186	0.9727129713763434	0.9668680873686247	0.9652497718531038	0.9646209307287638	0.972864733582047	0.9590859368101632	0.9678634300192847	0.9655412826687088	0.9649641487183493	0.9580341710660398	0.9616433088588936	0.9714922627642772	0.9617101310105736	0.9582321504449538	0.9714160295423687	0.9598329707652429	0.9582397912403873	0.971374074389648	0.9656933859058733	0.9668616012408405	0.9738872091413259	0.9738030781054189	0.9737766933626779	0.9894331709799296	0.96478761543515	1.0	0.9717212961391463	0.9657819648996794
0.9790576938895156	0.9565732574974855	0.9849519132942779	0.9685938644228758	0.9865287835627813	0.9837952719993469	0.9711089475332261	0.9708136094963377	0.9766638449653365	0.9821256700447673	0.9835591080611356	0.9802766544216451	0.9857374368730116	0.976864214362228	0.9769619443074419	0.9760752992988662	0.9887723409172708	0.9698462314574704	0.9800133918839685	0.9762170780571638	0.9772191011864033	0.968570530391905	0.9745044154209735	0.9834380581231389	0.9745354416882697	0.9687453206011271	0.9844900263193738	0.9706270912106428	0.9687520634985117	0.9844518310591174	0.9776990224837222	0.9809965567857934	0.9851509903056556	0.9853247486595694	0.9828167997418829	0.9724890090775671	0.9743056650729985	0.9717212961391463	1.0	0.975761086246196
0.9804399420503334	0.9627292325181536	0.9784851839704682	0.9669783598400319	0.9774756504664427	0.9752835193538614	0.9666227196854486	0.9662335641797276	0.9734101856429286	0.9794179808183104	0.9778503395492355	0.9757935541376528	0.9774743566617132	0.9757177194831105	0.9649701373683108	0.9717200280111125	0.9770116411143724	0.9617314574911426	0.9745214732743819	0.9727615107317082	0.9693931132262836	0.9607480866521939	0.9727272663429494	0.9788108598753182	0.9727702014738638	0.9609694228118134	0.9781486760447725	0.9638318100834092	0.9609779684084137	0.9781141931999844	0.9767800542482881	0.9675963449436863	0.9771220549616282	0.9770911210563192	0.9746806018136174	0.966000521631502	0.9723171076553252	0.9657819648996794	0.975761086246196	1.0
