/home/jshaw/scratch/2022_sketched_distance/references/SGB_genome_fastas_part3/4891/Bengtsson-PalmeJ_2015__TRAVELRES10__bin.114.fa	/home/jshaw/scratch/2022_sketched_distance/references/SGB_genome_fastas_part3/4891/Bengtsson-PalmeJ_2015__TRAVELRES9__bin.120.fa	/home/jshaw/scratch/2022_sketched_distance/references/SGB_genome_fastas_part3/4891/BritoIL_2016__M1.15.ST__bin.2.fa	/home/jshaw/scratch/2022_sketched_distance/references/SGB_genome_fastas_part3/4891/BritoIL_2016__M1.61.ST__bin.27.fa	/home/jshaw/scratch/2022_sketched_distance/references/SGB_genome_fastas_part3/4891/CosteaPI_2017__SID713B014-11-0-0__bin.111.fa	/home/jshaw/scratch/2022_sketched_distance/references/SGB_genome_fastas_part3/4891/CosteaPI_2017__SID713B063-11-0-0__bin.25.fa	/home/jshaw/scratch/2022_sketched_distance/references/SGB_genome_fastas_part3/4891/CosteaPI_2017__SID713B072-11-0-0__bin.104.fa	/home/jshaw/scratch/2022_sketched_distance/references/SGB_genome_fastas_part3/4891/CosteaPI_2017__SID713B072-11-90-0__bin.90.fa	/home/jshaw/scratch/2022_sketched_distance/references/SGB_genome_fastas_part3/4891/LeChatelierE_2013__MH0124__bin.33.fa	/home/jshaw/scratch/2022_sketched_distance/references/SGB_genome_fastas_part3/4891/LeChatelierE_2013__MH0126__bin.1.fa	/home/jshaw/scratch/2022_sketched_distance/references/SGB_genome_fastas_part3/4891/LeChatelierE_2013__MH0143__bin.51.fa	/home/jshaw/scratch/2022_sketched_distance/references/SGB_genome_fastas_part3/4891/LeChatelierE_2013__MH0173__bin.42.fa	/home/jshaw/scratch/2022_sketched_distance/references/SGB_genome_fastas_part3/4891/LeChatelierE_2013__MH0189__bin.26.fa	/home/jshaw/scratch/2022_sketched_distance/references/SGB_genome_fastas_part3/4891/LeChatelierE_2013__MH0318__bin.89.fa	/home/jshaw/scratch/2022_sketched_distance/references/SGB_genome_fastas_part3/4891/LeChatelierE_2013__MH0407__bin.21.fa	/home/jshaw/scratch/2022_sketched_distance/references/SGB_genome_fastas_part3/4891/LeChatelierE_2013__MH0448__bin.33.fa	/home/jshaw/scratch/2022_sketched_distance/references/SGB_genome_fastas_part3/4891/LiJ_2014__MH0357__bin.46.fa	/home/jshaw/scratch/2022_sketched_distance/references/SGB_genome_fastas_part3/4891/LiJ_2014__MH0374__bin.43.fa	/home/jshaw/scratch/2022_sketched_distance/references/SGB_genome_fastas_part3/4891/LiJ_2014__MH0376__bin.44.fa	/home/jshaw/scratch/2022_sketched_distance/references/SGB_genome_fastas_part3/4891/LiJ_2014__MH0390__bin.72.fa	/home/jshaw/scratch/2022_sketched_distance/references/SGB_genome_fastas_part3/4891/NielsenHB_2014__MH0124__bin.51.fa	/home/jshaw/scratch/2022_sketched_distance/references/SGB_genome_fastas_part3/4891/NielsenHB_2014__MH0126__bin.31.fa	/home/jshaw/scratch/2022_sketched_distance/references/SGB_genome_fastas_part3/4891/NielsenHB_2014__MH0143__bin.37.fa	/home/jshaw/scratch/2022_sketched_distance/references/SGB_genome_fastas_part3/4891/RampelliS_2015__H10__bin.85.fa	/home/jshaw/scratch/2022_sketched_distance/references/SGB_genome_fastas_part3/4891/RampelliS_2015__H20__bin.22.fa	/home/jshaw/scratch/2022_sketched_distance/references/SGB_genome_fastas_part3/4891/SchirmerM_2016__G89065__bin.23.fa	/home/jshaw/scratch/2022_sketched_distance/references/SGB_genome_fastas_part3/4891/VogtmannE_2016__MMRS94549160ST-27-0-0__bin.16.fa	/home/jshaw/scratch/2022_sketched_distance/references/SGB_genome_fastas_part3/4891/XieH_2016__YSZC12003_37101__bin.58.fa	/home/jshaw/scratch/2022_sketched_distance/references/SGB_genome_fastas_part3/4891/XieH_2016__YSZC12003_37315__bin.117.fa	/home/jshaw/scratch/2022_sketched_distance/references/SGB_genome_fastas_part3/4891/XieH_2016__YSZC12003_37331__bin.75.fa	/home/jshaw/scratch/2022_sketched_distance/references/SGB_genome_fastas_part3/4891/ZeeviD_2015__PNP_Main_172__bin.42.fa	/home/jshaw/scratch/2022_sketched_distance/references/SGB_genome_fastas_part3/4891/ZeeviD_2015__PNP_Main_19__bin.5.fa	/home/jshaw/scratch/2022_sketched_distance/references/SGB_genome_fastas_part3/4891/ZeeviD_2015__PNP_Main_225__bin.42.fa	/home/jshaw/scratch/2022_sketched_distance/references/SGB_genome_fastas_part3/4891/ZeeviD_2015__PNP_Main_25__bin.13.fa	/home/jshaw/scratch/2022_sketched_distance/references/SGB_genome_fastas_part3/4891/ZeeviD_2015__PNP_Main_325__bin.27.fa	/home/jshaw/scratch/2022_sketched_distance/references/SGB_genome_fastas_part3/4891/ZeeviD_2015__PNP_Main_362__bin.42.fa	/home/jshaw/scratch/2022_sketched_distance/references/SGB_genome_fastas_part3/4891/ZeeviD_2015__PNP_Main_386__bin.19.fa	/home/jshaw/scratch/2022_sketched_distance/references/SGB_genome_fastas_part3/4891/ZeeviD_2015__PNP_Main_560__bin.12.fa	/home/jshaw/scratch/2022_sketched_distance/references/SGB_genome_fastas_part3/4891/ZeeviD_2015__PNP_Main_666__bin.39.fa	/home/jshaw/scratch/2022_sketched_distance/references/SGB_genome_fastas_part3/4891/ZeeviD_2015__PNP_Main_764__bin.41.fa	/home/jshaw/scratch/2022_sketched_distance/references/SGB_genome_fastas_part3/4891/ZeeviD_2015__PNP_Main_80__bin.76.fa	/home/jshaw/scratch/2022_sketched_distance/references/SGB_genome_fastas_part3/4891/ZeeviD_2015__PNP_Validation_18__bin.30.fa
1.0	0.999830807143982	0.9894677122639054	0.9904332376929817	0.9917672456187184	0.9919067639211818	0.9911213284481141	0.9901301683823247	0.9912123812168986	0.9896156572405276	0.991331068816133	0.9905720713607432	0.9900220937382285	0.9906089955011567	0.9912989709491927	0.9923449594490936	0.9916804423583557	0.9909717450259867	0.9906638406472221	0.989989506316048	0.9914194353421489	0.9907872741680424	0.9908382109345077	0.9900111085520197	0.9882467807365769	0.9905671048863939	0.9907579884942265	0.989737316760532	0.9913904307610372	0.9917296245686539	0.9903464437714262	0.9919203007471086	0.991726054140531	0.9911372105492369	0.9897720687219934	0.9892846988493998	0.9900280991205105	0.990362333000754	0.9903972009716359	0.9903453953894565	0.9908226083621675	0.9905935939915067
0.999830807143982	1.0	0.989517676979312	0.9905964254392643	0.9917142061432185	0.9918207156277524	0.9912867417691189	0.9900353963417294	0.9912467077329089	0.9897220142554626	0.9914468496629475	0.9904522661757427	0.9897857711225007	0.990661829871495	0.9912813866196099	0.9922942701112689	0.9916804423583557	0.9910881461715958	0.9906142193674761	0.9898181371620609	0.9913856469321064	0.9908262992147026	0.9908214811497252	0.9899748802351677	0.9881837185770033	0.9907791207504718	0.9906994733885086	0.989870911787768	0.9913212864719751	0.9917117275110968	0.9905103707774697	0.9918702669260415	0.9916880606084714	0.9912577161379127	0.9899948291705214	0.9894536517829301	0.9901286913697217	0.9901080117015436	0.9903699533304742	0.9902917200591275	0.990992724587833	0.9906952577202215
0.9894677122639054	0.989517676979312	1.0	0.9980822042601357	0.9920837079365027	0.9928388074888944	0.9917780711797979	0.9910632194779776	0.9916558685265994	0.9891327603825552	0.9919547736697301	0.9906198719811113	0.9910937392024369	0.9910814893103891	0.9917875715318775	0.9927143268743207	0.9924169305602721	0.9922622052092822	0.9908122586780375	0.9908069025296521	0.9919221598825626	0.9904339577586428	0.9914677450930063	0.988906568450409	0.9868307216857178	0.9906977371970912	0.9914903450132322	0.989937507002394	0.9915741113748601	0.9921915798109084	0.9910134336546919	0.9914672466121253	0.9929193582941698	0.9919127551246616	0.9896169641440543	0.9914322430463708	0.9905610830968195	0.9914566654958736	0.9901785874878042	0.9913836583023086	0.9906858816753281	0.9908471688881378
0.9904332376929817	0.9905964254392643	0.9980822042601357	1.0	0.9927934315077148	0.9933637653053105	0.9925493200386978	0.9917911375682799	0.9929680079069179	0.9903704140408754	0.9926943754095023	0.9914453754175298	0.9917324398712326	0.991649952848949	0.9927604556379473	0.9936850214549463	0.9932862053866169	0.992881168315038	0.9916168484592602	0.99181098799789	0.9931785588832027	0.9915209797142337	0.9924220209972385	0.9899386121011359	0.9880255329287736	0.9923660635422481	0.9923185467158553	0.9910495410644514	0.9925665092013733	0.9928207418482281	0.9925090406557102	0.9922436881713139	0.993679710692025	0.9929764522709994	0.9907878780781162	0.9912571903677968	0.9916339231329638	0.9927240346754197	0.9910711855931414	0.991848127575666	0.9915979906441396	0.992086647143171
0.9917672456187184	0.9917142061432185	0.9920837079365027	0.9927934315077148	1.0	0.9947856182576398	0.9947227363997972	0.9930276632311236	0.9940865471507615	0.9921361584473817	0.994463211068562	0.9924547271910196	0.9948517412404102	0.9915367907177102	0.9924664272788608	0.9943490267034366	0.9934882531365413	0.9948517412404102	0.9927299926694515	0.9949481665914907	0.9943490267034366	0.9917113827683862	0.9945932276818458	0.9892047483871041	0.9862333891884951	0.9943980110323019	0.9912416245728533	0.9939214353296678	0.9930079413293645	0.9940609669501778	0.9945120270745882	0.9927351143428575	0.9938225810723439	0.9933925387564438	0.992293012721792	0.9952198591417887	0.9938219718243241	0.9951401803188927	0.9918622266240056	0.9923624876759745	0.9933032642899867	0.9934379040357267
0.9919067639211818	0.9918207156277524	0.9928388074888944	0.9933637653053105	0.9947856182576398	1.0	0.9988814729533207	0.9909771581643817	0.9948118679785588	0.9918207156277524	0.9951512369999144	0.982715989180125	0.9944159231907036	0.9927830613317973	0.9932264235725775	0.9948118679785588	0.9940420583112541	0.9950732287122124	0.9840154704317358	0.9953841672327661	0.9950732287122124	0.9896853177720787	0.9951252546158703	0.9787673849268015	0.9762452977753396	0.995461448649476	0.9895932739363873	0.9948380969366716	0.9872704551214125	0.9925591328097573	0.996149001011793	0.980725083477461	0.9924465976449505	0.9906514682047131	0.993033182903822	0.996149001011793	0.9948643051653439	0.9953325461057646	0.9796614676644401	0.9932814286491274	0.9941225280416374	0.9951771990486786
0.9911213284481141	0.9912867417691189	0.9917780711797979	0.9925493200386978	0.9947227363997972	0.9988814729533207	1.0	0.997539387804467	0.9950965101903012	0.9918466633482512	0.994818925276218	0.9938049947296813	0.9936888482129281	0.9939426011813212	0.9944330873677426	0.9953605872434558	0.9945169937228594	0.994462314219897	0.9932155010218948	0.9945072549057457	0.9952423818418744	0.993359353539081	0.9943722496493195	0.9903712211614285	0.9881205354541277	0.9944022983717385	0.9926146417854096	0.9945670812058262	0.9966384998896834	0.9941109549401226	0.9963276375193719	0.9937676020548565	0.9955414471630117	0.9953626188920145	0.9932563934122703	0.9961713906297736	0.9942668640719072	0.9949828697236474	0.9937115757516258	0.993917334690676	0.9945600942466216	0.9950630469082893
0.9901301683823247	0.9900353963417294	0.9910632194779776	0.9917911375682799	0.9930276632311236	0.9909771581643817	0.997539387804467	1.0	0.9932436899067315	0.9913608725867049	0.9934583161653695	0.9850944848803143	0.9932867265997894	0.9909710917619996	0.9919482550892793	0.9934369160328266	0.9929408562666299	0.9937140449177934	0.9844627642268801	0.9940939740159522	0.9935864273634942	0.9892915344899521	0.9935010749870701	0.9814117299810969	0.9788256063450476	0.9937776697841345	0.9881558586089156	0.9935010749870701	0.9864843297087194	0.9920600265390667	0.9947999466613512	0.9844315090217299	0.990994147789888	0.9900828163809114	0.9916332697729309	0.9950251683107493	0.9934583161653695	0.9941359206852467	0.98408190211445	0.9919930090163528	0.9930059828237027	0.9933511769335934
0.9912123812168986	0.9912467077329089	0.9916558685265994	0.9929680079069179	0.9940865471507615	0.9948118679785588	0.9950965101903012	0.9932436899067315	1.0	0.9919594492511427	0.9948820225235987	0.9926349814369008	0.994308391648993	0.9944329622814131	0.9947355376000205	0.9945807668947902	0.9941975086106789	0.9947896728801994	0.9927299926694515	0.9948050823585204	0.999347974570944	0.9929595622866877	0.9949127486763039	0.9904070172840534	0.9877388698182458	0.9954458994985469	0.9922441069728999	0.9959557416416045	0.9940864383172439	0.9933019518723816	0.99580659931715	0.9933871716768099	0.9951842100803671	0.9937477260209734	0.9938992769271736	0.994308391648993	0.9951117777928133	0.9960597440325257	0.9926093193075635	0.9930886585735537	0.9940572270717708	0.9944488397280878
0.9896156572405276	0.9897220142554626	0.9891327603825552	0.9903704140408754	0.9921361584473817	0.9918207156277524	0.9918466633482512	0.9913608725867049	0.9919594492511427	1.0	0.9916302220787155	0.991885016903572	0.9923244482936213	0.9897157404372002	0.9912637929271974	0.9924965630767633	0.9920592991214975	0.992045205386511	0.9912048102484665	0.9927147031214179	0.9918389015838689	0.9974495710514942	0.9914627590229501	0.9878798148390495	0.9847608808003944	0.9923571459404402	0.9898491562552815	0.991412354195089	0.991665570298577	0.992156273011381	0.992045205386511	0.9921693404915708	0.992458333627092	0.9919716654864504	0.9903877627855476	0.9911930404464573	0.9917302941698724	0.9926823571255091	0.9909910299003499	0.990718698980385	0.99092110189885	0.9912099625119396
0.991331068816133	0.9914468496629475	0.9919547736697301	0.9926943754095023	0.994463211068562	0.9951512369999144	0.994818925276218	0.9934583161653695	0.9948820225235987	0.9916302220787155	1.0	0.993368323369913	0.9944138327919263	0.993798868379661	0.9944330873677426	0.9953297439091298	0.9943895689751182	0.9943836281019365	0.9933985995933943	0.9942321903861339	0.9951067058280816	0.9931963856863424	0.9988841359238434	0.9907274478608724	0.9878665838330892	0.9943533958625544	0.9928715690050951	0.9944440099835219	0.9946336821578576	0.9946067312865973	0.9946994130136098	0.9937439527450571	0.9953037170025287	0.9938405667336062	0.9929162286880335	0.9935730043471499	0.9940953022560963	0.9947890875689845	0.9927364401801657	0.9935299511124749	0.9942540075105498	0.9937165343988575
0.9905720713607432	0.9904522661757427	0.9906198719811113	0.9914453754175298	0.9924547271910196	0.982715989180125	0.9938049947296813	0.9850944848803143	0.9926349814369008	0.991885016903572	0.993368323369913	1.0	0.9938916424125858	0.990691443419999	0.9917006168738858	0.993783297351068	0.9927023244048059	0.9936963654372549	0.9839499492256146	0.9938700017288897	0.9930591906169802	0.9898221716602985	0.9931920296875764	0.9785113493655048	0.9764303901487867	0.9931256767836014	0.9886009431529418	0.9930147922019305	0.9849245673590055	0.9922734854031232	0.9934122505158741	0.9842426909653554	0.9902355151046025	0.9895025542836805	0.9915616386646398	0.9926349814369008	0.9931478091983866	0.9941716925546885	0.9837502457226928	0.9916080296916958	0.9927919023664583	0.9923868778383269
0.9900220937382285	0.9897857711225007	0.9910937392024369	0.9917324398712326	0.9948517412404102	0.9944159231907036	0.9936888482129281	0.9932867265997894	0.994308391648993	0.9923244482936213	0.9944138327919263	0.9938916424125858	1.0	0.9933638894409441	0.9941117088984016	0.9950664112956878	0.9947703832340866	0.9949385694998041	0.9936939922860717	0.9950890004313808	0.9946044239257922	0.9935215232363758	0.9938724712861174	0.9901556254188317	0.9878027887466554	0.9932074760560382	0.9929263662792793	0.9927727591303561	0.9941923816352515	0.9947703559509221	0.9928611877870634	0.9936729033390174	0.9946844711200801	0.993933147988651	0.9922553171648505	0.9924019330989646	0.9933480752638373	0.992217416821079	0.993364822240929	0.9940933828384283	0.9934761876328199	0.9931559429125438
0.9906089955011567	0.990661829871495	0.9910814893103891	0.991649952848949	0.9915367907177102	0.9927830613317973	0.9939426011813212	0.9909710917619996	0.9944329622814131	0.9897157404372002	0.993798868379661	0.990691443419999	0.9933638894409441	1.0	0.9934759104408025	0.9928974757820878	0.9921789397936307	0.9934933687474488	0.9909600127261908	0.9932827070133742	0.9950088921372157	0.9908262992147026	0.9933638894409441	0.9880723845890672	0.9861998837194871	0.9945270385951389	0.9902671644351371	0.9949006968931974	0.992522040364717	0.9920678407508673	0.9946832416140544	0.9913148379544566	0.9932836093062232	0.9914974168579431	0.9931687161570014	0.9931687161570014	0.9939426011813212	0.9952242295414415	0.9908570033274379	0.9917454747223491	0.9932013250417178	0.993798868379661
0.9912989709491927	0.9912813866196099	0.9917875715318775	0.9927604556379473	0.9924664272788608	0.9932264235725775	0.9944330873677426	0.9919482550892793	0.9947355376000205	0.9912637929271974	0.9944330873677426	0.9917006168738858	0.9941117088984016	0.9934759104408025	1.0	0.9934594463538934	0.993360489560453	0.9945129474406947	0.9918807501148301	0.9943370006152802	0.9952075439823759	0.9917493321225981	0.9940146844531064	0.9893897507278703	0.9866658813882763	0.9950352539409272	0.9909910176685203	0.9969867836420694	0.9929421007054033	0.9924201598902583	0.9951762850071885	0.9922189241766644	0.9937869212046234	0.9923229406742787	0.9951606444667869	0.9930117929294145	0.9949881100141768	0.9967191825333955	0.991469072792605	0.9920463811523985	0.9939173750603916	0.9945607713017252
0.9923449594490936	0.9922942701112689	0.9927143268743207	0.9936850214549463	0.9943490267034366	0.9948118679785588	0.9953605872434558	0.9934369160328266	0.9945807668947902	0.9924965630767633	0.9953297439091298	0.993783297351068	0.9950664112956878	0.9928974757820878	0.9934594463538934	1.0	0.9941493191048151	0.9955143753076643	0.9929389403213561	0.9955143753076643	0.9952370414889873	0.9929778397470519	0.9953143114828854	0.9900111085520197	0.9872879282279964	0.9950975003227445	0.9924669255161271	0.9945017666669101	0.9943822303024644	0.9945081674660913	0.9953297439091298	0.9936017012004703	0.9943879803828076	0.9939885728141254	0.9935224869589037	0.9946280768275735	0.99472249464808	0.9957132401804215	0.9926856504202115	0.9935061895521856	0.9943113944076641	0.9945175817804828
0.9916804423583557	0.9916804423583557	0.9924169305602721	0.9932862053866169	0.9934882531365413	0.9940420583112541	0.9945169937228594	0.9929408562666299	0.9941975086106789	0.9920592991214975	0.9943895689751182	0.9927023244048059	0.9947703832340866	0.9921789397936307	0.993360489560453	0.9941493191048151	1.0	0.9951312715710058	0.9930544548767598	0.9950531509465784	0.9945169937228594	0.9923692887590094	0.9945328874312327	0.9889813666518337	0.9867648846670317	0.9950061901023548	0.9923371305047303	0.9947703832340866	0.9936162206656503	0.9932165329449488	0.9947861559655908	0.9932433759464863	0.9939115631669652	0.9936359725931364	0.9933191873992679	0.9938749134959919	0.9945328874312327	0.9955961711969213	0.9920441105278754	0.9925184047689196	0.9929878792713498	0.9938100158334812
0.9909717450259867	0.9910881461715958	0.9922622052092822	0.992881168315038	0.9948517412404102	0.9950732287122124	0.994462314219897	0.9937140449177934	0.9947896728801994	0.992045205386511	0.9943836281019365	0.9936963654372549	0.9949385694998041	0.9934933687474488	0.9945129474406947	0.9955143753076643	0.9951312715710058	1.0	0.993603382519888	0.9950271108542429	0.9951067058280816	0.9932870223944423	0.9941005781146605	0.9908335707969823	0.9878665838330892	0.9944473204417996	0.9930902158715459	0.9944922814456454	0.994466259692839	0.9945739092287832	0.9948053126583274	0.994003171217325	0.9946149467711677	0.9948809655305506	0.9929753741012091	0.994070254451417	0.993796085330866	0.995553452762994	0.9930143990296466	0.99491318123578	0.9933658205512007	0.9936082711446456
0.9906638406472221	0.9906142193674761	0.9908122586780375	0.9916168484592602	0.9927299926694515	0.9840154704317358	0.9932155010218948	0.9844627642268801	0.9927299926694515	0.9912048102484665	0.9933985995933943	0.9839499492256146	0.9936939922860717	0.9909600127261908	0.9918807501148301	0.9929389403213561	0.9930544548767598	0.993603382519888	1.0	0.9936939922860717	0.9931465771558956	0.9895289115120869	0.9932384437939126	0.9801652101682051	0.9760211130877919	0.993671363072337	0.9890637776707514	0.9931005480618431	0.9852318901913295	0.9918568459167243	0.9931005480618431	0.982157924087764	0.9906142193674761	0.988300310706722	0.9915927526000202	0.9922844996651431	0.9934670013682598	0.9944322154425068	0.9825622898226581	0.9915203594449951	0.9924258308302101	0.9923080968339276
0.989989506316048	0.9898181371620609	0.9908069025296521	0.99181098799789	0.9949481665914907	0.9953841672327661	0.9945072549057457	0.9940939740159522	0.9948050823585204	0.9927147031214179	0.9942321903861339	0.9938700017288897	0.9950890004313808	0.9932827070133742	0.9943370006152802	0.9955143753076643	0.9950531509465784	0.9950271108542429	0.9936939922860717	1.0	0.9947116061761321	0.9938790824165321	0.9940247168609205	0.9905854180312	0.9881521421654584	0.9934782662723012	0.9928349870192864	0.9926350926345401	0.9948210273619947	0.9946231301382719	0.9932397538303216	0.994260377433208	0.9952013088782362	0.9943009076481646	0.9924461452340552	0.9931336111597184	0.993740588523669	0.9934793320985674	0.9933149882919363	0.994125291341687	0.9936332195572581	0.9937782406110364
0.9914194353421489	0.9913856469321064	0.9919221598825626	0.9931785588832027	0.9943490267034366	0.9950732287122124	0.9952423818418744	0.9935864273634942	0.999347974570944	0.9918389015838689	0.9951067058280816	0.9930591906169802	0.9946044239257922	0.9950088921372157	0.9952075439823759	0.9952370414889873	0.9945169937228594	0.9951067058280816	0.9931465771558956	0.9947116061761321	1.0	0.9933774116637479	0.9952122795354597	0.9907982343607621	0.9883725440428909	0.9955717170830389	0.9927617015112741	0.9959714848292797	0.9947170774031271	0.9938937935454972	0.9958683027552165	0.9937439527450571	0.9953718138887983	0.9940991450992106	0.9941255491672442	0.9941411052272172	0.9953775052355675	0.9962791208943902	0.9931148990132199	0.9935461828753255	0.9941411052272172	0.9946810180157537
0.9907872741680424	0.9908262992147026	0.9904339577586428	0.9915209797142337	0.9917113827683862	0.9896853177720787	0.993359353539081	0.9892915344899521	0.9929595622866877	0.9974495710514942	0.9931963856863424	0.9898221716602985	0.9935215232363758	0.9908262992147026	0.9917493321225981	0.9929778397470519	0.9923692887590094	0.9932870223944423	0.9895289115120869	0.9938790824165321	0.9933774116637479	1.0	0.9930690759657983	0.9853516347306919	0.9828128912875636	0.9939146269754474	0.9876131321885447	0.9929229770587991	0.989641135668919	0.9912718044219767	0.993575403804563	0.9899371129243616	0.9898913705141862	0.9893810451581863	0.9919006954100958	0.9924993139262748	0.9937365215762066	0.9940564251022768	0.9890915993126014	0.9915782158837946	0.9928863513455884	0.9926288300640312
0.9908382109345077	0.9908214811497252	0.9914677450930063	0.9924220209972385	0.9945932276818458	0.9951252546158703	0.9943722496493195	0.9935010749870701	0.9949127486763039	0.9914627590229501	0.9988841359238434	0.9931920296875764	0.9938724712861174	0.9933638894409441	0.9940146844531064	0.9953143114828854	0.9945328874312327	0.9941005781146605	0.9932384437939126	0.9940247168609205	0.9952122795354597	0.9930690759657983	1.0	0.9906565093062235	0.9880888983838337	0.994146011642984	0.99263306003396	0.9937807869810228	0.9946962482484178	0.9945410546438184	0.9944022983717385	0.9937676020548565	0.995320754331828	0.9938405667336062	0.9929126000464567	0.99320972220802	0.9939182184617529	0.9945969539183072	0.9925072697885893	0.9934974637003992	0.9940380523062907	0.9935462471691845
0.9900111085520197	0.9899748802351677	0.988906568450409	0.9899386121011359	0.9892047483871041	0.9787673849268015	0.9903712211614285	0.9814117299810969	0.9904070172840534	0.9878798148390495	0.9907274478608724	0.9785113493655048	0.9901556254188317	0.9880723845890672	0.9893897507278703	0.9900111085520197	0.9889813666518337	0.9908335707969823	0.9801652101682051	0.9905854180312	0.9907982343607621	0.9853516347306919	0.9906565093062235	1.0	0.9764968318439603	0.9907274478608724	0.9871770858623926	0.9903712211614285	0.9819251295107598	0.9882256337997608	0.9905854180312	0.9768233131421254	0.9872952541910262	0.9850162213121779	0.988906568450409	0.9889813666518337	0.9907274478608724	0.9910447991869968	0.9744659897500558	0.988906568450409	0.9894266269805979	0.9897566710448108
0.9882467807365769	0.9881837185770033	0.9868307216857178	0.9880255329287736	0.9862333891884951	0.9762452977753396	0.9881205354541277	0.9788256063450476	0.9877388698182458	0.9847608808003944	0.9878665838330892	0.9764303901487867	0.9878027887466554	0.9861998837194871	0.9866658813882763	0.9872879282279964	0.9867648846670317	0.9878665838330892	0.9760211130877919	0.9881521421654584	0.9883725440428909	0.9828128912875636	0.9880888983838337	0.9764968318439603	1.0	0.988215264747766	0.984160011022854	0.9880255329287736	0.9789513279999805	0.985829051646897	0.9883411481970211	0.9743786343892885	0.9846204862489931	0.9817553148566236	0.9863337011944674	0.9865002107409881	0.9882467807365769	0.9886848680137842	0.9726993787364332	0.9861327701566498	0.9873527279305733	0.9875463650683809
0.9905671048863939	0.9907791207504718	0.9906977371970912	0.9923660635422481	0.9943980110323019	0.995461448649476	0.9944022983717385	0.9937776697841345	0.9954458994985469	0.9923571459404402	0.9943533958625544	0.9931256767836014	0.9932074760560382	0.9945270385951389	0.9950352539409272	0.9950975003227445	0.9950061901023548	0.9944473204417996	0.993671363072337	0.9934782662723012	0.9955717170830389	0.9939146269754474	0.994146011642984	0.9907274478608724	0.988215264747766	1.0	0.9927800381088361	0.9938655396777322	0.9949660120390462	0.9938937935454972	0.9947711720488732	0.9940969319001257	0.9947191787012241	0.9947007852247833	0.9938433254347416	0.992903977287037	0.9945412446483051	0.995285889973104	0.9937854101097556	0.9933508746427845	0.9946209738960181	0.9947950950979736
0.9907579884942265	0.9906994733885086	0.9914903450132322	0.9923185467158553	0.9912416245728533	0.9895932739363873	0.9926146417854096	0.9881558586089156	0.9922441069728999	0.9898491562552815	0.9928715690050951	0.9886009431529418	0.9929263662792793	0.9902671644351371	0.9909910176685203	0.9924669255161271	0.9923371305047303	0.9930902158715459	0.9890637776707514	0.9928349870192864	0.9927617015112741	0.9876131321885447	0.99263306003396	0.9871770858623926	0.984160011022854	0.9927800381088361	1.0	0.9925223964340706	0.9891519917264145	0.9905233033533766	0.9928349870192864	0.9886928743182974	0.9894061302270445	0.9893810451581863	0.9910103627609106	0.9916804027611409	0.9923742667898072	0.9934334801553855	0.9879088575679963	0.9905429242818959	0.9912416245728533	0.9917372076413117
0.989737316760532	0.989870911787768	0.989937507002394	0.9910495410644514	0.9939214353296678	0.9948380969366716	0.9945670812058262	0.9935010749870701	0.9959557416416045	0.991412354195089	0.9944440099835219	0.9930147922019305	0.9927727591303561	0.9949006968931974	0.9969867836420694	0.9945017666669101	0.9947703832340866	0.9944922814456454	0.9931005480618431	0.9926350926345401	0.9959714848292797	0.9929229770587991	0.9937807869810228	0.9903712211614285	0.9880255329287736	0.9938655396777322	0.9925223964340706	1.0	0.9943611896281962	0.9937762682179924	0.9944083483036789	0.9933871716768099	0.9952013088782362	0.9939885728141254	0.995154745198421	0.9928489937707071	0.9938305117197113	0.9960683148231405	0.9928630745823375	0.9939012838314569	0.9939915925141508	0.9945400257852378
0.9913904307610372	0.9913212864719751	0.9915741113748601	0.9925665092013733	0.9930079413293645	0.9872704551214125	0.9966384998896834	0.9864843297087194	0.9940864383172439	0.991665570298577	0.9946336821578576	0.9849245673590055	0.9941923816352515	0.992522040364717	0.9929421007054033	0.9943822303024644	0.9936162206656503	0.994466259692839	0.9852318901913295	0.9948210273619947	0.9947170774031271	0.989641135668919	0.9946962482484178	0.9819251295107598	0.9789513279999805	0.9949660120390462	0.9891519917264145	0.9943611896281962	1.0	0.9929201246936376	0.9959234077303051	0.9840527799241794	0.9916198724695515	0.9906923882602355	0.9932917470626115	0.9947378934813143	0.9943822303024644	0.9950897821437902	0.9841478328564758	0.9928100252190729	0.9939801551898191	0.9948832412832352
0.9917296245686539	0.9917117275110968	0.9921915798109084	0.9928207418482281	0.9940609669501778	0.9925591328097573	0.9941109549401226	0.9920600265390667	0.9933019518723816	0.992156273011381	0.9946067312865973	0.9922734854031232	0.9947703559509221	0.9920678407508673	0.9924201598902583	0.9945081674660913	0.9932165329449488	0.9945739092287832	0.9918568459167243	0.9946231301382719	0.9938937935454972	0.9912718044219767	0.9945410546438184	0.9882256337997608	0.985829051646897	0.9938937935454972	0.9905233033533766	0.9937762682179924	0.9929201246936376	1.0	0.9940776379938034	0.9922684336383581	0.9929559642948798	0.992555068540517	0.9924376777216611	0.9938434765926467	0.9936076482646071	0.9948192863118845	0.9915217642759738	0.9928553469663299	0.9933360578346655	0.9933871509989041
0.9903464437714262	0.9905103707774697	0.9910134336546919	0.9925090406557102	0.9945120270745882	0.996149001011793	0.9963276375193719	0.9947999466613512	0.99580659931715	0.992045205386511	0.9946994130136098	0.9934122505158741	0.9928611877870634	0.9946832416140544	0.9951762850071885	0.9953297439091298	0.9947861559655908	0.9948053126583274	0.9931005480618431	0.9932397538303216	0.9958683027552165	0.993575403804563	0.9944022983717385	0.9905854180312	0.9883411481970211	0.9947711720488732	0.9928349870192864	0.9944083483036789	0.9959234077303051	0.9940776379938034	1.0	0.993363249046641	0.995320754331828	0.9980001213366085	0.9939949903734516	0.9944083483036789	0.9946582324260418	0.994798475820142	0.9931399764070301	0.994125291341687	0.9946361763567363	0.9955487399456022
0.9919203007471086	0.9918702669260415	0.9914672466121253	0.9922436881713139	0.9927351143428575	0.980725083477461	0.9937676020548565	0.9844315090217299	0.9933871716768099	0.9921693404915708	0.9937439527450571	0.9842426909653554	0.9936729033390174	0.9913148379544566	0.9922189241766644	0.9936017012004703	0.9932433759464863	0.994003171217325	0.982157924087764	0.994260377433208	0.9937439527450571	0.9899371129243616	0.9937676020548565	0.9768233131421254	0.9743786343892885	0.9940969319001257	0.9886928743182974	0.9933871716768099	0.9840527799241794	0.9922684336383581	0.993363249046641	1.0	0.9909307119639597	0.9893208614443081	0.9918952933009676	0.9928325297322098	0.9934826897447326	0.9938620308195693	0.9811496691675292	0.9923425591551749	0.9926862988974083	0.9929781172734528
0.991726054140531	0.9916880606084714	0.9929193582941698	0.993679710692025	0.9938225810723439	0.9924465976449505	0.9955414471630117	0.990994147789888	0.9951842100803671	0.992458333627092	0.9953037170025287	0.9902355151046025	0.9946844711200801	0.9932836093062232	0.9937869212046234	0.9943879803828076	0.9939115631669652	0.9946149467711677	0.9906142193674761	0.9952013088782362	0.9953718138887983	0.9898913705141862	0.995320754331828	0.9872952541910262	0.9846204862489931	0.9947191787012241	0.9894061302270445	0.9952013088782362	0.9916198724695515	0.9929559642948798	0.995320754331828	0.9909307119639597	1.0	0.9906507435131979	0.9937333593229722	0.9943529241321069	0.9950642710705906	0.9956259397215995	0.9896813473083668	0.9934642429305838	0.9947365188773398	0.994440495339093
0.9911372105492369	0.9912577161379127	0.9919127551246616	0.9929764522709994	0.9933925387564438	0.9906514682047131	0.9953626188920145	0.9900828163809114	0.9937477260209734	0.9919716654864504	0.9938405667336062	0.9895025542836805	0.993933147988651	0.9914974168579431	0.9923229406742787	0.9939885728141254	0.9936359725931364	0.9948809655305506	0.988300310706722	0.9943009076481646	0.9940991450992106	0.9893810451581863	0.9938405667336062	0.9850162213121779	0.9817553148566236	0.9947007852247833	0.9893810451581863	0.9939885728141254	0.9906923882602355	0.992555068540517	0.9980001213366085	0.9893208614443081	0.9906507435131979	1.0	0.9928429567417502	0.9946284380572658	0.9946284380572658	0.9949886056665678	0.9883465086450944	0.9927472720311141	0.9930524943836958	0.9941910076541168
0.9897720687219934	0.9899948291705214	0.9896169641440543	0.9907878780781162	0.992293012721792	0.993033182903822	0.9932563934122703	0.9916332697729309	0.9938992769271736	0.9903877627855476	0.9929162286880335	0.9915616386646398	0.9922553171648505	0.9931687161570014	0.9951606444667869	0.9935224869589037	0.9933191873992679	0.9929753741012091	0.9915927526000202	0.9924461452340552	0.9941255491672442	0.9919006954100958	0.9929126000464567	0.988906568450409	0.9863337011944674	0.9938433254347416	0.9910103627609106	0.995154745198421	0.9932917470626115	0.9924376777216611	0.9939949903734516	0.9918952933009676	0.9937333593229722	0.9928429567417502	1.0	0.9916599017612846	0.9934457157254345	0.996780020247767	0.9918361613392338	0.9920694547241531	0.9926473946530936	0.9937319717317183
0.9892846988493998	0.9894536517829301	0.9914322430463708	0.9912571903677968	0.9952198591417887	0.996149001011793	0.9961713906297736	0.9950251683107493	0.994308391648993	0.9911930404464573	0.9935730043471499	0.9926349814369008	0.9924019330989646	0.9931687161570014	0.9930117929294145	0.9946280768275735	0.9938749134959919	0.994070254451417	0.9922844996651431	0.9931336111597184	0.9941411052272172	0.9924993139262748	0.99320972220802	0.9889813666518337	0.9865002107409881	0.992903977287037	0.9916804027611409	0.9928489937707071	0.9947378934813143	0.9938434765926467	0.9944083483036789	0.9928325297322098	0.9943529241321069	0.9946284380572658	0.9916599017612846	1.0	0.9919364226879204	0.9936125632616556	0.9918100754885099	0.9935461828753255	0.9929846014616771	0.9936237590065163
0.9900280991205105	0.9901286913697217	0.9905610830968195	0.9916339231329638	0.9938219718243241	0.9948643051653439	0.9942668640719072	0.9934583161653695	0.9951117777928133	0.9917302941698724	0.9940953022560963	0.9931478091983866	0.9933480752638373	0.9939426011813212	0.9949881100141768	0.99472249464808	0.9945328874312327	0.993796085330866	0.9934670013682598	0.993740588523669	0.9953775052355675	0.9937365215762066	0.9939182184617529	0.9907274478608724	0.9882467807365769	0.9945412446483051	0.9923742667898072	0.9938305117197113	0.9943822303024644	0.9936076482646071	0.9946582324260418	0.9934826897447326	0.9950642710705906	0.9946284380572658	0.9934457157254345	0.9919364226879204	1.0	0.9946436315093239	0.9935386528191195	0.9938370025168296	0.9947878188116113	0.9946152500860432
0.990362333000754	0.9901080117015436	0.9914566654958736	0.9927240346754197	0.9951401803188927	0.9953325461057646	0.9949828697236474	0.9941359206852467	0.9960597440325257	0.9926823571255091	0.9947890875689845	0.9941716925546885	0.992217416821079	0.9952242295414415	0.9967191825333955	0.9957132401804215	0.9955961711969213	0.995553452762994	0.9944322154425068	0.9934793320985674	0.9962791208943902	0.9940564251022768	0.9945969539183072	0.9910447991869968	0.9886848680137842	0.995285889973104	0.9934334801553855	0.9960683148231405	0.9950897821437902	0.9948192863118845	0.994798475820142	0.9938620308195693	0.9956259397215995	0.9949886056665678	0.996780020247767	0.9936125632616556	0.9946436315093239	1.0	0.9937854101097556	0.9939494130994521	0.9945905480456555	0.9948846531342013
0.9903972009716359	0.9903699533304742	0.9901785874878042	0.9910711855931414	0.9918622266240056	0.9796614676644401	0.9937115757516258	0.98408190211445	0.9926093193075635	0.9909910299003499	0.9927364401801657	0.9837502457226928	0.993364822240929	0.9908570033274379	0.991469072792605	0.9926856504202115	0.9920441105278754	0.9930143990296466	0.9825622898226581	0.9933149882919363	0.9931148990132199	0.9890915993126014	0.9925072697885893	0.9744659897500558	0.9726993787364332	0.9937854101097556	0.9879088575679963	0.9928630745823375	0.9841478328564758	0.9915217642759738	0.9931399764070301	0.9811496691675292	0.9896813473083668	0.9883465086450944	0.9918361613392338	0.9918100754885099	0.9935386528191195	0.9937854101097556	1.0	0.9913898777146819	0.9929640343805766	0.9921992187051515
0.9903453953894565	0.9902917200591275	0.9913836583023086	0.991848127575666	0.9923624876759745	0.9932814286491274	0.993917334690676	0.9919930090163528	0.9930886585735537	0.990718698980385	0.9935299511124749	0.9916080296916958	0.9940933828384283	0.9917454747223491	0.9920463811523985	0.9935061895521856	0.9925184047689196	0.99491318123578	0.9915203594449951	0.994125291341687	0.9935461828753255	0.9915782158837946	0.9934974637003992	0.988906568450409	0.9861327701566498	0.9933508746427845	0.9905429242818959	0.9939012838314569	0.9928100252190729	0.9928553469663299	0.994125291341687	0.9923425591551749	0.9934642429305838	0.9927472720311141	0.9920694547241531	0.9935461828753255	0.9938370025168296	0.9939494130994521	0.9913898777146819	1.0	0.9929567675351593	0.9935624066866264
0.9908226083621675	0.990992724587833	0.9906858816753281	0.9915979906441396	0.9933032642899867	0.9941225280416374	0.9945600942466216	0.9930059828237027	0.9940572270717708	0.99092110189885	0.9942540075105498	0.9927919023664583	0.9934761876328199	0.9932013250417178	0.9939173750603916	0.9943113944076641	0.9929878792713498	0.9933658205512007	0.9924258308302101	0.9936332195572581	0.9941411052272172	0.9928863513455884	0.9940380523062907	0.9894266269805979	0.9873527279305733	0.9946209738960181	0.9912416245728533	0.9939915925141508	0.9939801551898191	0.9933360578346655	0.9946361763567363	0.9926862988974083	0.9947365188773398	0.9930524943836958	0.9926473946530936	0.9929846014616771	0.9947878188116113	0.9945905480456555	0.9929640343805766	0.9929567675351593	1.0	0.9939450674837238
0.9905935939915067	0.9906952577202215	0.9908471688881378	0.992086647143171	0.9934379040357267	0.9951771990486786	0.9950630469082893	0.9933511769335934	0.9944488397280878	0.9912099625119396	0.9937165343988575	0.9923868778383269	0.9931559429125438	0.993798868379661	0.9945607713017252	0.9945175817804828	0.9938100158334812	0.9936082711446456	0.9923080968339276	0.9937782406110364	0.9946810180157537	0.9926288300640312	0.9935462471691845	0.9897566710448108	0.9875463650683809	0.9947950950979736	0.9917372076413117	0.9945400257852378	0.9948832412832352	0.9933871509989041	0.9955487399456022	0.9929781172734528	0.994440495339093	0.9941910076541168	0.9937319717317183	0.9936237590065163	0.9946152500860432	0.9948846531342013	0.9921992187051515	0.9935624066866264	0.9939450674837238	1.0
