/home/jshaw/scratch/2022_sketched_distance/references/SGB_genome_fastas_part4/9209/BritoIL_2016__M1.1.ST__bin.106.fa	/home/jshaw/scratch/2022_sketched_distance/references/SGB_genome_fastas_part4/9209/BritoIL_2016__M1.20.ST__bin.42.fa	/home/jshaw/scratch/2022_sketched_distance/references/SGB_genome_fastas_part4/9209/BritoIL_2016__M1.22.ST__bin.45.fa	/home/jshaw/scratch/2022_sketched_distance/references/SGB_genome_fastas_part4/9209/BritoIL_2016__M1.26.ST__bin.16.fa	/home/jshaw/scratch/2022_sketched_distance/references/SGB_genome_fastas_part4/9209/BritoIL_2016__M1.29.ST__bin.37.fa	/home/jshaw/scratch/2022_sketched_distance/references/SGB_genome_fastas_part4/9209/BritoIL_2016__M1.44.ST__bin.7.fa	/home/jshaw/scratch/2022_sketched_distance/references/SGB_genome_fastas_part4/9209/BritoIL_2016__M1.52.ST__bin.77.fa	/home/jshaw/scratch/2022_sketched_distance/references/SGB_genome_fastas_part4/9209/BritoIL_2016__M2.37.ST__bin.9.fa	/home/jshaw/scratch/2022_sketched_distance/references/SGB_genome_fastas_part4/9209/BritoIL_2016__M2.51.ST__bin.49.fa	/home/jshaw/scratch/2022_sketched_distance/references/SGB_genome_fastas_part4/9209/BritoIL_2016__M2.58.ST__bin.49.fa	/home/jshaw/scratch/2022_sketched_distance/references/SGB_genome_fastas_part4/9209/BritoIL_2016__W1.1.ST__bin.29.fa	/home/jshaw/scratch/2022_sketched_distance/references/SGB_genome_fastas_part4/9209/BritoIL_2016__W1.26.ST__bin.22.fa	/home/jshaw/scratch/2022_sketched_distance/references/SGB_genome_fastas_part4/9209/BritoIL_2016__W1.2.ST__bin.84.fa	/home/jshaw/scratch/2022_sketched_distance/references/SGB_genome_fastas_part4/9209/BritoIL_2016__W1.31.ST__bin.33.fa	/home/jshaw/scratch/2022_sketched_distance/references/SGB_genome_fastas_part4/9209/BritoIL_2016__W1.3.ST__bin.9.fa	/home/jshaw/scratch/2022_sketched_distance/references/SGB_genome_fastas_part4/9209/BritoIL_2016__W1.53.ST__bin.2.fa	/home/jshaw/scratch/2022_sketched_distance/references/SGB_genome_fastas_part4/9209/BritoIL_2016__W1.9.ST__bin.73.fa	/home/jshaw/scratch/2022_sketched_distance/references/SGB_genome_fastas_part4/9209/BritoIL_2016__W2.19.ST__bin.23.fa	/home/jshaw/scratch/2022_sketched_distance/references/SGB_genome_fastas_part4/9209/BritoIL_2016__W2.39.ST__bin.64.fa	/home/jshaw/scratch/2022_sketched_distance/references/SGB_genome_fastas_part4/9209/BritoIL_2016__W2.46.ST__bin.71.fa	/home/jshaw/scratch/2022_sketched_distance/references/SGB_genome_fastas_part4/9209/BritoIL_2016__W2.5.ST__bin.28.fa	/home/jshaw/scratch/2022_sketched_distance/references/SGB_genome_fastas_part4/9209/BritoIL_2016__W2.61.ST__bin.104.fa	/home/jshaw/scratch/2022_sketched_distance/references/SGB_genome_fastas_part4/9209/BritoIL_2016__W2.9.ST__bin.79.fa	/home/jshaw/scratch/2022_sketched_distance/references/SGB_genome_fastas_part4/9209/BritoIL_2016__W3.18.ST__bin.6.fa	/home/jshaw/scratch/2022_sketched_distance/references/SGB_genome_fastas_part4/9209/BritoIL_2016__WL.1.ST__bin.16.fa	/home/jshaw/scratch/2022_sketched_distance/references/SGB_genome_fastas_part4/9209/BritoIL_2016__WL.25.ST__bin.8.fa	/home/jshaw/scratch/2022_sketched_distance/references/SGB_genome_fastas_part4/9209/BritoIL_2016__WL.26.ST__bin.9.fa	/home/jshaw/scratch/2022_sketched_distance/references/SGB_genome_fastas_part4/9209/BritoIL_2016__WL.3.ST__bin.74.fa	/home/jshaw/scratch/2022_sketched_distance/references/SGB_genome_fastas_part4/9209/CM_madagascar__A28_02_1FE__bin.17.fa	/home/jshaw/scratch/2022_sketched_distance/references/SGB_genome_fastas_part4/9209/CM_madagascar__A29_01_1FE__bin.4.fa	/home/jshaw/scratch/2022_sketched_distance/references/SGB_genome_fastas_part4/9209/CM_madagascar__A62_01_1FE__bin.43.fa	/home/jshaw/scratch/2022_sketched_distance/references/SGB_genome_fastas_part4/9209/CM_madagascar__A79_02_1FE__bin.25.fa	/home/jshaw/scratch/2022_sketched_distance/references/SGB_genome_fastas_part4/9209/CM_madagascar__A92_01_1FE__bin.44.fa	/home/jshaw/scratch/2022_sketched_distance/references/SGB_genome_fastas_part4/9209/LeChatelierE_2013__MH0318__bin.90.fa	/home/jshaw/scratch/2022_sketched_distance/references/SGB_genome_fastas_part4/9209/LiuW_2016__SRR3992958__bin.44.fa	/home/jshaw/scratch/2022_sketched_distance/references/SGB_genome_fastas_part4/9209/LiuW_2016__SRR3992977__bin.26.fa	/home/jshaw/scratch/2022_sketched_distance/references/SGB_genome_fastas_part4/9209/LiuW_2016__SRR3992980__bin.10.fa	/home/jshaw/scratch/2022_sketched_distance/references/SGB_genome_fastas_part4/9209/LiuW_2016__SRR3992995__bin.68.fa	/home/jshaw/scratch/2022_sketched_distance/references/SGB_genome_fastas_part4/9209/LiuW_2016__SRR3993004__bin.60.fa	/home/jshaw/scratch/2022_sketched_distance/references/SGB_genome_fastas_part4/9209/LiuW_2016__SRR3993048__bin.23.fa	/home/jshaw/scratch/2022_sketched_distance/references/SGB_genome_fastas_part4/9209/ZeeviD_2015__PNP_Main_293__bin.37.fa
1.0	0.9912058896607797	0.9912771728418407	0.9913442746978406	0.9962443800603302	0.9965570104915477	0.9910687768131077	0.9916556405255067	0.9911655843055839	0.9956010099974427	0.9964448464839121	0.9963661100458331	0.991561708854463	0.9969273306681827	0.9901137240720975	0.9915467208052313	0.9971466289897009	0.997398879181152	0.9940951473256179	0.9913927916067604	0.998225278573793	0.9912002897923096	0.9908421490553675	0.9909084750927024	0.9973851400405067	0.991602689539363	0.9915271132578454	0.9965012041619863	0.9884277073705321	0.9905692646874813	0.9904617009118417	0.9884066902476167	0.989494691511207	0.989286788104979	0.9910849311804834	0.9921031130610054	0.9913094687197154	0.9918692545979998	0.9923334949308135	0.9922419680096607	0.9916786113852983
0.9912058896607797	1.0	0.994505938730332	0.9918720341152146	0.9894328173131302	0.9910040988292385	0.9945400618185721	0.9906281868046121	0.9987517974934138	0.9899762243400057	0.991318857727293	0.9908010677418813	0.9896589768503717	0.9902103022851328	0.9904169870421761	0.9901584282483472	0.9904298619739342	0.9907501143585422	0.9907086689344615	0.9910925340184356	0.9909407855723298	0.9928143186182066	0.9895500899647416	0.9898061294269284	0.9908646491240198	0.9948870918865099	0.9926375047674525	0.9906479711358038	0.9869395233946106	0.9901194691468514	0.9898323550160603	0.9868885976490465	0.9879292816320143	0.9878040900597974	0.9901228901837859	0.9907844272813946	0.9896777927205747	0.9911781434912508	0.9910647610530833	0.9901362331942706	0.9904041070874262
0.9912771728418407	0.994505938730332	1.0	0.9936096052079008	0.9911592609002928	0.9909392329279237	0.9951482709508302	0.9919335434561226	0.9946350379703676	0.9915182686884405	0.9910216814629638	0.9910656739416772	0.9912330519819408	0.9915361876870441	0.9899041547210566	0.991011584719439	0.9917800536233935	0.9906520859426279	0.9919983788284849	0.991036140451038	0.9913287558707713	0.9952831469700456	0.9903956584867383	0.9909463562748984	0.9913937505849484	0.9960364360029312	0.9948532657970796	0.991265727262967	0.9877028035997004	0.9898211794449878	0.9901483246228028	0.9875847202838326	0.988659979536559	0.9891110649726474	0.9911782801146963	0.9919868949504257	0.9910615023527616	0.9926313875867169	0.992465024864185	0.9917458371003974	0.9909754923879636
0.9913442746978406	0.9918720341152146	0.9936096052079008	1.0	0.9894590440111317	0.9916189793885755	0.9943735087072308	0.9820240039102291	0.9933324562993046	0.9916970489042782	0.9913048440990232	0.991501528284993	0.9898117959194955	0.9907678730435571	0.9912653663916946	0.9910076050707465	0.9907076671553032	0.9913245652798509	0.9904049800525105	0.991403332517223	0.9912060612514836	0.9894172946784338	0.9832561485181707	0.9905061843818042	0.9909677703680706	0.9908479772106865	0.9862171531551848	0.9910275044229088	0.9745623823433055	0.9907879173071571	0.9905667584082672	0.9871476771591807	0.9888696877083384	0.9846615931641964	0.9894798988763267	0.9830032455749088	0.9883560003143311	0.9919301573092718	0.9861941252242961	0.9807164452163054	0.9904049800525105
0.9962443800603302	0.9894328173131302	0.9911592609002928	0.9894590440111317	1.0	0.9964595181971619	0.9907729120512762	0.9895863092389291	0.9901096659623424	0.9957868495749158	0.9955904731989189	0.9976892767919413	0.9903412843245707	0.9962330183023079	0.9904497213976867	0.9911327607313825	0.995555697601784	0.9963804188226371	0.9909114288513073	0.9916065422201521	0.995334601768777	0.9881630920830733	0.9879296867647697	0.9897798829752656	0.9957753301304173	0.989016260071792	0.9885846458133656	0.997174111599681	0.9862258229346537	0.9912914438554646	0.9899726566934205	0.9864399477610507	0.9885703230660906	0.9871476291554894	0.988603514233241	0.9896795097172469	0.9886675194432853	0.9904226455025893	0.9899348457727541	0.9895499904413946	0.9908799431861882
0.9965570104915477	0.9910040988292385	0.9909392329279237	0.9916189793885755	0.9964595181971619	1.0	0.9909418059082852	0.9919681176506107	0.9911902077034236	0.9957751559765445	0.9962986082310881	0.996511085976957	0.992147651445755	0.9968852249115675	0.9903490094918139	0.9917926992976576	0.9970943193724162	0.996522474599178	0.9943147298816158	0.9920122817074174	0.9960468276138602	0.9913541250002276	0.9914541570823958	0.9909715862828589	0.9968178490836929	0.991805976363501	0.9915430143280497	0.9960828650010272	0.9884698560145623	0.9908149062431074	0.9904741742981535	0.9884346714149143	0.9896008733843413	0.9894140011436292	0.9912580840996769	0.9923343311850522	0.9913369060164071	0.9919065391822539	0.9923334949308135	0.9922243766260429	0.9917152064964754
0.9910687768131077	0.9945400618185721	0.9951482709508302	0.9943735087072308	0.9907729120512762	0.9909418059082852	1.0	0.991794883998609	0.9950428704942123	0.9915059219362552	0.9913758001962316	0.9910169220082923	0.9911694722547855	0.991461835451155	0.9902996149005305	0.9913113333215695	0.9915333194637493	0.990676734548908	0.9921285215321789	0.9910143209510025	0.9915222903093931	0.9952707533362036	0.9906833802782142	0.9911351133034664	0.9912463859616704	0.9958575860911439	0.9984359721029493	0.9911682060563475	0.9875298935860596	0.9900599127036789	0.9899588606744161	0.9880124377097284	0.9892545250032274	0.9894774241225157	0.9913774298442987	0.9921031130610054	0.9909922912203791	0.992473033993476	0.9926685932050908	0.991799351466358	0.9910875107321765
0.9916556405255067	0.9906281868046121	0.9919335434561226	0.9820240039102291	0.9895863092389291	0.9919681176506107	0.991794883998609	1.0	0.9917601280769158	0.9910927250192835	0.9919162427921723	0.9916207378175381	0.9905741633317157	0.991074978448287	0.9912696683978488	0.9914807572530634	0.9912166848126779	0.9917079255847023	0.9901022194025683	0.992140448443931	0.9914982872797974	0.9875368915939513	0.984625307872238	0.991163616126945	0.9910216814629638	0.9887969903912297	0.9832359921888199	0.9914982872797974	0.9775523081372952	0.9915508216409749	0.9910394566805659	0.9873585531061863	0.9892690956482444	0.9848405226370974	0.989549147954606	0.9824379244708126	0.9884528382102495	0.9914982872797974	0.9861030078331727	0.9812123014035293	0.9912343554496447
0.9911655843055839	0.9987517974934138	0.9946350379703676	0.9933324562993046	0.9901096659623424	0.9911902077034236	0.9950428704942123	0.9917601280769158	1.0	0.9906933221836303	0.9916181732924993	0.9910916038095219	0.9908497251273162	0.9911251645100853	0.9906066491255346	0.9912615636894165	0.9910845021838348	0.9909679336275367	0.9917496875411503	0.991484266054167	0.9912148127639083	0.9935796925223105	0.9904918446057835	0.9907438193934218	0.9908501695951912	0.9952787026652402	0.9938010508086546	0.9909555411064834	0.9881098618867855	0.9904182152364991	0.9902033484907788	0.9881678858730059	0.9891875004979358	0.9889344002628111	0.9909242881762831	0.9916861590152103	0.9906020057157089	0.9919437817693697	0.9924358411519593	0.9908409322430833	0.9907628600762322
0.9956010099974427	0.9899762243400057	0.9915182686884405	0.9916970489042782	0.9957868495749158	0.9957751559765445	0.9915059219362552	0.9910927250192835	0.9906933221836303	1.0	0.994828187720808	0.9964627460900388	0.9912330519819408	0.9956184664210453	0.9906172952892935	0.990721750628165	0.9953753748996643	0.9951394804514188	0.9927334253033141	0.9921419155771869	0.9949174270447237	0.9902619224170368	0.9900892068677372	0.9902963909453839	0.9949841993035712	0.9913570833854639	0.9905751408588926	0.9966006899878718	0.9881098618867855	0.9907944198707258	0.9903114249391689	0.9882664268255348	0.9886190491387712	0.9882838806896065	0.9903284868860397	0.9911787709265009	0.9904755708280109	0.991012656101826	0.991742504453127	0.9911877217538214	0.9907059763327568
0.9964448464839121	0.991318857727293	0.9910216814629638	0.9913048440990232	0.9955904731989189	0.9962986082310881	0.9913758001962316	0.9919162427921723	0.9916181732924993	0.994828187720808	1.0	0.9960991063679411	0.9916119826132384	0.9961180505141175	0.9904270810549373	0.9914478145561708	0.9968947885524269	0.9962776643874166	0.9937259114258022	0.991641933142271	0.9956003889420104	0.9910598153258812	0.9908579840348203	0.99070570506178	0.9966927789855685	0.9919811527811441	0.9911109768227514	0.9956110783459994	0.9883432479768085	0.9905642923572923	0.9903895606096303	0.9882383023344891	0.9893748268794814	0.9892389564114618	0.9914963461207459	0.9920699495437068	0.9909506948288872	0.9912035296759528	0.9921278475173247	0.991710112668999	0.9912733680417894
0.9963661100458331	0.9908010677418813	0.9910656739416772	0.991501528284993	0.9976892767919413	0.996511085976957	0.9910169220082923	0.9916207378175381	0.9910916038095219	0.9964627460900388	0.9960991063679411	1.0	0.9915491284575788	0.9972518540342242	0.9902768731110279	0.9918661373498329	0.9966516371677279	0.9962621669871544	0.9934899152066056	0.9916929889721702	0.9956126475689945	0.9908621420974416	0.9906196584213813	0.990895838371565	0.9963885679636302	0.9916977123178891	0.9909333289692671	0.9973831824044931	0.9885539918981988	0.9909803107838675	0.990424252452656	0.9883366331840168	0.9895743599432982	0.9893027165974216	0.9909377049722904	0.9921196823564693	0.9912545256845294	0.9915569035106623	0.9924941828544427	0.9921362790834768	0.9914704702942193
0.991561708854463	0.9896589768503717	0.9912330519819408	0.9898117959194955	0.9903412843245707	0.992147651445755	0.9911694722547855	0.9905741633317157	0.9908497251273162	0.9912330519819408	0.9916119826132384	0.9915491284575788	1.0	0.9914987589301012	0.9911057699397993	0.9912584496555393	0.9912457532590095	0.9916621800232082	0.9914063126266586	0.9918247971591807	0.9914987589301012	0.989532845718029	0.9895830157043306	0.9905787245182491	0.9911185202328968	0.9902570141641198	0.9895611611076366	0.9915994213404642	0.9875082158353922	0.9911821979918831	0.9901614461401856	0.9873109298836774	0.9883682546306951	0.9877707419560829	0.9903558032800145	0.9913995961939684	0.9900363286296285	0.990487894482805	0.9910647610530833	0.990749063456232	0.990862574615573
0.9969273306681827	0.9902103022851328	0.9915361876870441	0.9907678730435571	0.9962330183023079	0.9968852249115675	0.991461835451155	0.991074978448287	0.9911251645100853	0.9956184664210453	0.9961180505141175	0.9972518540342242	0.9914987589301012	1.0	0.990261729441805	0.9908735479336573	0.9962029764223898	0.9965996068184831	0.9931264363365169	0.9921007326676	0.9961396019488232	0.9902041853896054	0.9903635340708495	0.9903863630314355	0.9965570834147336	0.9909852169974935	0.9901467562561832	0.99703236224481	0.9880245825417822	0.9909995957934484	0.9906581563524732	0.9876707094278661	0.9886190491387712	0.9887891488599128	0.9903558032800145	0.991568463300728	0.990489643081855	0.9908847915800538	0.9918020811083252	0.9910421485963945	0.9910247477495623
0.9901137240720975	0.9904169870421761	0.9899041547210566	0.9912653663916946	0.9904497213976867	0.9903490094918139	0.9902996149005305	0.9912696683978488	0.9906066491255346	0.9906172952892935	0.9904270810549373	0.9902768731110279	0.9911057699397993	0.990261729441805	1.0	0.9908984740761122	0.9904252517782958	0.9902801315758567	0.9908304741966432	0.9902006034244939	0.9902435613574708	0.9903770943869671	0.9895830157043306	0.9972997192218362	0.9903481198268989	0.9907628600762322	0.9903781154111226	0.9900507795629533	0.9878104130108812	0.98994704379988	0.9895894499118064	0.987770747057764	0.9888774206131259	0.988513026179553	0.9908974382237989	0.9910763516500621	0.990447408313513	0.9910381697198641	0.9916379862480427	0.991224015041314	0.9904603232613176
0.9915467208052313	0.9901584282483472	0.991011584719439	0.9910076050707465	0.9911327607313825	0.9917926992976576	0.9913113333215695	0.9914807572530634	0.9912615636894165	0.990721750628165	0.9914478145561708	0.9918661373498329	0.9912584496555393	0.9908735479336573	0.9908984740761122	1.0	0.9909839316072112	0.9917313760590505	0.9917628232987856	0.9918049503069886	0.9916083872455771	0.9901173900357857	0.9902830859970854	0.9905016822921104	0.9907976050694514	0.9909020084742252	0.9903945791820029	0.9914849390946926	0.9877458895774511	0.9929722345032715	0.9908354670565918	0.9881255636263014	0.9892946744115728	0.9888214823098798	0.9909108659282881	0.9919203007471086	0.9910199930765903	0.9915569035106623	0.9920540910097353	0.9913507285293129	0.9914973046794501
0.9971466289897009	0.9904298619739342	0.9917800536233935	0.9907076671553032	0.995555697601784	0.9970943193724162	0.9915333194637493	0.9912166848126779	0.9910845021838348	0.9953753748996643	0.9968947885524269	0.9966516371677279	0.9912457532590095	0.9962029764223898	0.9904252517782958	0.9909839316072112	1.0	0.9970209473196947	0.9934150393452291	0.9920980795163132	0.9961706960990009	0.9904918659493637	0.9902347228756282	0.9900768608446014	0.9969579278032767	0.9913981447089255	0.9905259946137045	0.9964920959990962	0.9876596611626269	0.9910216814629638	0.9907057731217958	0.9875416413363683	0.9885233467071594	0.9886757313344291	0.9903967355362088	0.9911276009768046	0.9905177696087246	0.9909359967995235	0.9917574086854404	0.9913145742319381	0.9911095970615493
0.997398879181152	0.9907501143585422	0.9906520859426279	0.9913245652798509	0.9963804188226371	0.996522474599178	0.990676734548908	0.9917079255847023	0.9909679336275367	0.9951394804514188	0.9962776643874166	0.9962621669871544	0.9916621800232082	0.9965996068184831	0.9902801315758567	0.9917313760590505	0.9970209473196947	1.0	0.9940951473256179	0.9914438977053199	0.9967443448816607	0.990691761169288	0.9904598136926291	0.9903349804414512	0.9968386484052191	0.9911647863165615	0.9907384353915796	0.9960302000885954	0.9880672498157632	0.9906520859426279	0.9901105187488758	0.9884346714149143	0.9894015011369673	0.9889504998691867	0.9913376958037148	0.9919868949504257	0.9912132583694854	0.9912922280352034	0.9923627690344189	0.9918527793482962	0.9912980702127204
0.9940951473256179	0.9907086689344615	0.9919983788284849	0.9904049800525105	0.9909114288513073	0.9943147298816158	0.9921285215321789	0.9901022194025683	0.9917496875411503	0.9927334253033141	0.9937259114258022	0.9934899152066056	0.9914063126266586	0.9931264363365169	0.9908304741966432	0.9917628232987856	0.9934150393452291	0.9940951473256179	1.0	0.9968422281693995	0.9934150393452291	0.9892663830871427	0.9934746041635835	0.990463702201293	0.9934774476473389	0.9899154251878326	0.9895273824981794	0.99323966773905	0.986651448014804	0.9915784459859506	0.9909383697035802	0.9876714459753553	0.9890401261421781	0.9872494792890811	0.98952150956004	0.9901751559730012	0.9891252437342594	0.9914328531069077	0.9905433059789288	0.9895690650013208	0.9914726239054823
0.9913927916067604	0.9910925340184356	0.991036140451038	0.991403332517223	0.9916065422201521	0.9920122817074174	0.9910143209510025	0.992140448443931	0.991484266054167	0.9921419155771869	0.991641933142271	0.9916929889721702	0.9918247971591807	0.9921007326676	0.9902006034244939	0.9918049503069886	0.9920980795163132	0.9914438977053199	0.9968422281693995	1.0	0.9916426763441634	0.9910598153258812	0.9990367370132226	0.9912603548283068	0.9913692354069296	0.991900417440185	0.9914793640943091	0.9913750956765527	0.9883009369449626	0.9908515953953198	0.9905613563057387	0.9885602934376099	0.9903476869883752	0.9894615798079534	0.9907898196114365	0.9917699715543549	0.9912407756388796	0.9913806889364646	0.991994967129174	0.9914589546945624	0.991519562721668
0.998225278573793	0.9909407855723298	0.9913287558707713	0.9912060612514836	0.995334601768777	0.9960468276138602	0.9915222903093931	0.9914982872797974	0.9912148127639083	0.9949174270447237	0.9956003889420104	0.9956126475689945	0.9914987589301012	0.9961396019488232	0.9902435613574708	0.9916083872455771	0.9961706960990009	0.9967443448816607	0.9934150393452291	0.9916426763441634	1.0	0.990904600345498	0.9906037087252187	0.9906929905028391	0.9960709069632532	0.991548267908613	0.9913996285276558	0.9956591876259117	0.9880459230882294	0.9904809021181525	0.990424252452656	0.9882945273257124	0.9894414721154474	0.989046932741717	0.991031470266068	0.9919203007471086	0.9910615023527616	0.9916696902018654	0.9921867345144237	0.9919061210299288	0.9914213048342697
0.9912002897923096	0.9928143186182066	0.9952831469700456	0.9894172946784338	0.9881630920830733	0.9913541250002276	0.9952707533362036	0.9875368915939513	0.9935796925223105	0.9902619224170368	0.9910598153258812	0.9908621420974416	0.989532845718029	0.9902041853896054	0.9903770943869671	0.9901173900357857	0.9904918659493637	0.990691761169288	0.9892663830871427	0.9910598153258812	0.990904600345498	1.0	0.9861706946556834	0.9896505860576028	0.9909611265781451	0.9920991020435872	0.9906242140627506	0.9907628600762322	0.9838900143975132	0.9898702229351274	0.9899867675069295	0.9861345616310707	0.9875738122811303	0.9846585555003715	0.9888776508830722	0.9883511335147938	0.9875581615967969	0.9911301272203119	0.9883213902503479	0.9881666871562543	0.9903914626714243
0.9908421490553675	0.9895500899647416	0.9903956584867383	0.9832561485181707	0.9879296867647697	0.9914541570823958	0.9906833802782142	0.984625307872238	0.9904918446057835	0.9900892068677372	0.9908579840348203	0.9906196584213813	0.9895830157043306	0.9903635340708495	0.9895830157043306	0.9902830859970854	0.9902347228756282	0.9904598136926291	0.9934746041635835	0.9990367370132226	0.9906037087252187	0.9861706946556834	1.0	0.9894841397203745	0.9902024413823253	0.9879123810785185	0.9836608175390785	0.9903152887569433	0.9805811931607611	0.9900405586072173	0.9897143909995053	0.9859325677037666	0.987946983361422	0.9831124009230648	0.9877736071935025	0.9834978889400684	0.9868033628328695	0.9892688860762164	0.9848486097529349	0.9831461131217425	0.9900243265710836
0.9909084750927024	0.9898061294269284	0.9909463562748984	0.9905061843818042	0.9897798829752656	0.9909715862828589	0.9911351133034664	0.991163616126945	0.9907438193934218	0.9902963909453839	0.99070570506178	0.990895838371565	0.9905787245182491	0.9903863630314355	0.9972997192218362	0.9905016822921104	0.9900768608446014	0.9903349804414512	0.990463702201293	0.9912603548283068	0.9906929905028391	0.9896505860576028	0.9894841397203745	1.0	0.9904504790098312	0.9903277357234612	0.9899805011366808	0.9907311195032458	0.9873560705116518	0.9904504790098312	0.9902835177486606	0.9872529984347136	0.9883586359154307	0.9876704945045354	0.9898051331075268	0.9912298617487342	0.9900790923211249	0.9904203364062194	0.991322433827647	0.9904533539778887	0.99070570506178
0.9973851400405067	0.9908646491240198	0.9913937505849484	0.9909677703680706	0.9957753301304173	0.9968178490836929	0.9912463859616704	0.9910216814629638	0.9908501695951912	0.9949841993035712	0.9966927789855685	0.9963885679636302	0.9911185202328968	0.9965570834147336	0.9903481198268989	0.9907976050694514	0.9969579278032767	0.9968386484052191	0.9934774476473389	0.9913692354069296	0.9960709069632532	0.9909611265781451	0.9902024413823253	0.9904504790098312	1.0	0.991900417440185	0.9904274821127392	0.99602832162539	0.9879390818019352	0.9906502647413045	0.9903860395051153	0.9874553139404963	0.9884822461382338	0.9888699230913498	0.9908302176958128	0.9917532260372817	0.9908673445676618	0.9912922280352034	0.9918615505951409	0.9918527793482962	0.9907754058250138
0.991602689539363	0.9948870918865099	0.9960364360029312	0.9908479772106865	0.989016260071792	0.991805976363501	0.9958575860911439	0.9887969903912297	0.9952787026652402	0.9913570833854639	0.9919811527811441	0.9916977123178891	0.9902570141641198	0.9909852169974935	0.9907628600762322	0.9909020084742252	0.9913981447089255	0.9911647863165615	0.9899154251878326	0.991900417440185	0.991548267908613	0.9920991020435872	0.9879123810785185	0.9903277357234612	0.991900417440185	1.0	0.9919694771646217	0.991343384931705	0.9848208458340301	0.9907768013271048	0.9906930654065907	0.986812336776615	0.9884228628911013	0.9858648380959442	0.9892652546910372	0.9889217902611849	0.9880673545298607	0.992182132927967	0.9893470290610266	0.9886604150061721	0.9910543976799101
0.9915271132578454	0.9926375047674525	0.9948532657970796	0.9862171531551848	0.9885846458133656	0.9915430143280497	0.9984359721029493	0.9832359921888199	0.9938010508086546	0.9905751408588926	0.9911109768227514	0.9909333289692671	0.9895611611076366	0.9901467562561832	0.9903781154111226	0.9903945791820029	0.9905259946137045	0.9907384353915796	0.9895273824981794	0.9914793640943091	0.9913996285276558	0.9906242140627506	0.9836608175390785	0.9899805011366808	0.9904274821127392	0.9919694771646217	1.0	0.9906895317621551	0.9793253078084593	0.9900969676024624	0.9902626385334943	0.9861306401731716	0.9878105443276627	0.983478530101732	0.9883052545776814	0.9832385832251496	0.9872359071084944	0.9913197001081594	0.9856018513791767	0.9828433391786754	0.9906078644302098
0.9965012041619863	0.9906479711358038	0.991265727262967	0.9910275044229088	0.997174111599681	0.9960828650010272	0.9911682060563475	0.9914982872797974	0.9909555411064834	0.9966006899878718	0.9956110783459994	0.9973831824044931	0.9915994213404642	0.99703236224481	0.9900507795629533	0.9914849390946926	0.9964920959990962	0.9960302000885954	0.99323966773905	0.9913750956765527	0.9956591876259117	0.9907628600762322	0.9903152887569433	0.9907311195032458	0.99602832162539	0.991343384931705	0.9906895317621551	1.0	0.9883009369449626	0.9905022980895382	0.9900979071611191	0.9881537844987555	0.9889045001634768	0.9888214823098798	0.990695364795359	0.9917197095345222	0.9909229347718225	0.9911654430804964	0.9921425790995039	0.991710112668999	0.9911619791647975
0.9884277073705321	0.9869395233946106	0.9877028035997004	0.9745623823433055	0.9862258229346537	0.9884698560145623	0.9875298935860596	0.9775523081372952	0.9881098618867855	0.9881098618867855	0.9883432479768085	0.9885539918981988	0.9875082158353922	0.9880245825417822	0.9878104130108812	0.9877458895774511	0.9876596611626269	0.9880672498157632	0.986651448014804	0.9883009369449626	0.9880459230882294	0.9838900143975132	0.9805811931607611	0.9873560705116518	0.9879390818019352	0.9848208458340301	0.9793253078084593	0.9883009369449626	1.0	0.9884698560145623	0.9874648174584374	0.9878104130108812	0.9884487884323049	0.9793253078084593	0.9865622994182426	0.980285235531859	0.9851486540610715	0.9878748102521034	0.9841792469441161	0.9782213317410445	0.9878533584954093
0.9905692646874813	0.9901194691468514	0.9898211794449878	0.9907879173071571	0.9912914438554646	0.9908149062431074	0.9900599127036789	0.9915508216409749	0.9904182152364991	0.9907944198707258	0.9905642923572923	0.9909803107838675	0.9911821979918831	0.9909995957934484	0.98994704379988	0.9929722345032715	0.9910216814629638	0.9906520859426279	0.9915784459859506	0.9908515953953198	0.9904809021181525	0.9898702229351274	0.9900405586072173	0.9904504790098312	0.9906502647413045	0.9907768013271048	0.9900969676024624	0.9905022980895382	0.9884698560145623	1.0	0.990399263193361	0.9882804800718812	0.9895478251740525	0.9890950436064371	0.9907628600762322	0.9913148379544566	0.9907698360022176	0.9912288963702999	0.9918020811083252	0.9909691207549625	0.9910875107321765
0.9904617009118417	0.9898323550160603	0.9901483246228028	0.9905667584082672	0.9899726566934205	0.9904741742981535	0.9899588606744161	0.9910394566805659	0.9902033484907788	0.9903114249391689	0.9903895606096303	0.990424252452656	0.9901614461401856	0.9906581563524732	0.9895894499118064	0.9908354670565918	0.9907057731217958	0.9901105187488758	0.9909383697035802	0.9905613563057387	0.990424252452656	0.9899867675069295	0.9897143909995053	0.9902835177486606	0.9903860395051153	0.9906930654065907	0.9902626385334943	0.9900979071611191	0.9874648174584374	0.990399263193361	1.0	0.9875272691501699	0.988564396073878	0.9884803885200436	0.9902464018141044	0.9914165217858575	0.9902070519365203	0.9905241147091483	0.9913676976329144	0.9912058733809017	0.9906245413578951
0.9884066902476167	0.9868885976490465	0.9875847202838326	0.9871476771591807	0.9864399477610507	0.9884346714149143	0.9880124377097284	0.9873585531061863	0.9881678858730059	0.9882664268255348	0.9882383023344891	0.9883366331840168	0.9873109298836774	0.9876707094278661	0.987770747057764	0.9881255636263014	0.9875416413363683	0.9884346714149143	0.9876714459753553	0.9885602934376099	0.9882945273257124	0.9861345616310707	0.9859325677037666	0.9872529984347136	0.9874553139404963	0.986812336776615	0.9861306401731716	0.9881537844987555	0.9878104130108812	0.9882804800718812	0.9875272691501699	1.0	0.9977135620698724	0.9844192781259332	0.9870408912988877	0.9879212628562819	0.9869586982208841	0.9878562523458774	0.9880724122658624	0.9875642755032537	0.9878562523458774
0.989494691511207	0.9879292816320143	0.988659979536559	0.9888696877083384	0.9885703230660906	0.9896008733843413	0.9892545250032274	0.9892690956482444	0.9891875004979358	0.9886190491387712	0.9893748268794814	0.9895743599432982	0.9883682546306951	0.9886190491387712	0.9888774206131259	0.9892946744115728	0.9885233467071594	0.9894015011369673	0.9890401261421781	0.9903476869883752	0.9894414721154474	0.9875738122811303	0.987946983361422	0.9883586359154307	0.9884822461382338	0.9884228628911013	0.9878105443276627	0.9889045001634768	0.9884487884323049	0.9895478251740525	0.988564396073878	0.9977135620698724	1.0	0.9863909345891274	0.9882706968002299	0.9892305866454693	0.9884137839903184	0.9890812688707709	0.9892828492804753	0.98862118789329	0.9888096242472635
0.989286788104979	0.9878040900597974	0.9891110649726474	0.9846615931641964	0.9871476291554894	0.9894140011436292	0.9894774241225157	0.9848405226370974	0.9889344002628111	0.9882838806896065	0.9892389564114618	0.9893027165974216	0.9877707419560829	0.9887891488599128	0.988513026179553	0.9888214823098798	0.9886757313344291	0.9889504998691867	0.9872494792890811	0.9894615798079534	0.989046932741717	0.9846585555003715	0.9831124009230648	0.9876704945045354	0.9888699230913498	0.9858648380959442	0.983478530101732	0.9888214823098798	0.9793253078084593	0.9890950436064371	0.9884803885200436	0.9844192781259332	0.9863909345891274	1.0	0.9871985936271446	0.9841373205909263	0.9861113979985443	0.9894615798079534	0.9838846748315582	0.9831924464215117	0.9890950436064371
0.9910849311804834	0.9901228901837859	0.9911782801146963	0.9894798988763267	0.988603514233241	0.9912580840996769	0.9913774298442987	0.989549147954606	0.9909242881762831	0.9903284868860397	0.9914963461207459	0.9909377049722904	0.9903558032800145	0.9903558032800145	0.9908974382237989	0.9909108659282881	0.9903967355362088	0.9913376958037148	0.98952150956004	0.9907898196114365	0.991031470266068	0.9888776508830722	0.9877736071935025	0.9898051331075268	0.9908302176958128	0.9892652546910372	0.9883052545776814	0.990695364795359	0.9865622994182426	0.9907628600762322	0.9902464018141044	0.9870408912988877	0.9882706968002299	0.9871985936271446	1.0	0.9917364720335875	0.9894317434118687	0.9914038926872731	0.9909122446807784	0.9908042153883775	0.991031470266068
0.9921031130610054	0.9907844272813946	0.9919868949504257	0.9830032455749088	0.9896795097172469	0.9923343311850522	0.9921031130610054	0.9824379244708126	0.9916861590152103	0.9911787709265009	0.9920699495437068	0.9921196823564693	0.9913995961939684	0.991568463300728	0.9910763516500621	0.9919203007471086	0.9911276009768046	0.9919868949504257	0.9901751559730012	0.9917699715543549	0.9919203007471086	0.9883511335147938	0.9834978889400684	0.9912298617487342	0.9917532260372817	0.9889217902611849	0.9832385832251496	0.9917197095345222	0.980285235531859	0.9913148379544566	0.9914165217858575	0.9879212628562819	0.9892305866454693	0.9841373205909263	0.9917364720335875	1.0	0.9927269834345437	0.9922189241766644	0.9890311077847055	0.9901174838094764	0.9919536146141197
0.9913094687197154	0.9896777927205747	0.9910615023527616	0.9883560003143311	0.9886675194432853	0.9913369060164071	0.9909922912203791	0.9884528382102495	0.9906020057157089	0.9904755708280109	0.9909506948288872	0.9912545256845294	0.9900363286296285	0.990489643081855	0.990447408313513	0.9910199930765903	0.9905177696087246	0.9912132583694854	0.9891252437342594	0.9912407756388796	0.9910615023527616	0.9875581615967969	0.9868033628328695	0.9900790923211249	0.9908673445676618	0.9880673545298607	0.9872359071084944	0.9909229347718225	0.9851486540610715	0.9907698360022176	0.9902070519365203	0.9869586982208841	0.9884137839903184	0.9861113979985443	0.9894317434118687	0.9927269834345437	1.0	0.991555588146175	0.9902014520813117	0.9932124500298829	0.9912957415233722
0.9918692545979998	0.9911781434912508	0.9926313875867169	0.9919301573092718	0.9904226455025893	0.9919065391822539	0.992473033993476	0.9914982872797974	0.9919437817693697	0.991012656101826	0.9912035296759528	0.9915569035106623	0.990487894482805	0.9908847915800538	0.9910381697198641	0.9915569035106623	0.9909359967995235	0.9912922280352034	0.9914328531069077	0.9913806889364646	0.9916696902018654	0.9911301272203119	0.9892688860762164	0.9904203364062194	0.9912922280352034	0.992182132927967	0.9913197001081594	0.9911654430804964	0.9878748102521034	0.9912288963702999	0.9905241147091483	0.9878562523458774	0.9890812688707709	0.9894615798079534	0.9914038926872731	0.9922189241766644	0.991555588146175	1.0	0.992870916815651	0.9919593767935717	0.9912922280352034
0.9923334949308135	0.9910647610530833	0.992465024864185	0.9861941252242961	0.9899348457727541	0.9923334949308135	0.9926685932050908	0.9861030078331727	0.9924358411519593	0.991742504453127	0.9921278475173247	0.9924941828544427	0.9910647610530833	0.9918020811083252	0.9916379862480427	0.9920540910097353	0.9917574086854404	0.9923627690344189	0.9905433059789288	0.991994967129174	0.9921867345144237	0.9883213902503479	0.9848486097529349	0.991322433827647	0.9918615505951409	0.9893470290610266	0.9856018513791767	0.9921425790995039	0.9841792469441161	0.9918020811083252	0.9913676976329144	0.9880724122658624	0.9892828492804753	0.9838846748315582	0.9909122446807784	0.9890311077847055	0.9902014520813117	0.992870916815651	1.0	0.9886015568126888	0.9921278475173247
0.9922419680096607	0.9901362331942706	0.9917458371003974	0.9807164452163054	0.9895499904413946	0.9922243766260429	0.991799351466358	0.9812123014035293	0.9908409322430833	0.9911877217538214	0.991710112668999	0.9921362790834768	0.990749063456232	0.9910421485963945	0.991224015041314	0.9913507285293129	0.9913145742319381	0.9918527793482962	0.9895690650013208	0.9914589546945624	0.9919061210299288	0.9881666871562543	0.9831461131217425	0.9904533539778887	0.9918527793482962	0.9886604150061721	0.9828433391786754	0.991710112668999	0.9782213317410445	0.9909691207549625	0.9912058733809017	0.9875642755032537	0.98862118789329	0.9831924464215117	0.9908042153883775	0.9901174838094764	0.9932124500298829	0.9919593767935717	0.9886015568126888	1.0	0.9919238824836851
0.9916786113852983	0.9904041070874262	0.9909754923879636	0.9904049800525105	0.9908799431861882	0.9917152064964754	0.9910875107321765	0.9912343554496447	0.9907628600762322	0.9907059763327568	0.9912733680417894	0.9914704702942193	0.990862574615573	0.9910247477495623	0.9904603232613176	0.9914973046794501	0.9911095970615493	0.9912980702127204	0.9914726239054823	0.991519562721668	0.9914213048342697	0.9903914626714243	0.9900243265710836	0.99070570506178	0.9907754058250138	0.9910543976799101	0.9906078644302098	0.9911619791647975	0.9878533584954093	0.9910875107321765	0.9906245413578951	0.9878562523458774	0.9888096242472635	0.9890950436064371	0.991031470266068	0.9919536146141197	0.9912957415233722	0.9912922280352034	0.9921278475173247	0.9919238824836851	1.0
