/home/jshaw/scratch/2022_sketched_distance/references/SGB_genome_fastas_part1_redo/1615/BritoIL_2016__W1.27.ST__bin.24.fa	/home/jshaw/scratch/2022_sketched_distance/references/SGB_genome_fastas_part1_redo/1615/BritoIL_2016__W1.3.ST__bin.50.fa	/home/jshaw/scratch/2022_sketched_distance/references/SGB_genome_fastas_part1_redo/1615/BritoIL_2016__W1.41.ST__bin.84.fa	/home/jshaw/scratch/2022_sketched_distance/references/SGB_genome_fastas_part1_redo/1615/BritoIL_2016__W2.21.ST__bin.1.fa	/home/jshaw/scratch/2022_sketched_distance/references/SGB_genome_fastas_part1_redo/1615/BritoIL_2016__WL.9.ST__bin.10.fa	/home/jshaw/scratch/2022_sketched_distance/references/SGB_genome_fastas_part1_redo/1615/ChengpingW_2017__AS12raw__bin.8.fa	/home/jshaw/scratch/2022_sketched_distance/references/SGB_genome_fastas_part1_redo/1615/ChengpingW_2017__AS71raw__bin.30.fa	/home/jshaw/scratch/2022_sketched_distance/references/SGB_genome_fastas_part1_redo/1615/CosteaPI_2017__pluto1-11-0-0__bin.45.fa	/home/jshaw/scratch/2022_sketched_distance/references/SGB_genome_fastas_part1_redo/1615/CosteaPI_2017__SID713A081-11-90-0__bin.30.fa	/home/jshaw/scratch/2022_sketched_distance/references/SGB_genome_fastas_part1_redo/1615/CosteaPI_2017__SID713B055-11-90-0__bin.39.fa	/home/jshaw/scratch/2022_sketched_distance/references/SGB_genome_fastas_part1_redo/1615/CosteaPI_2017__SID713B072-11-0-0__bin.11.fa	/home/jshaw/scratch/2022_sketched_distance/references/SGB_genome_fastas_part1_redo/1615/CosteaPI_2017__SID713B072-11-90-0__bin.43.fa	/home/jshaw/scratch/2022_sketched_distance/references/SGB_genome_fastas_part1_redo/1615/LeChatelierE_2013__MH0031__bin.13.fa	/home/jshaw/scratch/2022_sketched_distance/references/SGB_genome_fastas_part1_redo/1615/LeChatelierE_2013__MH0120__bin.8.fa	/home/jshaw/scratch/2022_sketched_distance/references/SGB_genome_fastas_part1_redo/1615/LeChatelierE_2013__MH0276__bin.105.fa	/home/jshaw/scratch/2022_sketched_distance/references/SGB_genome_fastas_part1_redo/1615/LiJ_2014__V1.FI09__bin.4.fa	/home/jshaw/scratch/2022_sketched_distance/references/SGB_genome_fastas_part1_redo/1615/LiJ_2014__V1.FI24__bin.39.fa	/home/jshaw/scratch/2022_sketched_distance/references/SGB_genome_fastas_part1_redo/1615/LiuW_2016__SRR3992961__bin.108.fa	/home/jshaw/scratch/2022_sketched_distance/references/SGB_genome_fastas_part1_redo/1615/LiuW_2016__SRR3993054__bin.11.fa	/home/jshaw/scratch/2022_sketched_distance/references/SGB_genome_fastas_part1_redo/1615/NielsenHB_2014__MH0031__bin.7.fa	/home/jshaw/scratch/2022_sketched_distance/references/SGB_genome_fastas_part1_redo/1615/Obregon-TitoAJ_2015__HCO12__bin.25.fa	/home/jshaw/scratch/2022_sketched_distance/references/SGB_genome_fastas_part1_redo/1615/SchirmerM_2016__G88968__bin.4.fa	/home/jshaw/scratch/2022_sketched_distance/references/SGB_genome_fastas_part1_redo/1615/VincentC_2016__MM019.3__bin.15.fa	/home/jshaw/scratch/2022_sketched_distance/references/SGB_genome_fastas_part1_redo/1615/VincentC_2016__MM022.3__bin.12.fa	/home/jshaw/scratch/2022_sketched_distance/references/SGB_genome_fastas_part1_redo/1615/ZeeviD_2015__PNP_Main_170__bin.64.fa	/home/jshaw/scratch/2022_sketched_distance/references/SGB_genome_fastas_part1_redo/1615/ZeeviD_2015__PNP_Main_186__bin.52.fa	/home/jshaw/scratch/2022_sketched_distance/references/SGB_genome_fastas_part1_redo/1615/ZeeviD_2015__PNP_Main_23__bin.13.fa	/home/jshaw/scratch/2022_sketched_distance/references/SGB_genome_fastas_part1_redo/1615/ZeeviD_2015__PNP_Main_374__bin.35.fa	/home/jshaw/scratch/2022_sketched_distance/references/SGB_genome_fastas_part1_redo/1615/ZeeviD_2015__PNP_Main_438__bin.27.fa	/home/jshaw/scratch/2022_sketched_distance/references/SGB_genome_fastas_part1_redo/1615/ZeeviD_2015__PNP_Main_488__bin.23.fa	/home/jshaw/scratch/2022_sketched_distance/references/SGB_genome_fastas_part1_redo/1615/ZeeviD_2015__PNP_Main_538__bin.2.fa	/home/jshaw/scratch/2022_sketched_distance/references/SGB_genome_fastas_part1_redo/1615/ZeeviD_2015__PNP_Main_709__bin.19.fa	/home/jshaw/scratch/2022_sketched_distance/references/SGB_genome_fastas_part1_redo/1615/ZellerG_2014__CCIS16383318ST-4-0__bin.63.fa
1.0	0.9807651843589745	0.9771198680571648	0.9746521413679297	0.9803875268134389	0.9765563277813116	0.9692863455345552	0.9649565040317094	0.9678374151562065	0.9616589702978697	0.9690500961045084	0.9703933375622709	0.9696872250330347	0.96883080652024	0.9718744216411478	0.9718347046059468	0.9532991245105986	0.9659492784091588	0.9659207315325801	0.9696986895472665	0.9708394823155361	0.9658431494400157	0.9704607457129919	0.9719606897507849	0.975691284971345	0.9665805375814837	0.9656123840111837	0.971345147970481	0.9737138056315138	0.9638882236234686	0.9674207622289953	0.9679684378858086	0.9692896214716831
0.9807651843589745	1.0	0.9781299199507627	0.9735704687462412	0.976465255485446	0.9755787159445146	0.9669449077752319	0.9661312810264817	0.9658278716215586	0.9633850201261989	0.9711081941848592	0.9703073914167036	0.9712012580181911	0.9679311494343159	0.9733109372100238	0.9743038019684273	0.9562166745463835	0.9668937036047097	0.9667203814412051	0.9715220405807328	0.972886147180776	0.9669871131561639	0.9715624522402099	0.9748194995078557	0.9759419323715872	0.9667954117846878	0.9686622011514694	0.9720644823243189	0.975499224182926	0.9663383686712758	0.9678510315534781	0.9707168968032005	0.9697922426653224
0.9771198680571648	0.9781299199507627	1.0	0.972916761774071	0.9739342534010197	0.9763119981534001	0.9684536680706924	0.9687688859204312	0.9662726222735027	0.9642092009899381	0.9735498398992983	0.971855160243226	0.9725090532090406	0.9690646762989809	0.9734760933960521	0.975440383511167	0.9572234767253855	0.9661032043261193	0.9665003081800561	0.9732751117264304	0.9742714820330387	0.9692358940986857	0.9744931925701683	0.976282985715405	0.9758832842527084	0.9688147631046905	0.9689259570551982	0.973772105128811	0.9767051271374367	0.9678846150539763	0.9677251023165973	0.9720192820175565	0.9697080842526623
0.9746521413679297	0.9735704687462412	0.972916761774071	1.0	0.9742720800794596	0.9732387976848123	0.9667401293775562	0.9641069553054512	0.966439803346855	0.9607918554339097	0.9676792600886079	0.9694244510947899	0.9679979371572226	0.9673403370077356	0.9703371046949139	0.9703368472252023	0.9532141838051613	0.9634369645678544	0.9636447433986656	0.9683529498937445	0.9676246574165023	0.9632472967834915	0.9676833979237075	0.9704201657859247	0.9728515233747459	0.965667973143329	0.9637455340574748	0.9690840216825172	0.9715322843334387	0.9634372097363736	0.9658779047846147	0.9670142195948217	0.9688698304084746
0.9803875268134389	0.976465255485446	0.9739342534010197	0.9742720800794596	1.0	0.9733430684246025	0.9649874625938614	0.9625069275851534	0.9656473199300151	0.9613678707575813	0.9675471815610018	0.9690005400615032	0.9673055865871373	0.9669903727948111	0.9694865984065113	0.9704395258387332	0.9516239880701262	0.9619479872357654	0.962911084188759	0.9676041997103154	0.9686823554561546	0.9625269024312454	0.967986783401831	0.9700545195296791	0.9736888135333844	0.9634239006363164	0.9637889424348357	0.96995560495058	0.9713532336038991	0.9620160033252644	0.9656000476571429	0.9672989462387227	0.967993682543831
0.9765563277813116	0.9755787159445146	0.9763119981534001	0.9732387976848123	0.9733430684246025	1.0	0.9682363159449058	0.9665239545678286	0.9693564817224045	0.964728550304022	0.9723392705634795	0.9730296464734859	0.9723558128180483	0.9694564206492668	0.9739622452650172	0.9763316927674318	0.9545784721024161	0.9668578211893596	0.9670336168724654	0.9724184454905831	0.9728501696828457	0.9671645193038183	0.971942538593277	0.9748193415509533	0.9763932255796293	0.9674892946463697	0.9674223040459582	0.9721638008933519	0.9755647819461808	0.9685088269525955	0.9692623097156604	0.9715964509296009	0.9718928657918072
0.9692863455345552	0.9669449077752319	0.9684536680706924	0.9667401293775562	0.9649874625938614	0.9682363159449058	1.0	0.9824033107632584	0.9645813339497544	0.9604468996595557	0.9701599788153548	0.9701726648636351	0.9702435744851938	0.9845017069947319	0.9702718534763087	0.9676604407117682	0.9683146243593155	0.9636853557054481	0.9643127582053388	0.9702562709278961	0.9662232773247222	0.981764831749935	0.9713311212522907	0.9682615219226445	0.9675624622071715	0.9814025075460634	0.9641310741448769	0.970474009295249	0.9701906453763817	0.9637334170507502	0.966863212956207	0.9647812392864504	0.9680479213891738
0.9649565040317094	0.9661312810264817	0.9687688859204312	0.9641069553054512	0.9625069275851534	0.9665239545678286	0.9824033107632584	1.0	0.961948272380524	0.9625712901831207	0.9717435764813214	0.9689960544489375	0.9711402421512556	0.9830672002106295	0.9700864004762445	0.968083020726102	0.9711199688828508	0.9625097634774884	0.9642757156057675	0.9719185248285681	0.967247383799759	0.9847413131104437	0.973137335160241	0.969996144583343	0.9651961959643299	0.9824680046744204	0.965190332492866	0.9690917560177537	0.9710816904758077	0.9654946696700252	0.966921982346289	0.9655139417319135	0.9656219942475127
0.9678374151562065	0.9658278716215586	0.9662726222735027	0.966439803346855	0.9656473199300151	0.9693564817224045	0.9645813339497544	0.961948272380524	1.0	0.9637482531049588	0.9703007960934911	0.9714299659129285	0.9695326574420798	0.9668416994250708	0.9714663017947833	0.9681835318881136	0.9478618829129402	0.9679453460708539	0.9677614472948662	0.9698522322909614	0.9647577433295026	0.9629690540745621	0.9695885614597678	0.9667362115482697	0.9687197089302647	0.9624477701769991	0.9640655217648365	0.9695239250722457	0.969602498546342	0.9640684971108677	0.9696095933474262	0.9633894053593123	0.9690546817471812
0.9616589702978697	0.9633850201261989	0.9642092009899381	0.9607918554339097	0.9613678707575813	0.964728550304022	0.9604468996595557	0.9625712901831207	0.9637482531049588	1.0	0.9713368590616859	0.966743385639226	0.9694942416797474	0.9607146372414539	0.9681627625939817	0.9656368329558207	0.9662488169027851	0.9645321243237711	0.9657955525423605	0.9698301574915377	0.96160202620904	0.962798721133423	0.968650723655774	0.9670137306154816	0.9642333873172765	0.9587755117712293	0.9644026887093827	0.965873132665936	0.9683328015463667	0.9703572572660132	0.960361947862996	0.9677176998155081	0.9642807870035047
0.9690500961045084	0.9711081941848592	0.9735498398992983	0.9676792600886079	0.9675471815610018	0.9723392705634795	0.9701599788153548	0.9717435764813214	0.9703007960934911	0.9713368590616859	1.0	0.9934261887796779	0.979697593621343	0.9703607964037966	0.9799832193556974	0.9744468865550251	0.9601702159575799	0.9701694702695538	0.9717132054629527	0.9807518132019378	0.9720606276255861	0.9717116420949617	0.9803295842708407	0.9763462734644713	0.970118994394961	0.970524645081769	0.9745365126739439	0.9775849826054647	0.9769996537279705	0.9734360148162465	0.9714505665383035	0.9740167994489967	0.9737449830821195
0.9703933375622709	0.9703073914167036	0.971855160243226	0.9694244510947899	0.9690005400615032	0.9730296464734859	0.9701726648636351	0.9689960544489375	0.9714299659129285	0.966743385639226	0.9934261887796779	1.0	0.9769206788027253	0.9715989285342395	0.9781718366603714	0.9725763343102714	0.9572067565409362	0.9684099736608355	0.9700761623133654	0.9774901516846182	0.9698972291421364	0.9686524857350515	0.9771080435759885	0.9734849415036702	0.9703927568674323	0.9695084036107653	0.9719114460725081	0.9771397882518683	0.9755644814811819	0.9713825810131959	0.9709483067938258	0.9712122179010421	0.9746598065717987
0.9696872250330347	0.9712012580181911	0.9725090532090406	0.9679979371572226	0.9673055865871373	0.9723558128180483	0.9702435744851938	0.9711402421512556	0.9695326574420798	0.9694942416797474	0.979697593621343	0.9769206788027253	1.0	0.9715671379087215	0.9815899342124358	0.9733595191804506	0.9584488413857045	0.9688017315100786	0.9698341285210714	0.9970746525461787	0.9710632454919819	0.9720661182116571	0.9801779753693683	0.9759423346536168	0.9705202035292628	0.9715451255567532	0.9740705405535941	0.9781073694967535	0.9768504822181151	0.9731769877218731	0.9704381136776657	0.9722773158496855	0.9720956695555294
0.96883080652024	0.9679311494343159	0.9690646762989809	0.9673403370077356	0.9669903727948111	0.9694564206492668	0.9845017069947319	0.9830672002106295	0.9668416994250708	0.9607146372414539	0.9703607964037966	0.9715989285342395	0.9715671379087215	1.0	0.9720118016289508	0.9688296530826078	0.966762844338703	0.9649622523950998	0.9656245012404898	0.9714421922418043	0.9675592641578363	0.9820599277035764	0.9723428720129507	0.9701796484875346	0.9685923889091063	0.9818521419250049	0.9648464169607849	0.9713026204245738	0.9713258885027921	0.9654905099415104	0.9680254193006653	0.9662839581874615	0.9692305253982423
0.9718744216411478	0.9733109372100238	0.9734760933960521	0.9703371046949139	0.9694865984065113	0.9739622452650172	0.9702718534763087	0.9700864004762445	0.9714663017947833	0.9681627625939817	0.9799832193556974	0.9781718366603714	0.9815899342124358	0.9720118016289508	1.0	0.9737920958464035	0.9586750586213694	0.9710877879079184	0.9719289562972359	0.9819346034966447	0.9720967874916172	0.9711491564168578	0.9795629739876655	0.9763076679106446	0.9722642813045229	0.9709682701625267	0.9747029559706223	0.9787864556418244	0.9779539744767104	0.9728140761777867	0.9717036996296612	0.9737338589772943	0.9742402326558737
0.9718347046059468	0.9743038019684273	0.975440383511167	0.9703368472252023	0.9704395258387332	0.9763316927674318	0.9676604407117682	0.968083020726102	0.9681835318881136	0.9656368329558207	0.9744468865550251	0.9725763343102714	0.9733595191804506	0.9688296530826078	0.9737920958464035	1.0	0.9557667414984686	0.9661907067896435	0.9668126653799674	0.9744537079185517	0.973863167682386	0.9692352083941846	0.973981206951928	0.9758599364696597	0.9740143261438419	0.9674938101838947	0.9687107497603494	0.9733299283952667	0.9766302275378086	0.9694353837263129	0.9692066047536958	0.973861256302552	0.971018047590278
0.9532991245105986	0.9562166745463835	0.9572234767253855	0.9532141838051613	0.9516239880701262	0.9545784721024161	0.9683146243593155	0.9711199688828508	0.9478618829129402	0.9662488169027851	0.9601702159575799	0.9572067565409362	0.9584488413857045	0.966762844338703	0.9586750586213694	0.9557667414984686	1.0	0.9508433280220809	0.9532848699238037	0.9595093885178039	0.9550722132868568	0.9720334595310263	0.9623968585556352	0.9600532556912648	0.9540728099584619	0.9696797294147658	0.9550423797716473	0.9570565813649992	0.9586588520489142	0.9618217949498826	0.9483134267277772	0.9620911128914488	0.954853141769393
0.9659492784091588	0.9668937036047097	0.9661032043261193	0.9634369645678544	0.9619479872357654	0.9668578211893596	0.9636853557054481	0.9625097634774884	0.9679453460708539	0.9645321243237711	0.9701694702695538	0.9684099736608355	0.9688017315100786	0.9649622523950998	0.9710877879079184	0.9661907067896435	0.9508433280220809	1.0	0.9858713261387299	0.9697841888131641	0.9645696700186273	0.9645273386174984	0.9689571655523497	0.9679412756432377	0.9663686615898679	0.9620368495943827	0.9646297686519937	0.9684501381612522	0.9693779690683216	0.9676899394705823	0.9667798390138717	0.9647327380144324	0.9673309497527323
0.9659207315325801	0.9667203814412051	0.9665003081800561	0.9636447433986656	0.962911084188759	0.9670336168724654	0.9643127582053388	0.9642757156057675	0.9677614472948662	0.9657955525423605	0.9717132054629527	0.9700761623133654	0.9698341285210714	0.9656245012404898	0.9719289562972359	0.9668126653799674	0.9532848699238037	0.9858713261387299	1.0	0.9702619661696409	0.9660628834248174	0.9652253076660521	0.9701124826815287	0.9683191974198274	0.9658001250010628	0.9630952443667836	0.9652807347104055	0.968474421977197	0.970874792910441	0.9677206837167299	0.9661148221705151	0.9656693379511772	0.9674098600101562
0.9696986895472665	0.9715220405807328	0.9732751117264304	0.9683529498937445	0.9676041997103154	0.9724184454905831	0.9702562709278961	0.9719185248285681	0.9698522322909614	0.9698301574915377	0.9807518132019378	0.9774901516846182	0.9970746525461787	0.9714421922418043	0.9819346034966447	0.9744537079185517	0.9595093885178039	0.9697841888131641	0.9702619661696409	1.0	0.9718175515699987	0.972255629833169	0.9812337079993949	0.9769798240875532	0.9711403444590475	0.9717111646276421	0.9748364832867163	0.9783035434181028	0.9777555512217923	0.9738043926474874	0.9712399444494298	0.9734675761722071	0.9729253270931812
0.9708394823155361	0.972886147180776	0.9742714820330387	0.9676246574165023	0.9686823554561546	0.9728501696828457	0.9662232773247222	0.967247383799759	0.9647577433295026	0.96160202620904	0.9720606276255861	0.9698972291421364	0.9710632454919819	0.9675592641578363	0.9720967874916172	0.973863167682386	0.9550722132868568	0.9645696700186273	0.9660628834248174	0.9718175515699987	1.0	0.9680258913725241	0.9728188835022866	0.9743351921170391	0.9713319760435467	0.9654517071504044	0.9672917500807066	0.9709818251137095	0.9734387420680856	0.9672854260202387	0.966733853695072	0.9701146637944627	0.9678539136414387
0.9658431494400157	0.9669871131561639	0.9692358940986857	0.9632472967834915	0.9625269024312454	0.9671645193038183	0.981764831749935	0.9847413131104437	0.9629690540745621	0.962798721133423	0.9717116420949617	0.9686524857350515	0.9720661182116571	0.9820599277035764	0.9711491564168578	0.9692352083941846	0.9720334595310263	0.9645273386174984	0.9652253076660521	0.972255629833169	0.9680258913725241	1.0	0.9734086968659923	0.9705270203976799	0.9669363557033168	0.982030727755764	0.9660419268840476	0.969619269398057	0.9716831575571993	0.9666932594313176	0.9667959353786356	0.9660728535211771	0.9659576525473414
0.9704607457129919	0.9715624522402099	0.9744931925701683	0.9676833979237075	0.967986783401831	0.971942538593277	0.9713311212522907	0.973137335160241	0.9695885614597678	0.968650723655774	0.9803295842708407	0.9771080435759885	0.9801779753693683	0.9723428720129507	0.9795629739876655	0.973981206951928	0.9623968585556352	0.9689571655523497	0.9701124826815287	0.9812337079993949	0.9728188835022866	0.9734086968659923	1.0	0.9772565593283592	0.9710628531195715	0.9719252982713898	0.974120946521656	0.9772737659168489	0.9793658305136442	0.9721317510091266	0.970921846371532	0.9739610432342976	0.9734369678224447
0.9719606897507849	0.9748194995078557	0.976282985715405	0.9704201657859247	0.9700545195296791	0.9748193415509533	0.9682615219226445	0.969996144583343	0.9667362115482697	0.9670137306154816	0.9763462734644713	0.9734849415036702	0.9759423346536168	0.9701796484875346	0.9763076679106446	0.9758599364696597	0.9600532556912648	0.9679412756432377	0.9683191974198274	0.9769798240875532	0.9743351921170391	0.9705270203976799	0.9772565593283592	1.0	0.9726911812824492	0.9702089763912696	0.9713717361388546	0.9775566621913722	0.9791125972668495	0.9713403430897708	0.9699564123681214	0.9763134933854839	0.9714581797830444
0.975691284971345	0.9759419323715872	0.9758832842527084	0.9728515233747459	0.9736888135333844	0.9763932255796293	0.9675624622071715	0.9651961959643299	0.9687197089302647	0.9642333873172765	0.970118994394961	0.9703927568674323	0.9705202035292628	0.9685923889091063	0.9722642813045229	0.9740143261438419	0.9540728099584619	0.9663686615898679	0.9658001250010628	0.9711403444590475	0.9713319760435467	0.9669363557033168	0.9710628531195715	0.9726911812824492	1.0	0.9668302374138728	0.967616455471797	0.9724129413328988	0.9756270452904989	0.9659235778635353	0.9691764072236436	0.9703523620884178	0.9699018555081491
0.9665805375814837	0.9667954117846878	0.9688147631046905	0.965667973143329	0.9634239006363164	0.9674892946463697	0.9814025075460634	0.9824680046744204	0.9624477701769991	0.9587755117712293	0.970524645081769	0.9695084036107653	0.9715451255567532	0.9818521419250049	0.9709682701625267	0.9674938101838947	0.9696797294147658	0.9620368495943827	0.9630952443667836	0.9717111646276421	0.9654517071504044	0.982030727755764	0.9719252982713898	0.9702089763912696	0.9668302374138728	1.0	0.9655609139047239	0.9702007934725684	0.9713409865108947	0.9644572769889184	0.9695810269165228	0.9653430571209595	0.9679429352511604
0.9656123840111837	0.9686622011514694	0.9689259570551982	0.9637455340574748	0.9637889424348357	0.9674223040459582	0.9641310741448769	0.965190332492866	0.9640655217648365	0.9644026887093827	0.9745365126739439	0.9719114460725081	0.9740705405535941	0.9648464169607849	0.9747029559706223	0.9687107497603494	0.9550423797716473	0.9646297686519937	0.9652807347104055	0.9748364832867163	0.9672917500807066	0.9660419268840476	0.974120946521656	0.9713717361388546	0.967616455471797	0.9655609139047239	1.0	0.9719681558600591	0.9710778158361698	0.9679233781981412	0.9655993130787397	0.9690377855316911	0.967455634027391
0.971345147970481	0.9720644823243189	0.973772105128811	0.9690840216825172	0.96995560495058	0.9721638008933519	0.970474009295249	0.9690917560177537	0.9695239250722457	0.965873132665936	0.9775849826054647	0.9771397882518683	0.9781073694967535	0.9713026204245738	0.9787864556418244	0.9733299283952667	0.9570565813649992	0.9684501381612522	0.968474421977197	0.9783035434181028	0.9709818251137095	0.969619269398057	0.9772737659168489	0.9775566621913722	0.9724129413328988	0.9702007934725684	0.9719681558600591	1.0	0.9776212425314023	0.9710113771703256	0.9721486307305252	0.9746178846642374	0.9725384877861653
0.9737138056315138	0.975499224182926	0.9767051271374367	0.9715322843334387	0.9713532336038991	0.9755647819461808	0.9701906453763817	0.9710816904758077	0.969602498546342	0.9683328015463667	0.9769996537279705	0.9755644814811819	0.9768504822181151	0.9713258885027921	0.9779539744767104	0.9766302275378086	0.9586588520489142	0.9693779690683216	0.970874792910441	0.9777555512217923	0.9734387420680856	0.9716831575571993	0.9793658305136442	0.9791125972668495	0.9756270452904989	0.9713409865108947	0.9710778158361698	0.9776212425314023	1.0	0.9708848973482384	0.9720126848243358	0.9789969764068367	0.9735049291128891
0.9638882236234686	0.9663383686712758	0.9678846150539763	0.9634372097363736	0.9620160033252644	0.9685088269525955	0.9637334170507502	0.9654946696700252	0.9640684971108677	0.9703572572660132	0.9734360148162465	0.9713825810131959	0.9731769877218731	0.9654905099415104	0.9728140761777867	0.9694353837263129	0.9618217949498826	0.9676899394705823	0.9677206837167299	0.9738043926474874	0.9672854260202387	0.9666932594313176	0.9721317510091266	0.9713403430897708	0.9659235778635353	0.9644572769889184	0.9679233781981412	0.9710113771703256	0.9708848973482384	1.0	0.964021688141423	0.9731435402524362	0.9698411205746568
0.9674207622289953	0.9678510315534781	0.9677251023165973	0.9658779047846147	0.9656000476571429	0.9692623097156604	0.966863212956207	0.966921982346289	0.9696095933474262	0.960361947862996	0.9714505665383035	0.9709483067938258	0.9704381136776657	0.9680254193006653	0.9717036996296612	0.9692066047536958	0.9483134267277772	0.9667798390138717	0.9661148221705151	0.9712399444494298	0.966733853695072	0.9667959353786356	0.970921846371532	0.9699564123681214	0.9691764072236436	0.9695810269165228	0.9655993130787397	0.9721486307305252	0.9720126848243358	0.964021688141423	1.0	0.9659941583081231	0.9714588354576309
0.9679684378858086	0.9707168968032005	0.9720192820175565	0.9670142195948217	0.9672989462387227	0.9715964509296009	0.9647812392864504	0.9655139417319135	0.9633894053593123	0.9677176998155081	0.9740167994489967	0.9712122179010421	0.9722773158496855	0.9662839581874615	0.9737338589772943	0.973861256302552	0.9620911128914488	0.9647327380144324	0.9656693379511772	0.9734675761722071	0.9701146637944627	0.9660728535211771	0.9739610432342976	0.9763134933854839	0.9703523620884178	0.9653430571209595	0.9690377855316911	0.9746178846642374	0.9789969764068367	0.9731435402524362	0.9659941583081231	1.0	0.9682543151992745
0.9692896214716831	0.9697922426653224	0.9697080842526623	0.9688698304084746	0.967993682543831	0.9718928657918072	0.9680479213891738	0.9656219942475127	0.9690546817471812	0.9642807870035047	0.9737449830821195	0.9746598065717987	0.9720956695555294	0.9692305253982423	0.9742402326558737	0.971018047590278	0.954853141769393	0.9673309497527323	0.9674098600101562	0.9729253270931812	0.9678539136414387	0.9659576525473414	0.9734369678224447	0.9714581797830444	0.9699018555081491	0.9679429352511604	0.967455634027391	0.9725384877861653	0.9735049291128891	0.9698411205746568	0.9714588354576309	0.9682543151992745	1.0
