/home/jshaw/scratch/2022_sketched_distance/references/SGB_genome_fastas_part4/6191/BackhedF_2015__SID105_4M__bin.12.fa	/home/jshaw/scratch/2022_sketched_distance/references/SGB_genome_fastas_part4/6191/BackhedF_2015__SID133_B__bin.7.fa	/home/jshaw/scratch/2022_sketched_distance/references/SGB_genome_fastas_part4/6191/BackhedF_2015__SID180_B__bin.11.fa	/home/jshaw/scratch/2022_sketched_distance/references/SGB_genome_fastas_part4/6191/BackhedF_2015__SID544_4M__bin.1.fa	/home/jshaw/scratch/2022_sketched_distance/references/SGB_genome_fastas_part4/6191/BackhedF_2015__SID608_B__bin.4.fa	/home/jshaw/scratch/2022_sketched_distance/references/SGB_genome_fastas_part4/6191/BackhedF_2015__SID615_B__bin.13.fa	/home/jshaw/scratch/2022_sketched_distance/references/SGB_genome_fastas_part4/6191/BritoIL_2016__M1.7.ST__bin.24.fa	/home/jshaw/scratch/2022_sketched_distance/references/SGB_genome_fastas_part4/6191/CM_madagascar__A04_01_1FE__bin.3.fa	/home/jshaw/scratch/2022_sketched_distance/references/SGB_genome_fastas_part4/6191/FengQ_2015__SID530451__bin.19.fa	/home/jshaw/scratch/2022_sketched_distance/references/SGB_genome_fastas_part4/6191/FerrettiP_2018__CA_C10002IS2023FE_t2M15__bin.8.fa	/home/jshaw/scratch/2022_sketched_distance/references/SGB_genome_fastas_part4/6191/FerrettiP_2018__CA_C10019IS2329FE_t4M15__bin.4.fa	/home/jshaw/scratch/2022_sketched_distance/references/SGB_genome_fastas_part4/6191/FerrettiP_2018__CA_C10019IS2352FE_t3M15__bin.2.fa	/home/jshaw/scratch/2022_sketched_distance/references/SGB_genome_fastas_part4/6191/FerrettiP_2018__CA_C10029IS2503FE_t3M15__bin.1.fa	/home/jshaw/scratch/2022_sketched_distance/references/SGB_genome_fastas_part4/6191/FerrettiP_2018__CA_C10034IS2591FE_t3M15__bin.11.fa	/home/jshaw/scratch/2022_sketched_distance/references/SGB_genome_fastas_part4/6191/GeversD_2014__SKBSTL036__bin.45.fa	/home/jshaw/scratch/2022_sketched_distance/references/SGB_genome_fastas_part4/6191/HeQ_2017__RSZAXPI003097-131__bin.33.fa	/home/jshaw/scratch/2022_sketched_distance/references/SGB_genome_fastas_part4/6191/HeQ_2017__SZAXPI029503-106__bin.19.fa	/home/jshaw/scratch/2022_sketched_distance/references/SGB_genome_fastas_part4/6191/OlmMR_2017__S2_005_018G1__bin.5.fa	/home/jshaw/scratch/2022_sketched_distance/references/SGB_genome_fastas_part4/6191/OlmMR_2017__S2_005_019G1__bin.4.fa	/home/jshaw/scratch/2022_sketched_distance/references/SGB_genome_fastas_part4/6191/OlmMR_2017__S2_005_020G1__bin.10.fa	/home/jshaw/scratch/2022_sketched_distance/references/SGB_genome_fastas_part4/6191/OlmMR_2017__S2_005_021G1__bin.6.fa	/home/jshaw/scratch/2022_sketched_distance/references/SGB_genome_fastas_part4/6191/OlmMR_2017__S2_005_022G1__bin.11.fa	/home/jshaw/scratch/2022_sketched_distance/references/SGB_genome_fastas_part4/6191/OlmMR_2017__S2_005_022G1__bin.2.fa	/home/jshaw/scratch/2022_sketched_distance/references/SGB_genome_fastas_part4/6191/OlmMR_2017__S2_005_023G1__bin.3.fa	/home/jshaw/scratch/2022_sketched_distance/references/SGB_genome_fastas_part4/6191/OlmMR_2017__S2_005_024G1__bin.10.fa	/home/jshaw/scratch/2022_sketched_distance/references/SGB_genome_fastas_part4/6191/OlmMR_2017__S2_005_024G1__bin.3.fa	/home/jshaw/scratch/2022_sketched_distance/references/SGB_genome_fastas_part4/6191/OlmMR_2017__S2_005_025G1__bin.3.fa	/home/jshaw/scratch/2022_sketched_distance/references/SGB_genome_fastas_part4/6191/OlmMR_2017__S2_005_026G1__bin.1.fa	/home/jshaw/scratch/2022_sketched_distance/references/SGB_genome_fastas_part4/6191/OlmMR_2017__S2_005_027G1__bin.6.fa	/home/jshaw/scratch/2022_sketched_distance/references/SGB_genome_fastas_part4/6191/OlmMR_2017__S2_005_028G1__bin.7.fa	/home/jshaw/scratch/2022_sketched_distance/references/SGB_genome_fastas_part4/6191/QinJ_2012__DLM010__bin.14.fa	/home/jshaw/scratch/2022_sketched_distance/references/SGB_genome_fastas_part4/6191/QinN_2014__LD-23__bin.10.fa	/home/jshaw/scratch/2022_sketched_distance/references/SGB_genome_fastas_part4/6191/QinN_2014__LD-28__bin.14.fa	/home/jshaw/scratch/2022_sketched_distance/references/SGB_genome_fastas_part4/6191/QinN_2014__LD-51__bin.65.fa	/home/jshaw/scratch/2022_sketched_distance/references/SGB_genome_fastas_part4/6191/QinN_2014__LD-66__bin.8.fa	/home/jshaw/scratch/2022_sketched_distance/references/SGB_genome_fastas_part4/6191/QinN_2014__LD-85__bin.60.fa	/home/jshaw/scratch/2022_sketched_distance/references/SGB_genome_fastas_part4/6191/VatanenT_2016__G80587__bin.4.fa	/home/jshaw/scratch/2022_sketched_distance/references/SGB_genome_fastas_part4/6191/YuJ_2015__SZAXPI015267-102__bin.21.fa	/home/jshaw/scratch/2022_sketched_distance/references/SGB_genome_fastas_part4/6191/ZellerG_2014__CCIS59903910ST-4-0__bin.5.fa	/home/jshaw/scratch/2022_sketched_distance/references/SGB_genome_fastas_part4/6191/ZellerG_2014__CCIS63468405ST-4-0__bin.73.fa
1.0	0.9750896893300434	0.9859039823091563	0.9707279250646482	0.9869785490304204	0.9819341890409491	0.9690135815576734	0.9702221685726723	0.9814960418321688	0.990466996442624	0.9836207665916691	0.9790151945151552	0.9869378623009615	0.9805416827627682	0.9743657248974141	0.979423469156142	0.9866926794418057	0.9781959662932678	0.9840236292586396	0.9831638598295809	0.9794627629459777	0.9797680749021886	0.9825240647633126	0.9903937600391507	0.9825145068107345	0.9803208615196249	0.9921776553219097	0.9793000267180538	0.980342323074402	0.9921429048621198	0.9810791714492738	0.9732909171748477	0.9868563375693356	0.9868359247785331	0.9829840827825647	0.972295205433489	0.9771969517829425	0.9704254210236144	0.9840902945396043	0.9818551405289506
0.9750896893300434	1.0	0.9770345460887968	0.982077759840817	0.9778118191007693	0.9732574796855105	0.962610773154291	0.9629368361934548	0.9639742359737805	0.974810131961308	0.9744146662536862	0.9700399414506155	0.9754770737790905	0.9737833244340129	0.9565890552799012	0.9595165923024639	0.9763455704676088	0.9482712433448404	0.9664664555561655	0.9635791916372592	0.9583214145966517	0.9472259267552889	0.9615275804614125	0.9747539307280312	0.9616122145760502	0.9472259267552889	0.9768241022413608	0.9495310800243512	0.9472259267552889	0.9767712780833047	0.9715647634553741	0.9589705191953275	0.9778118191007693	0.97655912018474	0.9754770737790905	0.9670426498649843	0.9750339699046688	0.9638956147561818	0.9745281485483933	0.9726029852655783
0.9859039823091563	0.9770345460887968	1.0	0.9734146346058316	0.9877712737764076	0.9835501250145328	0.9777925142134108	0.976892060546796	0.9874004893481494	0.9843345117350852	0.9849075919804425	0.9848686198698167	0.9869949596622087	0.9846421508610013	0.9828362623318141	0.9870056455892898	0.9876457726186851	0.9804494678789372	0.9831694848429303	0.9832716482144142	0.9816838906881207	0.9807844381739392	0.9846381171352194	0.9846363251760474	0.9845962308859633	0.981337798225058	0.9862491182305876	0.9809654058405085	0.9813592820429977	0.9862327149184869	0.9855098217545709	0.9824782574207435	0.9959411372883307	0.9952366261304146	0.9845668555076302	0.9752857537853061	0.9762695000463543	0.9768669844753921	0.9859029178848866	0.9840375677461937
0.9707279250646482	0.982077759840817	0.9734146346058316	1.0	0.9750165005080513	0.9708685610049002	0.9629277138825137	0.9624248556426723	0.9723820449963764	0.9717901922512925	0.9714552989651973	0.9688511888324948	0.9737584995516083	0.971421883959213	0.9617917895346765	0.9691386339501195	0.9738723163435852	0.9604034337749167	0.9650426054167957	0.9671841741532052	0.9626460773970488	0.9603526212962834	0.9685366325433846	0.9719412793270543	0.9684674747913641	0.9608944536856735	0.9736442822539264	0.960792237678493	0.9609154899501888	0.9736442822539264	0.9704994139475074	0.9638632916792953	0.9743516351280922	0.9742394891069934	0.9717295595578028	0.9640594910995706	0.9711786956432291	0.9613712985119518	0.9723903588935084	0.9694783461614519
0.9869785490304204	0.9778118191007693	0.9877712737764076	0.9750165005080513	1.0	0.985860148371554	0.9780933504815473	0.9766811192086027	0.988411310657815	0.9863665073180524	0.9879238122447052	0.9877059738785957	0.9914728318675647	0.993185780490687	0.990460782825258	0.9877340120639411	0.988467017766848	0.9853164889416423	0.9861374326077751	0.9861543295930493	0.9860382979529669	0.9853403980259533	0.9865706194735707	0.9871205646194395	0.9865537488609124	0.9859298237123824	0.9868276245080925	0.9853859512129023	0.9859179121714625	0.9867829682993509	0.9872497738296179	0.986460196124784	0.9871679896776583	0.9868217516661003	0.9847713384992951	0.9761652599348868	0.97768770511606	0.9771442188937832	0.9868643287516502	0.9845193815122881
0.9819341890409491	0.9732574796855105	0.9835501250145328	0.9708685610049002	0.985860148371554	1.0	0.9775165960623086	0.9763888249083141	0.9853449620595566	0.9821488340399925	0.984432135706543	0.9838506493815768	0.9841758767076553	0.9822746602373268	0.9814688687394003	0.9850507961525852	0.9870373423594823	0.979397503301201	0.9820424611841431	0.9817575342585009	0.9806322903699635	0.9800054421011404	0.9830057772579982	0.9834118374750376	0.9829953011707342	0.9805977789091188	0.9846051145439128	0.9799479012256141	0.9805798293957477	0.9846221678223681	0.982821711318054	0.9813460228456572	0.9854637312343126	0.9846221678223681	0.9911286720765003	0.975566070577243	0.9750304498511108	0.976561830360097	0.9845709813812833	0.9810143493151846
0.9690135815576734	0.962610773154291	0.9777925142134108	0.9629277138825137	0.9780933504815473	0.9775165960623086	1.0	0.9901606654917213	0.9705120935885982	0.9738234136459527	0.9743468708374164	0.9678774500132356	0.9766745368138393	0.9681969514615093	0.9670856891473171	0.9688432827201768	0.9777925142134108	0.9645075914062965	0.9671608075696897	0.9661528715181155	0.9655805765960322	0.96561446858604	0.9643072692911099	0.9743163117185005	0.9642384135341251	0.9661592697175635	0.97621637251924	0.9648992708696656	0.966180421241421	0.97621637251924	0.9677934759315382	0.9667371461461374	0.9793483714556994	0.9781749172154076	0.9779296022390539	0.9924535597368325	0.9686149989865007	0.9905726529390404	0.976474883027207	0.9676835347687334
0.9702221685726723	0.9629368361934548	0.976892060546796	0.9624248556426723	0.9766811192086027	0.9763888249083141	0.9901606654917213	1.0	0.9708647726319715	0.9732234288650786	0.973516332371271	0.9690643035310312	0.9757145906283259	0.9698496150514262	0.9673508515577741	0.9707165134569117	0.9758776857844335	0.9650287086465109	0.966779207958595	0.9677961419741862	0.9660027316866345	0.9652437157125707	0.9669598882432671	0.9735745971234231	0.966939769858434	0.9657883076647669	0.9752479956474961	0.9655169524238129	0.9658094510673828	0.9752203392354383	0.9691337675616497	0.9666584984355915	0.9778757884727077	0.9767075617355813	0.9767603824478334	0.991992277166642	0.9673345049939003	0.9887895736461545	0.9748866136893717	0.9684761758154065
0.9814960418321688	0.9639742359737805	0.9874004893481494	0.9723820449963764	0.988411310657815	0.9853449620595566	0.9705120935885982	0.9708647726319715	1.0	0.9840669934448174	0.9848593058282191	0.9794066770338697	0.9866986621092171	0.9788235646353567	0.9611771448707522	0.977665772531568	0.991696949124988	0.9515292072327044	0.9802810332988778	0.9752626901537277	0.9654196619912391	0.9502136674376828	0.9768426362815407	0.9859499943370703	0.9768426362815407	0.9507497794140983	0.9876710940312458	0.9540809817501437	0.9507705935875707	0.9876710940312458	0.9801683053698973	0.971558806958711	0.9884990291467579	0.9875510998312251	0.9864820560545227	0.9750871959404509	0.9775028007119253	0.9718031148748808	0.9897594490201741	0.9788627646229507
0.990466996442624	0.974810131961308	0.9843345117350852	0.9717901922512925	0.9863665073180524	0.9821488340399925	0.9738234136459527	0.9732234288650786	0.9840669934448174	1.0	0.9837057783024445	0.9839404332203091	0.9854632283805743	0.982782188529652	0.979622377734415	0.9838880758734307	0.986229146893631	0.9850073482113938	0.9867858677025848	0.9873163202721679	0.9859020857961257	0.9857729509607649	0.9860027083837615	0.9890155772044242	0.9859595685521606	0.9863291255382803	0.9907253533387865	0.9861025607046384	0.9863507186282439	0.9907103387083982	0.9834090132475176	0.9799648509970905	0.985638875066735	0.9852512050271437	0.983089934645258	0.9711272632149556	0.975512610572912	0.9733134032336965	0.9838571339283593	0.9841102924522542
0.9836207665916691	0.9744146662536862	0.9849075919804425	0.9714552989651973	0.9879238122447052	0.984432135706543	0.9743468708374164	0.973516332371271	0.9848593058282191	0.9837057783024445	1.0	0.997435060708402	0.9869999676935611	0.9832571646302689	0.9813260720026645	0.9844439764829775	0.9879072444029758	0.9794343476926759	0.9822441869335039	0.9823439416216987	0.9807656047260048	0.9789641523004687	0.9827658064388352	0.9838373402111336	0.9827557860559348	0.9795164853435674	0.9863461770446271	0.9798765466316001	0.9795379292886371	0.9863114043004443	0.9851605324661649	0.9809935061378307	0.9864156123990258	0.9862940041270469	0.9845424693029414	0.9725719323824119	0.9750209204620331	0.9735665273998904	0.9855191312538989	0.9822931766151871
0.9790151945151552	0.9700399414506155	0.9848686198698167	0.9688511888324948	0.9877059738785957	0.9838506493815768	0.9678774500132356	0.9690643035310312	0.9794066770338697	0.9839404332203091	0.997435060708402	1.0	0.9868555698099031	0.9787686381964706	0.9763252620441807	0.9776632413949301	0.9875456772006658	0.9741705269772122	0.9776040833574646	0.9757755702684766	0.9762649659268842	0.9740068443730484	0.9764412791041461	0.9838506493815768	0.9763715569257856	0.9745563804955788	0.9862970399636808	0.9751166430802365	0.9745777158521588	0.9862970399636808	0.9801279669922015	0.9764949010780455	0.9861506738105277	0.9861506738105277	0.9842083194896167	0.9725194155663489	0.9754094317843514	0.9694513993035182	0.985408902671299	0.9771179703627157
0.9869378623009615	0.9754770737790905	0.9869949596622087	0.9737584995516083	0.9914728318675647	0.9841758767076553	0.9766745368138393	0.9757145906283259	0.9866986621092171	0.9854632283805743	0.9869999676935611	0.9868555698099031	1.0	0.9888985827269912	0.9905041062849037	0.9868637077598106	0.9883420726356315	0.9835790090088147	0.9849658037911212	0.9850773109872034	0.9847915666226174	0.9841466911847269	0.984893044658648	0.9854911865917357	0.9848509204357732	0.9847019482240373	0.9870420662737971	0.9840301198999503	0.9847235056912202	0.9870264623455371	0.9861000968743971	0.9857672321716142	0.9885364492214223	0.9881465424020545	0.984395492337978	0.9737976263452585	0.9766645490528774	0.9755498428750391	0.9862686327653956	0.9834992678582836
0.9805416827627682	0.9737833244340129	0.9846421508610013	0.971421883959213	0.993185780490687	0.9822746602373268	0.9681969514615093	0.9698496150514262	0.9788235646353567	0.982782188529652	0.9832571646302689	0.9787686381964706	0.9888985827269912	1.0	0.9715542827118042	0.9770930933609545	0.9859024338339262	0.9673014140854599	0.9763462905921115	0.9734249018152035	0.9683935243579134	0.9675228039392239	0.9749457969101655	0.982731788140139	0.9748761815157748	0.9680686817564159	0.9852316326467692	0.9680303131921696	0.9680898750818433	0.9852316326467692	0.9797159077266612	0.9692826570599622	0.9862441000054587	0.9850911192306591	0.9834304349585382	0.97305735193615	0.9757895480914698	0.9697370162904833	0.9834797730060975	0.9757396304610549
0.9743657248974141	0.9565890552799012	0.9828362623318141	0.9617917895346765	0.990460782825258	0.9814688687394003	0.9670856891473171	0.9673508515577741	0.9611771448707522	0.979622377734415	0.9813260720026645	0.9763252620441807	0.9905041062849037	0.9715542827118042	1.0	0.9492981526127756	0.9866506851662842	0.9852240519052989	0.9728793608918817	0.9651658093039972	0.9857378109999978	0.9853403980259533	0.9468460748451083	0.9810962926016773	0.9468703237747222	0.985896328556454	0.9860118640495941	0.9854462692887803	0.9859179121714625	0.9859870443573436	0.9658646939437229	0.9873964869556956	0.9856877366806002	0.9856626708737729	0.9821736519868401	0.9719766038460059	0.9710086927554301	0.9695619875363769	0.9851827501599256	0.9662768559489684
0.979423469156142	0.9595165923024639	0.9870056455892898	0.9691386339501195	0.9877340120639411	0.9850507961525852	0.9688432827201768	0.9707165134569117	0.977665772531568	0.9838880758734307	0.9844439764829775	0.9776632413949301	0.9868637077598106	0.9770930933609545	0.9492981526127756	1.0	0.9887166381572999	0.907993289133013	0.9822270724531763	0.9773223513140668	0.9551109440059502	0.9023281992770366	0.9847184344122624	0.9865779813847529	0.9847487885477473	0.9028372942004913	0.9864917771629327	0.9270891261452542	0.9028570594557306	0.9865492717453564	0.976473729119419	0.9573806396921554	0.9885278534363432	0.9870339598183431	0.9858232598907353	0.973786349300559	0.9752390910796148	0.9719076638333205	0.9875673524022063	0.9758024792243942
0.9866926794418057	0.9763455704676088	0.9876457726186851	0.9738723163435852	0.988467017766848	0.9870373423594823	0.9777925142134108	0.9758776857844335	0.991696949124988	0.986229146893631	0.9879072444029758	0.9875456772006658	0.9883420726356315	0.9859024338339262	0.9866506851662842	0.9887166381572999	1.0	0.9846010638708637	0.9864337619544533	0.9864731110093391	0.9851891838871655	0.984629395738345	0.9872866704622066	0.9874142408992697	0.9872685961565054	0.9851849251202885	0.9867493098325854	0.9846533579303218	0.9852064931609842	0.9867196036766599	0.9865840223269451	0.9884152254170229	0.9873378684545202	0.9871490635444164	0.9845228482933017	0.975566070577243	0.9779773989990991	0.9767147649378491	0.9891784913174091	0.9841344982359044
0.9781959662932678	0.9482712433448404	0.9804494678789372	0.9604034337749167	0.9853164889416423	0.979397503301201	0.9645075914062965	0.9650287086465109	0.9515292072327044	0.9850073482113938	0.9794343476926759	0.9741705269772122	0.9835790090088147	0.9673014140854599	0.9852240519052989	0.907993289133013	0.9846010638708637	1.0	0.9842533123921291	0.9749827014667088	0.9999407219893032	0.9985944198034323	0.934184553088898	0.9923787298824401	0.934184553088898	0.9991802656281936	1.0	0.9983405212125128	0.999179702213672	1.0	0.963977888096869	0.9856836575033119	0.9852857054948201	0.9838375238767935	0.9808397932694038	0.9691223162080788	0.9714164884460489	0.9669245667941341	0.9819153789036612	0.9663233289147006
0.9840236292586396	0.9664664555561655	0.9831694848429303	0.9650426054167957	0.9861374326077751	0.9820424611841431	0.9671608075696897	0.966779207958595	0.9802810332988778	0.9867858677025848	0.9822441869335039	0.9776040833574646	0.9849658037911212	0.9763462905921115	0.9728793608918817	0.9822270724531763	0.9864337619544533	0.9842533123921291	1.0	0.9921114862162224	0.9868439278012074	0.9817701545825906	0.9955310404084451	0.9975350466752988	0.995500810449001	0.9823240707763856	0.9993008195466493	0.9849605940456269	0.9823455761861767	0.9993141483561376	0.9774152334505699	0.9730656471833946	0.9862167152996743	0.9853542343237287	0.9827761245984159	0.9702864519204534	0.9740016082275199	0.9684952774453429	0.9841538030356082	0.9767560820155426
0.9831638598295809	0.9635791916372592	0.9832716482144142	0.9671841741532052	0.9861543295930493	0.9817575342585009	0.9661528715181155	0.9677961419741862	0.9752626901537277	0.9873163202721679	0.9823439416216987	0.9757755702684766	0.9850773109872034	0.9734249018152035	0.9651658093039972	0.9773223513140668	0.9864731110093391	0.9749827014667088	0.9921114862162224	1.0	0.9809878035034884	0.9741014863183458	0.9893951263997542	0.9967128329898945	0.9893736541326551	0.9733487829128641	0.9991457967992224	0.9755273799830275	0.9733700918322615	0.9990958411645793	0.9726143755265714	0.9687349505423903	0.9861050107699681	0.9849753043437252	0.9832716482144142	0.9717830648811122	0.9748834513479466	0.9698103717313828	0.9843825340308221	0.9740376368458037
0.9794627629459777	0.9583214145966517	0.9816838906881207	0.9626460773970488	0.9860382979529669	0.9806322903699635	0.9655805765960322	0.9660027316866345	0.9654196619912391	0.9859020857961257	0.9807656047260048	0.9762649659268842	0.9847915666226174	0.9683935243579134	0.9857378109999978	0.9551109440059502	0.9851891838871655	0.9999407219893032	0.9868439278012074	0.9809878035034884	1.0	0.9990400688246798	0.9702617367675133	0.9939373891823666	0.9701924558355053	0.9996258678579854	0.999895827042124	0.9999417215297093	0.999625612432587	0.999895827042124	0.9683446979077872	0.9859929565971591	0.9860609451965776	0.9848150896516767	0.9820441077683942	0.9701674630024893	0.9717149220080954	0.9677177439678315	0.983715188770346	0.9695162771628559
0.9797680749021886	0.9472259267552889	0.9807844381739392	0.9603526212962834	0.9853403980259533	0.9800054421011404	0.96561446858604	0.9652437157125707	0.9502136674376828	0.9857729509607649	0.9789641523004687	0.9740068443730484	0.9841466911847269	0.9675228039392239	0.9853403980259533	0.9023281992770366	0.984629395738345	0.9985944198034323	0.9817701545825906	0.9741014863183458	0.9990400688246798	1.0	0.789851492738611	0.9898117959194955	0.789851492738611	0.999978108101352	0.9994142370897418	0.9968206785564689	1.0	0.9994142370897418	0.9649314577550513	0.985574018599087	0.985739879097118	0.9841814065817126	0.9809380340336736	0.9694883642719223	0.9716993625863951	0.9675228039392239	0.9824355854142355	0.9668794814421688
0.9825240647633126	0.9615275804614125	0.9846381171352194	0.9685366325433846	0.9865706194735707	0.9830057772579982	0.9643072692911099	0.9669598882432671	0.9768426362815407	0.9860027083837615	0.9827658064388352	0.9764412791041461	0.984893044658648	0.9749457969101655	0.9468460748451083	0.9847184344122624	0.9872866704622066	0.934184553088898	0.9955310404084451	0.9893951263997542	0.9702617367675133	0.789851492738611	1.0	0.9999642378148479	1.0	0.7902971281355304	0.9999463423235376	0.9466760129798287	0.7903144296189237	1.0	0.9744445684757481	0.9579145413987363	0.986890790043539	0.9856737271822812	0.9837737649300222	0.971219965644818	0.9752504460505144	0.9676382452730372	0.9845811966866036	0.9756272861172666
0.9903937600391507	0.9747539307280312	0.9846363251760474	0.9719412793270543	0.9871205646194395	0.9834118374750376	0.9743163117185005	0.9735745971234231	0.9859499943370703	0.9890155772044242	0.9838373402111336	0.9838506493815768	0.9854911865917357	0.982731788140139	0.9810962926016773	0.9865779813847529	0.9874142408992697	0.9923787298824401	0.9975350466752988	0.9967128329898945	0.9939373891823666	0.9898117959194955	0.9999642378148479	1.0	0.999964316933331	0.9903994921496304	0.9999332843848096	0.9939734419012904	0.990391930779165	0.9999110161386832	0.9839078960327643	0.9803544007135158	0.9873003446621832	0.9863579272806814	0.9840657852414232	0.9722317788676171	0.9763861894965087	0.9734542714761127	0.9848126036818151	0.9838916328063639
0.9825145068107345	0.9616122145760502	0.9845962308859633	0.9684674747913641	0.9865537488609124	0.9829953011707342	0.9642384135341251	0.966939769858434	0.9768426362815407	0.9859595685521606	0.9827557860559348	0.9763715569257856	0.9848509204357732	0.9748761815157748	0.9468703237747222	0.9847487885477473	0.9872685961565054	0.934184553088898	0.995500810449001	0.9893736541326551	0.9701924558355053	0.789851492738611	1.0	0.999964316933331	1.0	0.7902971281355304	0.9999464610649256	0.9466760129798287	0.7903144296189237	0.9999285956259197	0.9744526005231308	0.9578461421104854	0.986846860568485	0.9856584012684643	0.9837326988071897	0.9711935021717478	0.9751808089028426	0.9676648985313688	0.9845678096667698	0.9756324634947356
0.9803208615196249	0.9472259267552889	0.981337798225058	0.9608944536856735	0.9859298237123824	0.9805977789091188	0.9661592697175635	0.9657883076647669	0.9507497794140983	0.9863291255382803	0.9795164853435674	0.9745563804955788	0.9847019482240373	0.9680686817564159	0.985896328556454	0.9028372942004913	0.9851849251202885	0.9991802656281936	0.9823240707763856	0.9733487829128641	0.9996258678579854	0.999978108101352	0.7902971281355304	0.9903994921496304	0.7902971281355304	1.0	1.0	0.9973830862784646	1.0	1.0	0.9654758735308394	0.9860967893492238	0.9862960350154383	0.9847366832075022	0.9815297888348398	0.9700353510612023	0.9722475968242403	0.9680686817564159	0.9829898770451038	0.9674249962958431
0.9921776553219097	0.9768241022413608	0.9862491182305876	0.9736442822539264	0.9868276245080925	0.9846051145439128	0.97621637251924	0.9752479956474961	0.9876710940312458	0.9907253533387865	0.9863461770446271	0.9862970399636808	0.9870420662737971	0.9852316326467692	0.9860118640495941	0.9864917771629327	0.9867493098325854	1.0	0.9993008195466493	0.9991457967992224	0.999895827042124	0.9994142370897418	0.9999463423235376	0.9999332843848096	0.9999464610649256	1.0	1.0	1.0	1.0	0.9999704736013421	0.9861488112273374	0.9852821987531281	0.9865758734221121	0.9859428913282462	0.9829168104513069	0.9744059038870171	0.9784837118800244	0.9754706778700217	0.9850873621812037	0.9855087387271639
0.9793000267180538	0.9495310800243512	0.9809654058405085	0.960792237678493	0.9853859512129023	0.9799479012256141	0.9648992708696656	0.9655169524238129	0.9540809817501437	0.9861025607046384	0.9798765466316001	0.9751166430802365	0.9840301198999503	0.9680303131921696	0.9854462692887803	0.9270891261452542	0.9846533579303218	0.9983405212125128	0.9849605940456269	0.9755273799830275	0.9999417215297093	0.9968206785564689	0.9466760129798287	0.9939734419012904	0.9466760129798287	0.9973830862784646	1.0	1.0	0.9974049213659142	1.0	0.9649559163749432	0.9859545503272815	0.9854763868420482	0.9839671399362793	0.9816491272762019	0.969684852301953	0.9717210319655354	0.9673545058186416	0.9823519835310051	0.968133038420081
0.980342323074402	0.9472259267552889	0.9813592820429977	0.9609154899501888	0.9859179121714625	0.9805798293957477	0.966180421241421	0.9658094510673828	0.9507705935875707	0.9863507186282439	0.9795379292886371	0.9745777158521588	0.9847235056912202	0.9680898750818433	0.9859179121714625	0.9028570594557306	0.9852064931609842	0.999179702213672	0.9823455761861767	0.9733700918322615	0.999625612432587	1.0	0.7903144296189237	0.990391930779165	0.7903144296189237	1.0	1.0	0.9974049213659142	1.0	1.0	0.9654970100935293	0.9861183773527957	0.9863176273809716	0.9847582414351165	0.9815129679262223	0.9700565874416973	0.9722688816360557	0.9680898750818433	0.9830113970309774	0.9674461755294651
0.9921429048621198	0.9767712780833047	0.9862327149184869	0.9736442822539264	0.9867829682993509	0.9846221678223681	0.97621637251924	0.9752203392354383	0.9876710940312458	0.9907103387083982	0.9863114043004443	0.9862970399636808	0.9870264623455371	0.9852316326467692	0.9859870443573436	0.9865492717453564	0.9867196036766599	1.0	0.9993141483561376	0.9990958411645793	0.999895827042124	0.9994142370897418	1.0	0.9999110161386832	0.9999285956259197	1.0	0.9999704736013421	1.0	1.0	1.0	0.9861000968743971	0.9852821987531281	0.9866247614084596	0.9859121627135153	0.9829002490893393	0.9743817902996572	0.9784837118800244	0.9754177939196144	0.9850392770732476	0.9854622962712817
0.9810791714492738	0.9715647634553741	0.9855098217545709	0.9704994139475074	0.9872497738296179	0.982821711318054	0.9677934759315382	0.9691337675616497	0.9801683053698973	0.9834090132475176	0.9851605324661649	0.9801279669922015	0.9861000968743971	0.9797159077266612	0.9658646939437229	0.976473729119419	0.9865840223269451	0.963977888096869	0.9774152334505699	0.9726143755265714	0.9683446979077872	0.9649314577550513	0.9744445684757481	0.9839078960327643	0.9744526005231308	0.9654758735308394	0.9861488112273374	0.9649559163749432	0.9654970100935293	0.9861000968743971	1.0	0.9704600603308003	0.9874375403000042	0.9867517276236701	0.984832831726533	0.9728137964791217	0.9769671932651167	0.9697433816231403	0.9856336732433928	0.9778571957605756
0.9732909171748477	0.9589705191953275	0.9824782574207435	0.9638632916792953	0.986460196124784	0.9813460228456572	0.9667371461461374	0.9666584984355915	0.971558806958711	0.9799648509970905	0.9809935061378307	0.9764949010780455	0.9857672321716142	0.9692826570599622	0.9873964869556956	0.9573806396921554	0.9884152254170229	0.9856836575033119	0.9730656471833946	0.9687349505423903	0.9859929565971591	0.985574018599087	0.9579145413987363	0.9803544007135158	0.9578461421104854	0.9860967893492238	0.9852821987531281	0.9859545503272815	0.9861183773527957	0.9852821987531281	0.9704600603308003	1.0	0.9864816176282224	0.9858764755113713	0.982791266146155	0.971273142510796	0.9717138209299351	0.968901584818898	0.9867163377713022	0.9683977820414478
0.9868563375693356	0.9778118191007693	0.9959411372883307	0.9743516351280922	0.9871679896776583	0.9854637312343126	0.9793483714556994	0.9778757884727077	0.9884990291467579	0.985638875066735	0.9864156123990258	0.9861506738105277	0.9885364492214223	0.9862441000054587	0.9856877366806002	0.9885278534363432	0.9873378684545202	0.9852857054948201	0.9862167152996743	0.9861050107699681	0.9860609451965776	0.985739879097118	0.986890790043539	0.9873003446621832	0.986846860568485	0.9862960350154383	0.9865758734221121	0.9854763868420482	0.9863176273809716	0.9866247614084596	0.9874375403000042	0.9864816176282224	1.0	0.9965647560820411	0.9845163069379282	0.9766862677898434	0.9776204854198467	0.9780597914090632	0.9858473011708955	0.9845910472341843
0.9868359247785331	0.97655912018474	0.9952366261304146	0.9742394891069934	0.9868217516661003	0.9846221678223681	0.9781749172154076	0.9767075617355813	0.9875510998312251	0.9852512050271437	0.9862940041270469	0.9861506738105277	0.9881465424020545	0.9850911192306591	0.9856626708737729	0.9870339598183431	0.9871490635444164	0.9838375238767935	0.9853542343237287	0.9849753043437252	0.9848150896516767	0.9841814065817126	0.9856737271822812	0.9863579272806814	0.9856584012684643	0.9847366832075022	0.9859428913282462	0.9839671399362793	0.9847582414351165	0.9859121627135153	0.9867517276236701	0.9858764755113713	0.9965647560820411	1.0	0.9842733134484154	0.9750739185474506	0.9768717678131806	0.9774936839481817	0.9855801621208855	0.9840375677461937
0.9829840827825647	0.9754770737790905	0.9845668555076302	0.9717295595578028	0.9847713384992951	0.9911286720765003	0.9779296022390539	0.9767603824478334	0.9864820560545227	0.983089934645258	0.9845424693029414	0.9842083194896167	0.984395492337978	0.9834304349585382	0.9821736519868401	0.9858232598907353	0.9845228482933017	0.9808397932694038	0.9827761245984159	0.9832716482144142	0.9820441077683942	0.9809380340336736	0.9837737649300222	0.9840657852414232	0.9837326988071897	0.9815297888348398	0.9829168104513069	0.9816491272762019	0.9815129679262223	0.9829002490893393	0.984832831726533	0.982791266146155	0.9845163069379282	0.9842733134484154	1.0	0.9758900818099918	0.9760583987448844	0.9777656580750659	0.9833441061376463	0.9819328681756232
0.972295205433489	0.9670426498649843	0.9752857537853061	0.9640594910995706	0.9761652599348868	0.975566070577243	0.9924535597368325	0.991992277166642	0.9750871959404509	0.9711272632149556	0.9725719323824119	0.9725194155663489	0.9737976263452585	0.97305735193615	0.9719766038460059	0.973786349300559	0.975566070577243	0.9691223162080788	0.9702864519204534	0.9717830648811122	0.9701674630024893	0.9694883642719223	0.971219965644818	0.9722317788676171	0.9711935021717478	0.9700353510612023	0.9744059038870171	0.969684852301953	0.9700565874416973	0.9743817902996572	0.9728137964791217	0.971273142510796	0.9766862677898434	0.9750739185474506	0.9758900818099918	1.0	0.9662079165487314	0.9914839340674538	0.9737976263452585	0.9710704862103334
0.9771969517829425	0.9750339699046688	0.9762695000463543	0.9711786956432291	0.97768770511606	0.9750304498511108	0.9686149989865007	0.9673345049939003	0.9775028007119253	0.975512610572912	0.9750209204620331	0.9754094317843514	0.9766645490528774	0.9757895480914698	0.9710086927554301	0.9752390910796148	0.9779773989990991	0.9714164884460489	0.9740016082275199	0.9748834513479466	0.9717149220080954	0.9716993625863951	0.9752504460505144	0.9763861894965087	0.9751808089028426	0.9722475968242403	0.9784837118800244	0.9717210319655354	0.9722688816360557	0.9784837118800244	0.9769671932651167	0.9717138209299351	0.9776204854198467	0.9768717678131806	0.9760583987448844	0.9662079165487314	1.0	0.9663464873378236	0.9760583987448844	0.976937528892216
0.9704254210236144	0.9638956147561818	0.9768669844753921	0.9613712985119518	0.9771442188937832	0.976561830360097	0.9905726529390404	0.9887895736461545	0.9718031148748808	0.9733134032336965	0.9735665273998904	0.9694513993035182	0.9755498428750391	0.9697370162904833	0.9695619875363769	0.9719076638333205	0.9767147649378491	0.9669245667941341	0.9684952774453429	0.9698103717313828	0.9677177439678315	0.9675228039392239	0.9676382452730372	0.9734542714761127	0.9676648985313688	0.9680686817564159	0.9754706778700217	0.9673545058186416	0.9680898750818433	0.9754177939196144	0.9697433816231403	0.968901584818898	0.9780597914090632	0.9774936839481817	0.9777656580750659	0.9914839340674538	0.9663464873378236	1.0	0.9751253844552954	0.9686713314438128
0.9840902945396043	0.9745281485483933	0.9859029178848866	0.9723903588935084	0.9868643287516502	0.9845709813812833	0.976474883027207	0.9748866136893717	0.9897594490201741	0.9838571339283593	0.9855191312538989	0.985408902671299	0.9862686327653956	0.9834797730060975	0.9851827501599256	0.9875673524022063	0.9891784913174091	0.9819153789036612	0.9841538030356082	0.9843825340308221	0.983715188770346	0.9824355854142355	0.9845811966866036	0.9848126036818151	0.9845678096667698	0.9829898770451038	0.9850873621812037	0.9823519835310051	0.9830113970309774	0.9850392770732476	0.9856336732433928	0.9867163377713022	0.9858473011708955	0.9855801621208855	0.9833441061376463	0.9737976263452585	0.9760583987448844	0.9751253844552954	1.0	0.9823953977533912
0.9818551405289506	0.9726029852655783	0.9840375677461937	0.9694783461614519	0.9845193815122881	0.9810143493151846	0.9676835347687334	0.9684761758154065	0.9788627646229507	0.9841102924522542	0.9822931766151871	0.9771179703627157	0.9834992678582836	0.9757396304610549	0.9662768559489684	0.9758024792243942	0.9841344982359044	0.9663233289147006	0.9767560820155426	0.9740376368458037	0.9695162771628559	0.9668794814421688	0.9756272861172666	0.9838916328063639	0.9756324634947356	0.9674249962958431	0.9855087387271639	0.968133038420081	0.9674461755294651	0.9854622962712817	0.9778571957605756	0.9683977820414478	0.9845910472341843	0.9840375677461937	0.9819328681756232	0.9710704862103334	0.976937528892216	0.9686713314438128	0.9823953977533912	1.0
