/home/jshaw/scratch/2022_sketched_distance/references/SGB_genome_fastas_part5/14499/BritoIL_2016__M1.15.ST__bin.10.fa	/home/jshaw/scratch/2022_sketched_distance/references/SGB_genome_fastas_part5/14499/BritoIL_2016__M1.22.ST__bin.19.fa	/home/jshaw/scratch/2022_sketched_distance/references/SGB_genome_fastas_part5/14499/BritoIL_2016__M1.25.ST__bin.54.fa	/home/jshaw/scratch/2022_sketched_distance/references/SGB_genome_fastas_part5/14499/BritoIL_2016__M1.37.ST__bin.8.fa	/home/jshaw/scratch/2022_sketched_distance/references/SGB_genome_fastas_part5/14499/BritoIL_2016__M1.48.ST__bin.68.fa	/home/jshaw/scratch/2022_sketched_distance/references/SGB_genome_fastas_part5/14499/BritoIL_2016__M1.52.ST__bin.64.fa	/home/jshaw/scratch/2022_sketched_distance/references/SGB_genome_fastas_part5/14499/BritoIL_2016__M1.62.ST__bin.5.fa	/home/jshaw/scratch/2022_sketched_distance/references/SGB_genome_fastas_part5/14499/BritoIL_2016__M1.63.ST__bin.17.fa	/home/jshaw/scratch/2022_sketched_distance/references/SGB_genome_fastas_part5/14499/BritoIL_2016__M1.64.ST__bin.18.fa	/home/jshaw/scratch/2022_sketched_distance/references/SGB_genome_fastas_part5/14499/BritoIL_2016__M1.6.ST__bin.26.fa	/home/jshaw/scratch/2022_sketched_distance/references/SGB_genome_fastas_part5/14499/BritoIL_2016__M1.7.ST__bin.4.fa	/home/jshaw/scratch/2022_sketched_distance/references/SGB_genome_fastas_part5/14499/BritoIL_2016__M2.11.ST__bin.81.fa	/home/jshaw/scratch/2022_sketched_distance/references/SGB_genome_fastas_part5/14499/BritoIL_2016__M2.31.ST__bin.51.fa	/home/jshaw/scratch/2022_sketched_distance/references/SGB_genome_fastas_part5/14499/BritoIL_2016__M2.32.ST__bin.1.fa	/home/jshaw/scratch/2022_sketched_distance/references/SGB_genome_fastas_part5/14499/BritoIL_2016__M2.51.ST__bin.51.fa	/home/jshaw/scratch/2022_sketched_distance/references/SGB_genome_fastas_part5/14499/BritoIL_2016__M2.57.ST__bin.48.fa	/home/jshaw/scratch/2022_sketched_distance/references/SGB_genome_fastas_part5/14499/BritoIL_2016__M2.58.ST__bin.42.fa	/home/jshaw/scratch/2022_sketched_distance/references/SGB_genome_fastas_part5/14499/BritoIL_2016__M2.5.ST__bin.36.fa	/home/jshaw/scratch/2022_sketched_distance/references/SGB_genome_fastas_part5/14499/BritoIL_2016__W1.14.ST__bin.49.fa	/home/jshaw/scratch/2022_sketched_distance/references/SGB_genome_fastas_part5/14499/BritoIL_2016__W1.18.ST__bin.39.fa	/home/jshaw/scratch/2022_sketched_distance/references/SGB_genome_fastas_part5/14499/BritoIL_2016__W1.20.ST__bin.32.fa	/home/jshaw/scratch/2022_sketched_distance/references/SGB_genome_fastas_part5/14499/BritoIL_2016__W1.2.ST__bin.40.fa	/home/jshaw/scratch/2022_sketched_distance/references/SGB_genome_fastas_part5/14499/BritoIL_2016__W1.37.ST__bin.26.fa	/home/jshaw/scratch/2022_sketched_distance/references/SGB_genome_fastas_part5/14499/BritoIL_2016__W1.6.ST__bin.25.fa	/home/jshaw/scratch/2022_sketched_distance/references/SGB_genome_fastas_part5/14499/BritoIL_2016__W1.8.ST__bin.52.fa	/home/jshaw/scratch/2022_sketched_distance/references/SGB_genome_fastas_part5/14499/BritoIL_2016__W2.13.ST__bin.17.fa	/home/jshaw/scratch/2022_sketched_distance/references/SGB_genome_fastas_part5/14499/BritoIL_2016__W2.36.ST__bin.37.fa	/home/jshaw/scratch/2022_sketched_distance/references/SGB_genome_fastas_part5/14499/BritoIL_2016__W2.46.ST__bin.8.fa	/home/jshaw/scratch/2022_sketched_distance/references/SGB_genome_fastas_part5/14499/BritoIL_2016__W2.4.ST__bin.28.fa	/home/jshaw/scratch/2022_sketched_distance/references/SGB_genome_fastas_part5/14499/BritoIL_2016__W2.53.ST__bin.13.fa	/home/jshaw/scratch/2022_sketched_distance/references/SGB_genome_fastas_part5/14499/BritoIL_2016__W2.65.ST__bin.29.fa	/home/jshaw/scratch/2022_sketched_distance/references/SGB_genome_fastas_part5/14499/BritoIL_2016__W3.17.ST__bin.69.fa	/home/jshaw/scratch/2022_sketched_distance/references/SGB_genome_fastas_part5/14499/BritoIL_2016__W3.1.ST__bin.28.fa	/home/jshaw/scratch/2022_sketched_distance/references/SGB_genome_fastas_part5/14499/BritoIL_2016__W3.23.ST__bin.68.fa	/home/jshaw/scratch/2022_sketched_distance/references/SGB_genome_fastas_part5/14499/BritoIL_2016__WL.13.ST__bin.55.fa	/home/jshaw/scratch/2022_sketched_distance/references/SGB_genome_fastas_part5/14499/BritoIL_2016__WL.15.ST__bin.42.fa	/home/jshaw/scratch/2022_sketched_distance/references/SGB_genome_fastas_part5/14499/BritoIL_2016__WL.17.ST__bin.1.fa	/home/jshaw/scratch/2022_sketched_distance/references/SGB_genome_fastas_part5/14499/BritoIL_2016__WL.1.ST__bin.13.fa	/home/jshaw/scratch/2022_sketched_distance/references/SGB_genome_fastas_part5/14499/BritoIL_2016__WL.20.ST__bin.78.fa	/home/jshaw/scratch/2022_sketched_distance/references/SGB_genome_fastas_part5/14499/BritoIL_2016__WL.26.ST__bin.2.fa	/home/jshaw/scratch/2022_sketched_distance/references/SGB_genome_fastas_part5/14499/BritoIL_2016__WL.9.ST__bin.11.fa
1.0	0.965545020949133	0.9672058409674548	0.966479625821235	0.9640118739232737	0.9643819981843825	0.9658331072043302	0.9698940833479259	0.9721709696570705	0.9688168599066476	0.9677790304257025	0.969836249707508	0.970293181883303	0.9699269438793413	0.9634821619922588	0.9655763861255704	0.9639913347585392	0.9653711794768067	0.9637453257247015	0.9600066302601163	0.9640300409115142	0.9646150528149486	0.9665255843524385	0.9607204673850757	0.9657917162386485	0.9671361123878658	0.9632941031574815	0.9653316973371562	0.9674473482452279	0.9656361451376775	0.9670358335611773	0.9635524111873977	0.9664856993528732	0.9671861076804698	0.9642998419215492	0.9635490921840094	0.9645397403921175	0.9609868653883026	0.9659807501791453	0.9620398411072156	0.9675819123653236
0.965545020949133	1.0	0.9667275500551294	0.9674769522699266	0.9702050831241571	0.9687303667823705	0.9680210039144119	0.9692504421690685	0.9693547372322118	0.9691755319272637	0.9665689686734278	0.9691099182479697	0.9699419714401697	0.9708503032858037	0.9657301664330435	0.9698992724549069	0.9664965926521378	0.9688775678676372	0.9693614799080494	0.9638354788723597	0.9703049406849135	0.9642561665881084	0.9692913635974248	0.9684674747913641	0.969930416285761	0.9672712214578778	0.9589669997479348	0.9670092560375204	0.9694043514791377	0.9664933387411409	0.9684267602937551	0.9669575563764212	0.9689331327410831	0.9694052003037141	0.9683952441897995	0.9652076373081939	0.968013521168171	0.9651815061201194	0.9701369482939884	0.9637846096826628	0.9700411111655803
0.9672058409674548	0.9667275500551294	1.0	0.9650987590876339	0.9645101880310034	0.965172682329505	0.9664896404395306	0.9679227983831826	0.9686110711657105	0.9691546166131222	0.9655427307905176	0.9658985625224712	0.9683295471897729	0.9676250460175376	0.9676338997413468	0.9657457089482137	0.9648509614065035	0.9646355076193124	0.9646752197442247	0.9601094326564444	0.9655597600665287	0.9652708866622254	0.9679474567294546	0.9641116339519278	0.9674753928684193	0.9651081640265036	0.958591942133624	0.9633829780784801	0.965458897440805	0.962768253706732	0.9640131561391467	0.9635335666122581	0.9661067042323787	0.9660981834176382	0.9649322277542755	0.963927236327282	0.9640839261685148	0.9621651966200222	0.9644901730952	0.9627636387443732	0.9663921359877452
0.966479625821235	0.9674769522699266	0.9650987590876339	1.0	0.9646908343366485	0.9665654558762752	0.9654261599307429	0.968157417393366	0.9687968056908615	0.9681119319010923	0.965783106354641	0.9664284522497077	0.968929123499845	0.9692646176625724	0.9663757585651279	0.9674108068848344	0.965991314582655	0.9670069075987383	0.9664186454442022	0.9627579902098031	0.9678524420084644	0.9657648939778509	0.9677554129220495	0.9666754211676996	0.9689123969211397	0.965031779066868	0.9587839818708465	0.9635285629624422	0.9672610063567421	0.9657613764164336	0.9669132188222455	0.9672631450120195	0.9665629872961075	0.967392234122116	0.9674830061040571	0.9644572347632352	0.9678425479210445	0.9638923717299639	0.9675005025004838	0.9632489774011946	0.9695273555857697
0.9640118739232737	0.9702050831241571	0.9645101880310034	0.9646908343366485	1.0	0.964193519986484	0.9658801407400487	0.9654357033445565	0.9672618808288646	0.9657749651283625	0.9649338087467748	0.9669913399375091	0.9660317577052993	0.9667017784290302	0.9639536248319251	0.9645500169555841	0.965364491006589	0.9651245363541451	0.963160102902417	0.9601916214888779	0.9679617366147991	0.9630913660686133	0.9668198087648626	0.9637829639447447	0.9674067359305344	0.962111420665424	0.9568742613489605	0.9621710046324532	0.9672799344533234	0.9615630542790823	0.9661511427315478	0.9645475807125901	0.9647731517026076	0.9643042460004725	0.9637013214582499	0.9607870276058408	0.9628404203161571	0.9614109969222551	0.9679087639944118	0.9594061310101607	0.9682203973931292
0.9643819981843825	0.9687303667823705	0.965172682329505	0.9665654558762752	0.964193519986484	1.0	0.968413484002471	0.9696921009273063	0.9680499269371434	0.9674611878682595	0.9657568135297105	0.971264557765753	0.9697588315665003	0.9689880173142352	0.9678368428675886	0.9707160209273632	0.9680209068370632	0.9703991361422805	0.9689041518592421	0.9653595754134271	0.9691444145609088	0.9635651005284643	0.9696578688399248	0.9689784170996212	0.9691999819286519	0.9661903579089791	0.9587270036073436	0.9649871922733488	0.9705389102523432	0.9659959931664559	0.9695843854150908	0.9686879728311897	0.9662272218049923	0.9681752099859516	0.9708142612358739	0.9660739584457425	0.9691923663358267	0.9674174514646845	0.9688763477943145	0.9628694149181954	0.9686852066687033
0.9658331072043302	0.9680210039144119	0.9664896404395306	0.9654261599307429	0.9658801407400487	0.968413484002471	1.0	0.9695728758881339	0.9702780418790092	0.9680274240638713	0.9683142698978562	0.9693723778607706	0.969909971832254	0.9711770198072072	0.968359627526818	0.9691052759545548	0.9660450201057093	0.9693763959417944	0.9681550314990017	0.9649398191155739	0.9697832320222091	0.9645848374469771	0.9685308718913447	0.9667584060851875	0.9676917335488284	0.967719826971642	0.9591309922423072	0.9661644608537835	0.9681457648254164	0.9645473307904311	0.9673406238234891	0.9666851957852607	0.9699199833062446	0.9697592673843125	0.9688584823826359	0.9669472230260874	0.9669417461359452	0.9648419091928823	0.9679207754006929	0.9629580621681839	0.9683565994382815
0.9698940833479259	0.9692504421690685	0.9679227983831826	0.968157417393366	0.9654357033445565	0.9696921009273063	0.9695728758881339	1.0	0.9871793695465623	0.9693931132262836	0.9704171307871927	0.9709020782164708	0.9966385593641195	0.9738109367617119	0.9694150683319144	0.9725642203615721	0.9684169061638198	0.9707183976941859	0.9702123742262899	0.9668645298474082	0.9707101989575901	0.9643019273420768	0.9703874573012582	0.9698683972939691	0.9702666818779028	0.9694138288228663	0.9625837640735303	0.9664727672150749	0.972199211041516	0.9676391706731858	0.9708503986615772	0.9704099833666537	0.9704445789430479	0.9705085590941298	0.9690971363838576	0.9661645305031169	0.9717211630919789	0.9661973047847087	0.9704424436285373	0.9653996892956882	0.9712693615563168
0.9721709696570705	0.9693547372322118	0.9686110711657105	0.9687968056908615	0.9672618808288646	0.9680499269371434	0.9702780418790092	0.9871793695465623	1.0	0.9712952733601298	0.9708416111946249	0.9724508189952961	0.9872962906590262	0.9714538489925277	0.968005552260975	0.9713523240145401	0.9687315029349104	0.9695440241259584	0.9681416627661225	0.9656850179263186	0.9733006066472905	0.9666385876941798	0.9702722359165213	0.9680712674246809	0.9701826877381136	0.9706904476051673	0.9642704907823936	0.9680170444279932	0.9710393529868462	0.9684608762529816	0.9701908069712133	0.9693390960780847	0.9719280977161077	0.9707969617766273	0.9682063840748012	0.9649001453371893	0.9696321158853847	0.966939167646253	0.9710912296278377	0.9651815061201194	0.970934316846813
0.9688168599066476	0.9691755319272637	0.9691546166131222	0.9681119319010923	0.9657749651283625	0.9674611878682595	0.9680274240638713	0.9693931132262836	0.9712952733601298	1.0	0.9796627243552224	0.971032072687751	0.9692816414560733	0.9713521729453357	0.9674593364207736	0.9682427514922668	0.9679637096711944	0.9707454064520634	0.9674876742675655	0.9632522258892197	0.9684954813714561	0.9669670558745074	0.9696472340776036	0.9675322196396324	0.9705398898278373	0.9699999615054334	0.9636536074864528	0.9686957489139181	0.9680294056170585	0.9689926864262869	0.9679823142580497	0.9679037393404389	0.9712767694132518	0.9705951552516924	0.9677933706613328	0.9674214409326264	0.9679208573444242	0.9658090005970971	0.968905514196202	0.9631884787024663	0.9702030881022609
0.9677790304257025	0.9665689686734278	0.9655427307905176	0.965783106354641	0.9649338087467748	0.9657568135297105	0.9683142698978562	0.9704171307871927	0.9708416111946249	0.9796627243552224	1.0	0.9698297920485007	0.969918898132691	0.9705612635376006	0.9689596534589878	0.9676899083935838	0.9668496311888525	0.9672335212602214	0.9666235282845289	0.9612295884842391	0.9682495582500726	0.9671323535442159	0.967144889336221	0.9652519496421725	0.9665710029409048	0.966480101742987	0.9611036309025602	0.9658341122602875	0.9675080574092761	0.9664812798633864	0.9664078891987158	0.9670337786612908	0.9681732907269607	0.9686162866022753	0.9652290632613931	0.9661083119652578	0.9653733397115246	0.9642292349315935	0.9686434182748032	0.9614593503666059	0.9707803538486771
0.969836249707508	0.9691099182479697	0.9658985625224712	0.9664284522497077	0.9669913399375091	0.971264557765753	0.9693723778607706	0.9709020782164708	0.9724508189952961	0.971032072687751	0.9698297920485007	1.0	0.9705197375663378	0.9740719580025101	0.9686990281454041	0.9710796454762554	0.9697890993145333	0.9680779279272127	0.9686025630783506	0.9659363825595318	0.9709195027864539	0.9662496832042731	0.9696083318470518	0.9667236442340696	0.9692434067441184	0.9663945121334605	0.9584574859582355	0.9668046650716867	0.9700219530504647	0.9680827402620519	0.9694202811991305	0.9698469157269347	0.9672338103853795	0.9695018800325854	0.9693203961726391	0.9677165694085136	0.9670639383024436	0.9675397498585372	0.9688999976619711	0.9645101880310034	0.970287857074794
0.970293181883303	0.9699419714401697	0.9683295471897729	0.968929123499845	0.9660317577052993	0.9697588315665003	0.969909971832254	0.9966385593641195	0.9872962906590262	0.9692816414560733	0.969918898132691	0.9705197375663378	1.0	0.9740417709651236	0.9689769604862187	0.9726468441312544	0.9682691727330568	0.9705791453362437	0.969725394397885	0.9670115459410658	0.9722987864453628	0.965291689059113	0.9701688611158427	0.9694690309105979	0.9706530370479395	0.9688880004124873	0.9622872541868392	0.9663046071737462	0.9721011288321292	0.967217561746432	0.9707531749708497	0.9698782179361479	0.9707543977311003	0.9700638358547922	0.9694651641807108	0.9657636590680762	0.972348373900295	0.9654329426341937	0.9704277171411446	0.9650676739960248	0.971122944399718
0.9699269438793413	0.9708503032858037	0.9676250460175376	0.9692646176625724	0.9667017784290302	0.9689880173142352	0.9711770198072072	0.9738109367617119	0.9714538489925277	0.9713521729453357	0.9705612635376006	0.9740719580025101	0.9740417709651236	1.0	0.9698637223786494	0.9722194493679128	0.9678182682034387	0.9690734622411998	0.9698799605499548	0.9657794431955846	0.9711142009776386	0.9649096222795633	0.9702993768125621	0.9692922912053107	0.9721882687289398	0.9680298658459802	0.9633531049902203	0.9666886173491123	0.9708665414524513	0.9679767153436294	0.9699703091034403	0.9684370829646044	0.971255066773355	0.9706391785856693	0.9697471066486483	0.9702314828554287	0.9698750764378042	0.9660679968924988	0.9684928226995448	0.9640944571905283	0.9704015262042617
0.9634821619922588	0.9657301664330435	0.9676338997413468	0.9663757585651279	0.9639536248319251	0.9678368428675886	0.968359627526818	0.9694150683319144	0.968005552260975	0.9674593364207736	0.9689596534589878	0.9686990281454041	0.9689769604862187	0.9698637223786494	1.0	0.9692493480161578	0.9644938594245266	0.9682713082861929	0.9671228572968426	0.964002390251118	0.9689889975031846	0.9647817437200279	0.9708582048411143	0.9674729540632963	0.9664912751594819	0.962242667300767	0.9566296851301107	0.9637444384933969	0.9665980104310082	0.9647319311987645	0.9665885730031277	0.9676126858640598	0.9661496037677632	0.9676674816241402	0.9678286545949583	0.9657755965560894	0.9657695799872377	0.9643408319868604	0.9662291427393073	0.962138021757981	0.9674928758548337
0.9655763861255704	0.9698992724549069	0.9657457089482137	0.9674108068848344	0.9645500169555841	0.9707160209273632	0.9691052759545548	0.9725642203615721	0.9713523240145401	0.9682427514922668	0.9676899083935838	0.9710796454762554	0.9726468441312544	0.9722194493679128	0.9692493480161578	1.0	0.9691754936682381	0.9694431508004161	0.970569222494138	0.9641783604734554	0.9713086420210975	0.9639316031715214	0.9706308681458727	0.970106933441868	0.9698882220799298	0.9647157949950224	0.9598512805780106	0.9652258146546251	0.9695619489459235	0.9667645977328359	0.968877848258724	0.9704638789725258	0.9698623489321843	0.9702447930856151	0.9696516197033586	0.9670100547306794	0.9692004479899583	0.9667742808684671	0.9686546767029417	0.962645629613497	0.9701457739074579
0.9639913347585392	0.9664965926521378	0.9648509614065035	0.965991314582655	0.965364491006589	0.9680209068370632	0.9660450201057093	0.9684169061638198	0.9687315029349104	0.9679637096711944	0.9668496311888525	0.9697890993145333	0.9682691727330568	0.9678182682034387	0.9644938594245266	0.9691754936682381	1.0	0.96674820339734	0.9665496321425127	0.9623313676892202	0.9672015596474667	0.9639227671701657	0.9681108036800952	0.9668534237116053	0.9676761778828159	0.9642355479559082	0.9610552416670917	0.9634212685350036	0.967903244717293	0.9664017877904442	0.9671113435310597	0.9653350184930267	0.9643322648737609	0.96755569679305	0.9673934717321176	0.962305096095031	0.9660617082801698	0.9648881000395598	0.9658463063926834	0.9627246101135418	0.9674711325701496
0.9653711794768067	0.9688775678676372	0.9646355076193124	0.9670069075987383	0.9651245363541451	0.9703991361422805	0.9693763959417944	0.9707183976941859	0.9695440241259584	0.9707454064520634	0.9672335212602214	0.9680779279272127	0.9705791453362437	0.9690734622411998	0.9682713082861929	0.9694431508004161	0.96674820339734	1.0	0.9671502555815575	0.966791520579502	0.9712607292018068	0.9651181615090599	0.9704884236739096	0.9690152046476913	0.9695174987211758	0.9671790082823992	0.9608233483706277	0.9661899197473934	0.9694435049067013	0.9679728032690524	0.9685262237238841	0.9699304903608367	0.9693189650765236	0.9690770354814048	0.9694161865455736	0.9684457535765553	0.9690854195315767	0.9668807228472005	0.969133543248433	0.9622640743429006	0.9698275128520685
0.9637453257247015	0.9693614799080494	0.9646752197442247	0.9664186454442022	0.963160102902417	0.9689041518592421	0.9681550314990017	0.9702123742262899	0.9681416627661225	0.9674876742675655	0.9666235282845289	0.9686025630783506	0.969725394397885	0.9698799605499548	0.9671228572968426	0.970569222494138	0.9665496321425127	0.9671502555815575	1.0	0.9644012876767547	0.9671465597093365	0.9623116326097293	0.9700253385474401	0.9675757987598126	0.9687400534798076	0.9634338592727356	0.9598469595380382	0.9669404006866318	0.9691560561238703	0.9659710041776366	0.9683712055825777	0.9694673898618028	0.9676333854070743	0.9681758921340687	0.96962078816151	0.9658561700669759	0.9686423319108097	0.964461266099902	0.9678583920347937	0.963315322769306	0.9693228726110338
0.9600066302601163	0.9638354788723597	0.9601094326564444	0.9627579902098031	0.9601916214888779	0.9653595754134271	0.9649398191155739	0.9668645298474082	0.9656850179263186	0.9632522258892197	0.9612295884842391	0.9659363825595318	0.9670115459410658	0.9657794431955846	0.964002390251118	0.9641783604734554	0.9623313676892202	0.966791520579502	0.9644012876767547	1.0	0.965970946094933	0.9564678476579394	0.9662111867387124	0.9630114540596116	0.9656357696632406	0.9636984237686659	0.9573916422864659	0.9622850591724649	0.9651639506620052	0.9627448028329134	0.9649767801619271	0.9639325863936352	0.9628461202409921	0.9632297303421818	0.9652076812452187	0.9683342603565906	0.9643140256279304	0.9638774967944272	0.9637032689877377	0.9605312571964022	0.9654363970242882
0.9640300409115142	0.9703049406849135	0.9655597600665287	0.9678524420084644	0.9679617366147991	0.9691444145609088	0.9697832320222091	0.9707101989575901	0.9733006066472905	0.9684954813714561	0.9682495582500726	0.9709195027864539	0.9722987864453628	0.9711142009776386	0.9689889975031846	0.9713086420210975	0.9672015596474667	0.9712607292018068	0.9671465597093365	0.965970946094933	1.0	0.9634732237340909	0.9702492446449104	0.969359044457016	0.9717305208260991	0.9661322286883499	0.9614970764629153	0.9640228695095997	0.9698272785260115	0.9642071960519549	0.9691816298426573	0.967871333432709	0.9678214755375316	0.9697636124953821	0.9689735433085098	0.9679072472234351	0.9688017720598778	0.9652846073738864	0.9694614648699859	0.9629851108986636	0.9714890133805185
0.9646150528149486	0.9642561665881084	0.9652708866622254	0.9657648939778509	0.9630913660686133	0.9635651005284643	0.9645848374469771	0.9643019273420768	0.9666385876941798	0.9669670558745074	0.9671323535442159	0.9662496832042731	0.965291689059113	0.9649096222795633	0.9647817437200279	0.9639316031715214	0.9639227671701657	0.9651181615090599	0.9623116326097293	0.9564678476579394	0.9634732237340909	1.0	0.9654992118051035	0.9641103579423799	0.9660858931234597	0.9639744374056644	0.9564546771378699	0.9618930803604486	0.964433025635483	0.9640977059067536	0.9641985513033916	0.964842814643667	0.9650945236686839	0.9648726313873343	0.9648014439814221	0.9575419319646338	0.9636142291722364	0.9608386794402345	0.9643853924281064	0.9617905515618306	0.9661676885595207
0.9665255843524385	0.9692913635974248	0.9679474567294546	0.9677554129220495	0.9668198087648626	0.9696578688399248	0.9685308718913447	0.9703874573012582	0.9702722359165213	0.9696472340776036	0.967144889336221	0.9696083318470518	0.9701688611158427	0.9702993768125621	0.9708582048411143	0.9706308681458727	0.9681108036800952	0.9704884236739096	0.9700253385474401	0.9662111867387124	0.9702492446449104	0.9654992118051035	1.0	0.9701892283096766	0.971011442088179	0.9672004548891324	0.9607340237833434	0.9671042410352075	0.9698865136440216	0.9679758813613153	0.9692653477218182	0.9701434251099076	0.9690440490097811	0.9703536690515158	0.9689637551076119	0.9657420418777866	0.97175599130911	0.96705777235123	0.9681238370668701	0.966062239753943	0.9689198505842385
0.9607204673850757	0.9684674747913641	0.9641116339519278	0.9666754211676996	0.9637829639447447	0.9689784170996212	0.9667584060851875	0.9698683972939691	0.9680712674246809	0.9675322196396324	0.9652519496421725	0.9667236442340696	0.9694690309105979	0.9692922912053107	0.9674729540632963	0.970106933441868	0.9668534237116053	0.9690152046476913	0.9675757987598126	0.9630114540596116	0.969359044457016	0.9641103579423799	0.9701892283096766	1.0	0.9694171630587777	0.9656238846481194	0.9595363060213373	0.9640426830015917	0.9695863819931579	0.9671764692855757	0.9692038304598273	0.9694513331150574	0.9674307829361856	0.9682388523612392	0.9679019509352985	0.9653688636269429	0.9690622068591717	0.9657362040353691	0.9686891941101924	0.9625947110699955	0.9685322752946398
0.9657917162386485	0.969930416285761	0.9674753928684193	0.9689123969211397	0.9674067359305344	0.9691999819286519	0.9676917335488284	0.9702666818779028	0.9701826877381136	0.9705398898278373	0.9665710029409048	0.9692434067441184	0.9706530370479395	0.9721882687289398	0.9664912751594819	0.9698882220799298	0.9676761778828159	0.9695174987211758	0.9687400534798076	0.9656357696632406	0.9717305208260991	0.9660858931234597	0.971011442088179	0.9694171630587777	1.0	0.9667739983261094	0.96110465374175	0.9659829687899116	0.9718645942052796	0.9662788986958512	0.9708260240112448	0.9690913717300829	0.9699425396878322	0.9704403176468147	0.9681288717377599	0.9659357918918705	0.971333518224912	0.9657101811850427	0.9700811426093584	0.9623397135394312	0.9715827001275689
0.9671361123878658	0.9672712214578778	0.9651081640265036	0.965031779066868	0.962111420665424	0.9661903579089791	0.967719826971642	0.9694138288228663	0.9706904476051673	0.9699999615054334	0.966480101742987	0.9663945121334605	0.9688880004124873	0.9680298658459802	0.962242667300767	0.9647157949950224	0.9642355479559082	0.9671790082823992	0.9634338592727356	0.9636984237686659	0.9661322286883499	0.9639744374056644	0.9672004548891324	0.9656238846481194	0.9667739983261094	1.0	0.970717623162002	0.9675603859891543	0.9694497086246355	0.9672127279512868	0.9689962085265879	0.9649030828316416	0.9741741558459113	0.9686679950834234	0.9662651758207755	0.9666389729388488	0.9665323255399784	0.9637673346523454	0.9656383689170064	0.9642300704029897	0.9675950931817654
0.9632941031574815	0.9589669997479348	0.958591942133624	0.9587839818708465	0.9568742613489605	0.9587270036073436	0.9591309922423072	0.9625837640735303	0.9642704907823936	0.9636536074864528	0.9611036309025602	0.9584574859582355	0.9622872541868392	0.9633531049902203	0.9566296851301107	0.9598512805780106	0.9610552416670917	0.9608233483706277	0.9598469595380382	0.9573916422864659	0.9614970764629153	0.9564546771378699	0.9607340237833434	0.9595363060213373	0.96110465374175	0.970717623162002	1.0	0.9620962714964152	0.9640945951516791	0.9641487546732705	0.9634077217080543	0.9594906379184974	0.9635520205905563	0.9640427028643082	0.960957327009826	0.9612723594965293	0.9610173095038892	0.9608071973494929	0.9609082176852296	0.9578871102985715	0.9630750593499365
0.9653316973371562	0.9670092560375204	0.9633829780784801	0.9635285629624422	0.9621710046324532	0.9649871922733488	0.9661644608537835	0.9664727672150749	0.9680170444279932	0.9686957489139181	0.9658341122602875	0.9668046650716867	0.9663046071737462	0.9666886173491123	0.9637444384933969	0.9652258146546251	0.9634212685350036	0.9661899197473934	0.9669404006866318	0.9622850591724649	0.9640228695095997	0.9618930803604486	0.9671042410352075	0.9640426830015917	0.9659829687899116	0.9675603859891543	0.9620962714964152	1.0	0.9676558384866571	0.9720866096685217	0.967714638691509	0.970835608783089	0.9681247636597796	0.967476194648701	0.9674082462617432	0.9656702043898889	0.9651906756195788	0.9677125616375896	0.9664787882345397	0.9662249625194996	0.9652695862578389
0.9674473482452279	0.9694043514791377	0.965458897440805	0.9672610063567421	0.9672799344533234	0.9705389102523432	0.9681457648254164	0.972199211041516	0.9710393529868462	0.9680294056170585	0.9675080574092761	0.9700219530504647	0.9721011288321292	0.9708665414524513	0.9665980104310082	0.9695619489459235	0.967903244717293	0.9694435049067013	0.9691560561238703	0.9651639506620052	0.9698272785260115	0.964433025635483	0.9698865136440216	0.9695863819931579	0.9718645942052796	0.9694497086246355	0.9640945951516791	0.9676558384866571	1.0	0.9678032869951654	0.9958139956200321	0.9698021477943018	0.9684731287552699	0.9717067388094436	0.9715580817518957	0.9673549521506689	0.9737373071237733	0.9689980383507784	0.9695835418205747	0.9662201490130237	0.970495671191298
0.9656361451376775	0.9664933387411409	0.962768253706732	0.9657613764164336	0.9615630542790823	0.9659959931664559	0.9645473307904311	0.9676391706731858	0.9684608762529816	0.9689926864262869	0.9664812798633864	0.9680827402620519	0.967217561746432	0.9679767153436294	0.9647319311987645	0.9667645977328359	0.9664017877904442	0.9679728032690524	0.9659710041776366	0.9627448028329134	0.9642071960519549	0.9640977059067536	0.9679758813613153	0.9671764692855757	0.9662788986958512	0.9672127279512868	0.9641487546732705	0.9720866096685217	0.9678032869951654	1.0	0.9673222943261075	0.9720423270269833	0.9658897905741254	0.9689167465232652	0.9675160751083136	0.9685688088211695	0.9662288676005838	0.9653088557507132	0.9651420707111298	0.9662376044791458	0.9683546982527365
0.9670358335611773	0.9684267602937551	0.9640131561391467	0.9669132188222455	0.9661511427315478	0.9695843854150908	0.9673406238234891	0.9708503986615772	0.9701908069712133	0.9679823142580497	0.9664078891987158	0.9694202811991305	0.9707531749708497	0.9699703091034403	0.9665885730031277	0.968877848258724	0.9671113435310597	0.9685262237238841	0.9683712055825777	0.9649767801619271	0.9691816298426573	0.9641985513033916	0.9692653477218182	0.9692038304598273	0.9708260240112448	0.9689962085265879	0.9634077217080543	0.967714638691509	0.9958139956200321	0.9673222943261075	1.0	0.968772919717024	0.9678610265356072	0.9714092813916722	0.9707843879351982	0.9673534226325475	0.9726920305644614	0.9679439223976265	0.9689372591881285	0.9647472483368859	0.9698026350718283
0.9635524111873977	0.9669575563764212	0.9635335666122581	0.9672631450120195	0.9645475807125901	0.9686879728311897	0.9666851957852607	0.9704099833666537	0.9693390960780847	0.9679037393404389	0.9670337786612908	0.9698469157269347	0.9698782179361479	0.9684370829646044	0.9676126858640598	0.9704638789725258	0.9653350184930267	0.9699304903608367	0.9694673898618028	0.9639325863936352	0.967871333432709	0.964842814643667	0.9701434251099076	0.9694513331150574	0.9690913717300829	0.9649030828316416	0.9594906379184974	0.970835608783089	0.9698021477943018	0.9720423270269833	0.968772919717024	1.0	0.969454992088657	0.9702089133912771	0.9677958690974117	0.9645514818670703	0.9686986031927708	0.9668590875419458	0.9693926207077946	0.9681561042900492	0.9693522004603575
0.9664856993528732	0.9689331327410831	0.9661067042323787	0.9665629872961075	0.9647731517026076	0.9662272218049923	0.9699199833062446	0.9704445789430479	0.9719280977161077	0.9712767694132518	0.9681732907269607	0.9672338103853795	0.9707543977311003	0.971255066773355	0.9661496037677632	0.9698623489321843	0.9643322648737609	0.9693189650765236	0.9676333854070743	0.9628461202409921	0.9678214755375316	0.9650945236686839	0.9690440490097811	0.9674307829361856	0.9699425396878322	0.9741741558459113	0.9635520205905563	0.9681247636597796	0.9684731287552699	0.9658897905741254	0.9678610265356072	0.969454992088657	1.0	0.9754004493909805	0.9682436855123416	0.9674189478104305	0.9683309441297389	0.9661580950672625	0.9694814153315265	0.9634726655034076	0.9697045757396585
0.9671861076804698	0.9694052003037141	0.9660981834176382	0.967392234122116	0.9643042460004725	0.9681752099859516	0.9697592673843125	0.9705085590941298	0.9707969617766273	0.9705951552516924	0.9686162866022753	0.9695018800325854	0.9700638358547922	0.9706391785856693	0.9676674816241402	0.9702447930856151	0.96755569679305	0.9690770354814048	0.9681758921340687	0.9632297303421818	0.9697636124953821	0.9648726313873343	0.9703536690515158	0.9682388523612392	0.9704403176468147	0.9686679950834234	0.9640427028643082	0.967476194648701	0.9717067388094436	0.9689167465232652	0.9714092813916722	0.9702089133912771	0.9754004493909805	1.0	0.9686987536918255	0.9670747428988988	0.9688714637300678	0.9680590533326062	0.9684710026489912	0.9639524984038714	0.9701815435914699
0.9642998419215492	0.9683952441897995	0.9649322277542755	0.9674830061040571	0.9637013214582499	0.9708142612358739	0.9688584823826359	0.9690971363838576	0.9682063840748012	0.9677933706613328	0.9652290632613931	0.9693203961726391	0.9694651641807108	0.9697471066486483	0.9678286545949583	0.9696516197033586	0.9673934717321176	0.9694161865455736	0.96962078816151	0.9652076812452187	0.9689735433085098	0.9648014439814221	0.9689637551076119	0.9679019509352985	0.9681288717377599	0.9662651758207755	0.960957327009826	0.9674082462617432	0.9715580817518957	0.9675160751083136	0.9707843879351982	0.9677958690974117	0.9682436855123416	0.9686987536918255	1.0	0.9701160855724481	0.9691520731337507	0.966826721774452	0.967400054089387	0.9647745941331826	0.9697480887451212
0.9635490921840094	0.9652076373081939	0.963927236327282	0.9644572347632352	0.9607870276058408	0.9660739584457425	0.9669472230260874	0.9661645305031169	0.9649001453371893	0.9674214409326264	0.9661083119652578	0.9677165694085136	0.9657636590680762	0.9702314828554287	0.9657755965560894	0.9670100547306794	0.962305096095031	0.9684457535765553	0.9658561700669759	0.9683342603565906	0.9679072472234351	0.9575419319646338	0.9657420418777866	0.9653688636269429	0.9659357918918705	0.9666389729388488	0.9612723594965293	0.9656702043898889	0.9673549521506689	0.9685688088211695	0.9673534226325475	0.9645514818670703	0.9674189478104305	0.9670747428988988	0.9701160855724481	1.0	0.964050767597541	0.9651717719539338	0.9642516606936127	0.9607117587992168	0.9669786725973345
0.9645397403921175	0.968013521168171	0.9640839261685148	0.9678425479210445	0.9628404203161571	0.9691923663358267	0.9669417461359452	0.9717211630919789	0.9696321158853847	0.9679208573444242	0.9653733397115246	0.9670639383024436	0.972348373900295	0.9698750764378042	0.9657695799872377	0.9692004479899583	0.9660617082801698	0.9690854195315767	0.9686423319108097	0.9643140256279304	0.9688017720598778	0.9636142291722364	0.97175599130911	0.9690622068591717	0.971333518224912	0.9665323255399784	0.9610173095038892	0.9651906756195788	0.9737373071237733	0.9662288676005838	0.9726920305644614	0.9686986031927708	0.9683309441297389	0.9688714637300678	0.9691520731337507	0.964050767597541	1.0	0.963659547013826	0.9682208724591499	0.9642034861701273	0.9695066935509069
0.9609868653883026	0.9651815061201194	0.9621651966200222	0.9638923717299639	0.9614109969222551	0.9674174514646845	0.9648419091928823	0.9661973047847087	0.966939167646253	0.9658090005970971	0.9642292349315935	0.9675397498585372	0.9654329426341937	0.9660679968924988	0.9643408319868604	0.9667742808684671	0.9648881000395598	0.9668807228472005	0.964461266099902	0.9638774967944272	0.9652846073738864	0.9608386794402345	0.96705777235123	0.9657362040353691	0.9657101811850427	0.9637673346523454	0.9608071973494929	0.9677125616375896	0.9689980383507784	0.9653088557507132	0.9679439223976265	0.9668590875419458	0.9661580950672625	0.9680590533326062	0.966826721774452	0.9651717719539338	0.963659547013826	1.0	0.9654909959167438	0.9587852813572402	0.966692155292671
0.9659807501791453	0.9701369482939884	0.9644901730952	0.9675005025004838	0.9679087639944118	0.9688763477943145	0.9679207754006929	0.9704424436285373	0.9710912296278377	0.968905514196202	0.9686434182748032	0.9688999976619711	0.9704277171411446	0.9684928226995448	0.9662291427393073	0.9686546767029417	0.9658463063926834	0.969133543248433	0.9678583920347937	0.9637032689877377	0.9694614648699859	0.9643853924281064	0.9681238370668701	0.9686891941101924	0.9700811426093584	0.9656383689170064	0.9609082176852296	0.9664787882345397	0.9695835418205747	0.9651420707111298	0.9689372591881285	0.9693926207077946	0.9694814153315265	0.9684710026489912	0.967400054089387	0.9642516606936127	0.9682208724591499	0.9654909959167438	1.0	0.963823893006599	0.9718693430915621
0.9620398411072156	0.9637846096826628	0.9627636387443732	0.9632489774011946	0.9594061310101607	0.9628694149181954	0.9629580621681839	0.9653996892956882	0.9651815061201194	0.9631884787024663	0.9614593503666059	0.9645101880310034	0.9650676739960248	0.9640944571905283	0.962138021757981	0.962645629613497	0.9627246101135418	0.9622640743429006	0.963315322769306	0.9605312571964022	0.9629851108986636	0.9617905515618306	0.966062239753943	0.9625947110699955	0.9623397135394312	0.9642300704029897	0.9578871102985715	0.9662249625194996	0.9662201490130237	0.9662376044791458	0.9647472483368859	0.9681561042900492	0.9634726655034076	0.9639524984038714	0.9647745941331826	0.9607117587992168	0.9642034861701273	0.9587852813572402	0.963823893006599	1.0	0.964477757973992
0.9675819123653236	0.9700411111655803	0.9663921359877452	0.9695273555857697	0.9682203973931292	0.9686852066687033	0.9683565994382815	0.9712693615563168	0.970934316846813	0.9702030881022609	0.9707803538486771	0.970287857074794	0.971122944399718	0.9704015262042617	0.9674928758548337	0.9701457739074579	0.9674711325701496	0.9698275128520685	0.9693228726110338	0.9654363970242882	0.9714890133805185	0.9661676885595207	0.9689198505842385	0.9685322752946398	0.9715827001275689	0.9675950931817654	0.9630750593499365	0.9652695862578389	0.970495671191298	0.9683546982527365	0.9698026350718283	0.9693522004603575	0.9697045757396585	0.9701815435914699	0.9697480887451212	0.9669786725973345	0.9695066935509069	0.966692155292671	0.9718693430915621	0.964477757973992	1.0
