/home/jshaw/scratch/2022_sketched_distance/references/SGB_genome_fastas_part4/9465/BritoIL_2016__M1.48.SA__bin.1.fa	/home/jshaw/scratch/2022_sketched_distance/references/SGB_genome_fastas_part4/9465/BritoIL_2016__M1.62.SA__bin.1.fa	/home/jshaw/scratch/2022_sketched_distance/references/SGB_genome_fastas_part4/9465/BritoIL_2016__W1.36.SA__bin.11.fa	/home/jshaw/scratch/2022_sketched_distance/references/SGB_genome_fastas_part4/9465/BritoIL_2016__W1.38.SA__bin.1.fa	/home/jshaw/scratch/2022_sketched_distance/references/SGB_genome_fastas_part4/9465/BritoIL_2016__W1.39.SA__bin.2.fa	/home/jshaw/scratch/2022_sketched_distance/references/SGB_genome_fastas_part4/9465/BritoIL_2016__W1.40.SA__bin.2.fa	/home/jshaw/scratch/2022_sketched_distance/references/SGB_genome_fastas_part4/9465/BritoIL_2016__W1.42.SA__bin.4.fa	/home/jshaw/scratch/2022_sketched_distance/references/SGB_genome_fastas_part4/9465/BritoIL_2016__W2.46.SA__bin.5.fa	/home/jshaw/scratch/2022_sketched_distance/references/SGB_genome_fastas_part4/9465/BritoIL_2016__W2.4.SA__bin.1.fa	/home/jshaw/scratch/2022_sketched_distance/references/SGB_genome_fastas_part4/9465/BritoIL_2016__W3.16.SA__bin.7.fa	/home/jshaw/scratch/2022_sketched_distance/references/SGB_genome_fastas_part4/9465/BritoIL_2016__WL.25.SA__bin.1.fa	/home/jshaw/scratch/2022_sketched_distance/references/SGB_genome_fastas_part4/9465/BritoIL_2016__WL.32.SA__bin.2.fa	/home/jshaw/scratch/2022_sketched_distance/references/SGB_genome_fastas_part4/9465/BritoIL_2016__WL.33.SA__bin.17.fa	/home/jshaw/scratch/2022_sketched_distance/references/SGB_genome_fastas_part4/9465/CM_periimplantitis__SP_162SPI_T016__bin.14.fa	/home/jshaw/scratch/2022_sketched_distance/references/SGB_genome_fastas_part4/9465/CM_periimplantitis__SP_162SPT_T016__bin.1.fa	/home/jshaw/scratch/2022_sketched_distance/references/SGB_genome_fastas_part4/9465/CM_periimplantitis__SP_164SPI_T016__bin.12.fa	/home/jshaw/scratch/2022_sketched_distance/references/SGB_genome_fastas_part4/9465/CM_periimplantitis__SP_164SPT_T016__bin.15.fa	/home/jshaw/scratch/2022_sketched_distance/references/SGB_genome_fastas_part4/9465/CM_periimplantitis__SP_186SPI_T016_R__bin.5.fa	/home/jshaw/scratch/2022_sketched_distance/references/SGB_genome_fastas_part4/9465/CM_periimplantitis__SP_403SPT_T016__bin.15.fa	/home/jshaw/scratch/2022_sketched_distance/references/SGB_genome_fastas_part4/9465/HMP_2012__SRS013881__bin.8.fa	/home/jshaw/scratch/2022_sketched_distance/references/SGB_genome_fastas_part4/9465/HMP_2012__SRS015044__bin.27.fa	/home/jshaw/scratch/2022_sketched_distance/references/SGB_genome_fastas_part4/9465/HMP_2012__SRS015154__bin.11.fa	/home/jshaw/scratch/2022_sketched_distance/references/SGB_genome_fastas_part4/9465/HMP_2012__SRS015158__bin.23.fa	/home/jshaw/scratch/2022_sketched_distance/references/SGB_genome_fastas_part4/9465/HMP_2012__SRS015440__bin.17.fa	/home/jshaw/scratch/2022_sketched_distance/references/SGB_genome_fastas_part4/9465/HMP_2012__SRS015470__bin.40.fa	/home/jshaw/scratch/2022_sketched_distance/references/SGB_genome_fastas_part4/9465/HMP_2012__SRS015650__bin.2.fa	/home/jshaw/scratch/2022_sketched_distance/references/SGB_genome_fastas_part4/9465/HMP_2012__SRS015799__bin.2.fa	/home/jshaw/scratch/2022_sketched_distance/references/SGB_genome_fastas_part4/9465/HMP_2012__SRS015803__bin.39.fa	/home/jshaw/scratch/2022_sketched_distance/references/SGB_genome_fastas_part4/9465/HMP_2012__SRS015947__bin.14.fa	/home/jshaw/scratch/2022_sketched_distance/references/SGB_genome_fastas_part4/9465/HMP_2012__SRS016360__bin.7.fa	/home/jshaw/scratch/2022_sketched_distance/references/SGB_genome_fastas_part4/9465/HMP_2012__SRS017691__bin.35.fa	/home/jshaw/scratch/2022_sketched_distance/references/SGB_genome_fastas_part4/9465/HMP_2012__SRS018573__bin.7.fa	/home/jshaw/scratch/2022_sketched_distance/references/SGB_genome_fastas_part4/9465/HMP_2012__SRS019387__bin.24.fa	/home/jshaw/scratch/2022_sketched_distance/references/SGB_genome_fastas_part4/9465/HMP_2012__SRS019591__bin.5.fa	/home/jshaw/scratch/2022_sketched_distance/references/SGB_genome_fastas_part4/9465/HMP_2012__SRS024447__bin.56.fa	/home/jshaw/scratch/2022_sketched_distance/references/SGB_genome_fastas_part4/9465/HMP_2012__SRS024470__bin.7.fa	/home/jshaw/scratch/2022_sketched_distance/references/SGB_genome_fastas_part4/9465/HMP_2012__SRS043018__bin.16.fa	/home/jshaw/scratch/2022_sketched_distance/references/SGB_genome_fastas_part4/9465/HMP_2012__SRS047100__bin.26.fa	/home/jshaw/scratch/2022_sketched_distance/references/SGB_genome_fastas_part4/9465/HMP_2012__SRS047265__bin.8.fa	/home/jshaw/scratch/2022_sketched_distance/references/SGB_genome_fastas_part4/9465/HMP_2012__SRS051244__bin.43.fa	/home/jshaw/scratch/2022_sketched_distance/references/SGB_genome_fastas_part4/9465/OhJ_2014__MET0313__bin.2.fa
1.0	0.9718241238300586	0.9731272576512103	0.9664482292806958	0.9847522186643402	0.9833424793540096	0.972596198619403	0.9719434144617635	0.9829791718908613	0.9709183220957457	0.9681065132238518	0.9713328569020134	0.969795636694251	0.9704382552014844	0.9701457935305933	0.9720390452067736	0.9690550389840571	0.967305695553699	0.9717830648811122	0.9634789621941735	0.972274689173519	0.9684915900185261	0.9683861004974319	0.9693903109410958	0.9698195856034925	0.9731067163836311	0.9636918130459671	0.9637407498511151	0.9666916700571835	0.9707901622377761	0.9574583734659277	0.9630488787998086	0.9706129460787719	0.9715788651547199	0.9848558381463175	0.9870056455892898	0.9621333663160029	0.9628945596904076	0.9689294438337848	0.9589805965081821	0.9699200095510806
0.9718241238300586	1.0	0.9739522489377416	0.9688904199642425	0.9706833719861934	0.9721152786181965	0.9767972515776804	0.9733984740875324	0.9698214850317677	0.9749837811805906	0.9698809789730525	0.971527253615082	0.9688136996103703	0.9706276499469864	0.970478322228814	0.9726042309204773	0.9696044377800588	0.9670643626743022	0.9725159947833981	0.9598543944428355	0.9711160009495218	0.9696562808134438	0.967637459230951	0.9687809388881525	0.9682699680667094	0.9716588206656877	0.9594271135963389	0.9594432351558004	0.9667357477648119	0.9705035105307537	0.9577036962916081	0.958059039660784	0.9702937352693054	0.9713141962512173	0.9704338429518184	0.971364410371133	0.9638049349045218	0.9596609867995743	0.9686425962918238	0.9569156506961353	0.9701051169190743
0.9731272576512103	0.9739522489377416	1.0	0.9696194844125061	0.9706699835589746	0.971473726608133	0.9768701404260786	0.9744275744171822	0.9692799651246649	0.9762886137802345	0.9881059841544988	0.9736493575246624	0.9718547367091527	0.9790585387447688	0.9786515855067356	0.9743771153288386	0.971117000288889	0.9691122270675144	0.9741157011797196	0.9606961778785311	0.9728732007637133	0.9760495623547192	0.9755071322766043	0.9706480141364802	0.9704107983886489	0.9733269520839997	0.9608201776289269	0.96027062703779	0.9681911080340456	0.9785000647725117	0.9581308787477446	0.9604783012645066	0.9786198551767722	0.979486540165931	0.9715672343226097	0.972407334864043	0.9692801457544062	0.9618320411388862	0.9695798974381464	0.9580111516836763	0.9821627494839659
0.9664482292806958	0.9688904199642425	0.9696194844125061	1.0	0.9667946299484541	0.9658259484094137	0.9773386002407836	0.969913537680383	0.9640016167844955	0.9783772297334954	0.9636608784260805	0.9671546874289604	0.9645951217388288	0.9671242035073513	0.9655122018381178	0.9693294665385978	0.9668562794426131	0.9650805223841749	0.9693164992122054	0.9566185987842798	0.9664256741524015	0.9636851708514391	0.9642127349909204	0.9644664278763818	0.9648945892561468	0.9668422570182083	0.9563775906113086	0.9569754168537339	0.9618271480660341	0.9664518486929841	0.9519105971804389	0.9566852829224096	0.966375369404152	0.9663971875632417	0.9654894429064073	0.9665097986785987	0.958682787662609	0.9550075703428377	0.964521302532148	0.9531501137074146	0.9663227799429942
0.9847522186643402	0.9706833719861934	0.9706699835589746	0.9667946299484541	1.0	0.9841198178362964	0.9718554644710826	0.9701750694270049	0.9901102346587107	0.9695326073312043	0.9663572625336192	0.9715537151168733	0.9670757523057747	0.9695318713221315	0.9698006466683082	0.9702980274771276	0.9670394452141351	0.9674235269941056	0.9695826418995411	0.9613682469252377	0.9707920525527589	0.968407091123136	0.9669395516002676	0.9677336968796925	0.9677219746236094	0.9711790200523422	0.9621185319074189	0.9615294507851996	0.9663768779703833	0.9697389079767382	0.9576389254321063	0.9606286547598208	0.9695101034767504	0.9701476342679043	0.9843521787536981	0.9861171487833285	0.9627787205261628	0.9615070226418655	0.9676782568711163	0.9573718379333049	0.9695857775430171
0.9833424793540096	0.9721152786181965	0.971473726608133	0.9658259484094137	0.9841198178362964	1.0	0.973334479327689	0.9700231901970932	0.9824335027798362	0.9706161137675774	0.9684328813688222	0.9704052588582357	0.9689364930567891	0.9698799177133697	0.9699395373815775	0.9706087116504272	0.9678944010569384	0.9669955513988503	0.9709092758182784	0.9614710333050663	0.9710669764534404	0.9682551234695037	0.9675029716493853	0.9678526886562803	0.9676552427903087	0.9710095399624924	0.961703646535202	0.961854280733716	0.9659393807232166	0.9699632120940719	0.9573700873914545	0.9608925280241832	0.9701371109421163	0.9703275634128267	0.9825360049831819	0.983931399752505	0.9640888631694539	0.960418736613386	0.9669255357847828	0.9568118532486773	0.9691396912123759
0.972596198619403	0.9767972515776804	0.9768701404260786	0.9773386002407836	0.9718554644710826	0.973334479327689	1.0	0.9760032783639125	0.970893722404532	0.9821844519844316	0.9718024559919518	0.9733479420774934	0.9715906676192076	0.9726199261747841	0.9726594371280203	0.9766216258748481	0.9734624815371736	0.9699268481238462	0.9762577484259154	0.9614674683079616	0.9734326463479285	0.9714471689380443	0.9700892169600087	0.9709263191728469	0.9700479994300544	0.9735941519568462	0.961111522982801	0.9617476915344124	0.9684217197214672	0.9728890437071851	0.9589715169391703	0.960104857129053	0.9722229698669534	0.9732318499591404	0.9715966779094002	0.9723975658890711	0.9653926139940594	0.9629004882005195	0.9709997484979978	0.957243832072827	0.9733697276912007
0.9719434144617635	0.9733984740875324	0.9744275744171822	0.969913537680383	0.9701750694270049	0.9700231901970932	0.9760032783639125	1.0	0.9684039111198324	0.9757593742069373	0.9701065053143736	0.9719930510093392	0.9684334624442982	0.9720355648757751	0.9715474313783905	0.9759607825425863	0.9711472420179009	0.9675779304715204	0.9733036503565687	0.9614809204872898	0.9724748395222034	0.9688716582975212	0.9687285774035146	0.9698995486339215	0.9700096852767384	0.9730501958622378	0.9615500353763352	0.9616293711723504	0.9668267723611838	0.9720174522771949	0.9588670575390407	0.9607928204402028	0.9711100055449708	0.9725329673805079	0.9705640058775156	0.9718318582171597	0.9625643475609554	0.962764844876063	0.9686484909308857	0.9592819428198334	0.9714257920280469
0.9829791718908613	0.9698214850317677	0.9692799651246649	0.9640016167844955	0.9901102346587107	0.9824335027798362	0.970893722404532	0.9684039111198324	1.0	0.9680704837039485	0.966323508041431	0.9695937769515633	0.9673415922854429	0.9677254172916764	0.9673455772968483	0.9679579192679877	0.9657540244581263	0.965637744068913	0.967934155942572	0.9586550456241522	0.9682486150853936	0.9664041018771037	0.9652358917487481	0.9664540155792911	0.9662620414456081	0.9682979852342882	0.9589511721591408	0.9589989440621753	0.9645714515900203	0.9673183543429629	0.954804363348073	0.9580514205655225	0.9670796776475362	0.9677989687548584	0.9822131811810209	0.9831262341303799	0.9596635761092664	0.9598892164865693	0.9641706950700167	0.9550236827677314	0.9670896771853357
0.9709183220957457	0.9749837811805906	0.9762886137802345	0.9783772297334954	0.9695326073312043	0.9706161137675774	0.9821844519844316	0.9757593742069373	0.9680704837039485	1.0	0.9722155691532234	0.9720835721731371	0.9694380321692329	0.9714989584816585	0.9705194664276738	0.9742507653649235	0.9704486392015456	0.9672073469552092	0.9747700335270243	0.9591223212390825	0.9720915368822635	0.9696733983326105	0.9695695349081948	0.9702094095007117	0.968973433929032	0.9725415780491717	0.9589702750617726	0.9595303798292948	0.966550677248802	0.9717311123613116	0.9574603934131496	0.9593336766624972	0.9716520097233918	0.9725019337688379	0.9695271686462629	0.9706900916830349	0.9645016391881754	0.961046787518191	0.9695771381023442	0.9566641074173339	0.9714790392619781
0.9681065132238518	0.9698809789730525	0.9881059841544988	0.9636608784260805	0.9663572625336192	0.9684328813688222	0.9718024559919518	0.9701065053143736	0.966323508041431	0.9722155691532234	1.0	0.969742747078658	0.9683382284273588	0.9752307055413132	0.9755858046404843	0.9703393025064843	0.9658791543378092	0.9661085078008553	0.9707305890526546	0.9561421126553505	0.9690415092858924	0.9734180086499366	0.9719398580095597	0.9664533315291993	0.9662801224992441	0.9696294822855751	0.9568312588928609	0.95571143888306	0.9633361940928437	0.974939372344437	0.9547367438934423	0.9550227874047689	0.9745057688472125	0.9755104559814256	0.9675771046252858	0.9688658450124331	0.9667466161815719	0.9570212761061336	0.9648375320236247	0.9539483638760916	0.9779047008513959
0.9713328569020134	0.971527253615082	0.9736493575246624	0.9671546874289604	0.9715537151168733	0.9704052588582357	0.9733479420774934	0.9719930510093392	0.9695937769515633	0.9720835721731371	0.969742747078658	1.0	0.9741098121548056	0.9719947214922384	0.9719531876170008	0.9719075152402304	0.9673500965178344	0.9675920883214709	0.9714294106456913	0.9593650103827456	0.9727748851931685	0.9691747682768981	0.968622249802086	0.9700365189351221	0.9701065053143736	0.9735453321284241	0.9601207899344477	0.9593313111515394	0.9674199338939675	0.9716522425451378	0.9589156403961118	0.960113561410449	0.9708289954813202	0.9723061011939436	0.9699786595690629	0.9716892151109278	0.9629345659392186	0.9608692984951931	0.9678246511527229	0.9584314212743051	0.9707900581582255
0.969795636694251	0.9688136996103703	0.9718547367091527	0.9645951217388288	0.9670757523057747	0.9689364930567891	0.9715906676192076	0.9684334624442982	0.9673415922854429	0.9694380321692329	0.9683382284273588	0.9741098121548056	1.0	0.9689070904118111	0.9680755679587859	0.9698195856034925	0.9665934213505726	0.9665473314554929	0.9698754508018242	0.957031605821683	0.9715252459989865	0.9666625623737902	0.9661913127606457	0.9682065912892073	0.968155972900299	0.9710729801564313	0.9570311434754268	0.9562058015372565	0.9658171432512748	0.9689855677803405	0.9538507903791948	0.9562745594166345	0.9679837908740271	0.9693162933705691	0.9673157319252587	0.9688298390551996	0.9628563828275025	0.9575222777767443	0.9670668680167938	0.9553336258138063	0.968979105018496
0.9704382552014844	0.9706276499469864	0.9790585387447688	0.9671242035073513	0.9695318713221315	0.9698799177133697	0.9726199261747841	0.9720355648757751	0.9677254172916764	0.9714989584816585	0.9752307055413132	0.9719947214922384	0.9689070904118111	1.0	0.9956961579399591	0.9711577082651294	0.9657512566405909	0.9680836717410096	0.9706185754013924	0.9600357725264149	0.9723695699407966	0.9891022931206762	0.9892797058419326	0.9691967133687989	0.9695033387501142	0.9732666911207207	0.9601032373733056	0.9603173498200166	0.9662817630921771	0.9918954350569659	0.9579557361614806	0.9591640860774342	0.9918934039824436	0.993053839941032	0.9696935400666667	0.9716086297903815	0.9807640161155412	0.9608804138203699	0.9681076057544916	0.9577938370264063	0.9879287754673727
0.9701457935305933	0.970478322228814	0.9786515855067356	0.9655122018381178	0.9698006466683082	0.9699395373815775	0.9726594371280203	0.9715474313783905	0.9673455772968483	0.9705194664276738	0.9755858046404843	0.9719531876170008	0.9680755679587859	0.9956961579399591	1.0	0.9707972748228466	0.9667364471235464	0.9680397775837978	0.9701509495175651	0.958891397196438	0.9721415740447461	0.9891897677498751	0.9895094820208693	0.9687097559459908	0.9690142226619382	0.973062821577104	0.9595143197749472	0.9595893571929337	0.9656627573876371	0.991891776082446	0.9578559615311543	0.9584006999395274	0.9913163214133757	0.9928470467127479	0.9695407006189989	0.9709902954554062	0.9803270773760929	0.9609755098369388	0.9672974470629709	0.9566688339813002	0.9870876446414096
0.9720390452067736	0.9726042309204773	0.9743771153288386	0.9693294665385978	0.9702980274771276	0.9706087116504272	0.9766216258748481	0.9759607825425863	0.9679579192679877	0.9742507653649235	0.9703393025064843	0.9719075152402304	0.9698195856034925	0.9711577082651294	0.9707972748228466	1.0	0.9908189294258533	0.9677195942570289	0.9930727995083447	0.9595418240067324	0.972093079016233	0.9685890897669341	0.9683061468692148	0.9686658604472522	0.9678983600329011	0.9725605697418818	0.960057664185459	0.9595600131233937	0.9665015514208931	0.9709367964778406	0.958608342262686	0.9581437816273993	0.9700339061937132	0.9716150057032277	0.9708103701515577	0.9723338762971819	0.9631777864072235	0.9606776256415454	0.9692637912016429	0.9590519709924252	0.9718348418988424
0.9690550389840571	0.9696044377800588	0.971117000288889	0.9668562794426131	0.9670394452141351	0.9678944010569384	0.9734624815371736	0.9711472420179009	0.9657540244581263	0.9704486392015456	0.9658791543378092	0.9673500965178344	0.9665934213505726	0.9657512566405909	0.9667364471235464	0.9908189294258533	1.0	0.9630237475131638	0.9888855875657037	0.9561083051315044	0.9678637075168187	0.9642233370712427	0.9636812191314242	0.963406597262923	0.9632346083835337	0.9682077501988678	0.9564355177283917	0.9559018189824223	0.9626792077817615	0.9664575019500717	0.9545816133473297	0.9550562144960452	0.9661261903964378	0.9668894637823715	0.9666655397917866	0.9677734918331155	0.9599278765712695	0.9571679987362651	0.9656676653513281	0.9551006134656636	0.9688071518123076
0.967305695553699	0.9670643626743022	0.9691122270675144	0.9650805223841749	0.9674235269941056	0.9669955513988503	0.9699268481238462	0.9675779304715204	0.965637744068913	0.9672073469552092	0.9661085078008553	0.9675920883214709	0.9665473314554929	0.9680836717410096	0.9680397775837978	0.9677195942570289	0.9630237475131638	1.0	0.9673492665809607	0.9588079472689949	0.9689564116935862	0.965866822507762	0.9663829089592292	0.9729985976767911	0.9714027416618699	0.9693459646994397	0.9585692339300541	0.9582837406377991	0.9638963731045144	0.9688277908891629	0.9552849056137928	0.9570159110588918	0.9676179048994414	0.9690231496583387	0.9663707369372218	0.9683215310749718	0.959881191754404	0.9582547556277827	0.9649376347926227	0.9556512176173202	0.9686287519975569
0.9717830648811122	0.9725159947833981	0.9741157011797196	0.9693164992122054	0.9695826418995411	0.9709092758182784	0.9762577484259154	0.9733036503565687	0.967934155942572	0.9747700335270243	0.9707305890526546	0.9714294106456913	0.9698754508018242	0.9706185754013924	0.9701509495175651	0.9930727995083447	0.9888855875657037	0.9673492665809607	1.0	0.9590130307055643	0.9721866013264487	0.9686831981140553	0.9676886732500085	0.9684545493969682	0.9676920407127098	0.9729916039470465	0.9603411340842452	0.9590971595363195	0.9662277001907763	0.9706645690579881	0.9574382643267139	0.9581472852164666	0.9703053639386792	0.9708355228008271	0.9700525953815958	0.9713899835937462	0.9623009821153656	0.960273712450915	0.9684333038448303	0.958182390972847	0.970257313370124
0.9634789621941735	0.9598543944428355	0.9606961778785311	0.9566185987842798	0.9613682469252377	0.9614710333050663	0.9614674683079616	0.9614809204872898	0.9586550456241522	0.9591223212390825	0.9561421126553505	0.9593650103827456	0.957031605821683	0.9600357725264149	0.958891397196438	0.9595418240067324	0.9561083051315044	0.9588079472689949	0.9590130307055643	1.0	0.960005732935372	0.9577921205252269	0.959534886710287	0.9595498596812869	0.9588255431576895	0.9613014091636278	0.9959977462357799	0.9944494389616065	0.9581704836387009	0.9600794816953184	0.9574628280961158	0.9772933633184144	0.9604743855707637	0.9610503937019094	0.9634724355376313	0.9637141753649144	0.9509523418477558	0.9650550139316746	0.9576434858259489	0.9581348346962147	0.9601901305599574
0.972274689173519	0.9711160009495218	0.9728732007637133	0.9664256741524015	0.9707920525527589	0.9710669764534404	0.9734326463479285	0.9724748395222034	0.9682486150853936	0.9720915368822635	0.9690415092858924	0.9727748851931685	0.9715252459989865	0.9723695699407966	0.9721415740447461	0.972093079016233	0.9678637075168187	0.9689564116935862	0.9721866013264487	0.960005732935372	1.0	0.9701583165526039	0.9696871399983991	0.9696377876213967	0.9694120693559962	0.9960475387441668	0.9614992187364637	0.9613142194914746	0.9680268021125052	0.9721289725173391	0.95902919802497	0.9595681162080972	0.9713635896072965	0.9731552448178908	0.971093800923506	0.9719384187492832	0.9644907599506601	0.9613982623537105	0.9897665099205667	0.9595469475824954	0.972082249303884
0.9684915900185261	0.9696562808134438	0.9760495623547192	0.9636851708514391	0.968407091123136	0.9682551234695037	0.9714471689380443	0.9688716582975212	0.9664041018771037	0.9696733983326105	0.9734180086499366	0.9691747682768981	0.9666625623737902	0.9891022931206762	0.9891897677498751	0.9685890897669341	0.9642233370712427	0.965866822507762	0.9686831981140553	0.9577921205252269	0.9701583165526039	1.0	0.9892561900252158	0.967688822254479	0.9665929984289384	0.9709762411898013	0.9595491065526811	0.9586252699082968	0.9659428456219117	0.9908712477959712	0.9569577810784277	0.955671764314739	0.9904458152079834	0.9917638255589614	0.9676305242420288	0.9694147036949552	0.9832114338324149	0.9596042974840845	0.966598618767495	0.9561885063099765	0.9849339428855528
0.9683861004974319	0.967637459230951	0.9755071322766043	0.9642127349909204	0.9669395516002676	0.9675029716493853	0.9700892169600087	0.9687285774035146	0.9652358917487481	0.9695695349081948	0.9719398580095597	0.968622249802086	0.9661913127606457	0.9892797058419326	0.9895094820208693	0.9683061468692148	0.9636812191314242	0.9663829089592292	0.9676886732500085	0.959534886710287	0.9696871399983991	0.9892561900252158	1.0	0.9677989687548584	0.9680210039144119	0.9705892535215345	0.9582858772789479	0.9596132814062037	0.9653419871580938	0.9918097446324048	0.958151984143479	0.9580416857373693	0.9920736214693546	0.9929509321940035	0.96798001608426	0.9690188603869982	0.9851915368600556	0.9600554273889543	0.966500577874217	0.9566931781651256	0.9839635181151655
0.9693903109410958	0.9687809388881525	0.9706480141364802	0.9644664278763818	0.9677336968796925	0.9678526886562803	0.9709263191728469	0.9698995486339215	0.9664540155792911	0.9702094095007117	0.9664533315291993	0.9700365189351221	0.9682065912892073	0.9691967133687989	0.9687097559459908	0.9686658604472522	0.963406597262923	0.9729985976767911	0.9684545493969682	0.9595498596812869	0.9696377876213967	0.967688822254479	0.9677989687548584	1.0	0.9931864855534255	0.9706492344068497	0.9600695272395626	0.9591187934328397	0.9666593888693947	0.9696378490322776	0.9570134566924454	0.958829786806769	0.9691198954962027	0.9703826711319118	0.9683327024776177	0.9693731403072163	0.9624011350651006	0.9593752842023195	0.9663398913797902	0.9576094348048199	0.9681004321909671
0.9698195856034925	0.9682699680667094	0.9704107983886489	0.9648945892561468	0.9677219746236094	0.9676552427903087	0.9700479994300544	0.9700096852767384	0.9662620414456081	0.968973433929032	0.9662801224992441	0.9701065053143736	0.968155972900299	0.9695033387501142	0.9690142226619382	0.9678983600329011	0.9632346083835337	0.9714027416618699	0.9676920407127098	0.9588255431576895	0.9694120693559962	0.9665929984289384	0.9680210039144119	0.9931864855534255	1.0	0.9703050963323856	0.9596303912454222	0.959142946638141	0.9650424660993911	0.969951887553229	0.9571244232629988	0.9593665473136147	0.9697373911867216	0.9700638680455819	0.9688666653440673	0.9695586022626934	0.9617612017855737	0.9595184385816337	0.9654637919292295	0.9566639136167331	0.9683663794700088
0.9731067163836311	0.9716588206656877	0.9733269520839997	0.9668422570182083	0.9711790200523422	0.9710095399624924	0.9735941519568462	0.9730501958622378	0.9682979852342882	0.9725415780491717	0.9696294822855751	0.9735453321284241	0.9710729801564313	0.9732666911207207	0.973062821577104	0.9725605697418818	0.9682077501988678	0.9693459646994397	0.9729916039470465	0.9613014091636278	0.9960475387441668	0.9709762411898013	0.9705892535215345	0.9706492344068497	0.9703050963323856	1.0	0.9627767815767628	0.9621429051164266	0.9686229603870979	0.9733998087349741	0.9591323418312417	0.9610371841009874	0.9725554263027114	0.9739161016359971	0.9714186968432009	0.9729736117002256	0.964407428591671	0.9622215588127699	0.9908863743449007	0.9604223846108707	0.9729707172116127
0.9636918130459671	0.9594271135963389	0.9608201776289269	0.9563775906113086	0.9621185319074189	0.961703646535202	0.961111522982801	0.9615500353763352	0.9589511721591408	0.9589702750617726	0.9568312588928609	0.9601207899344477	0.9570311434754268	0.9601032373733056	0.9595143197749472	0.960057664185459	0.9564355177283917	0.9585692339300541	0.9603411340842452	0.9959977462357799	0.9614992187364637	0.9595491065526811	0.9582858772789479	0.9600695272395626	0.9596303912454222	0.9627767815767628	1.0	0.995683358045999	0.9591478824293851	0.9599896380997068	0.9586359510519818	0.9790938424662669	0.9600923405343079	0.9611479333586332	0.9640760020515213	0.9649402643651708	0.9509083340304634	0.9653797683850286	0.9578447187859951	0.9595665951001746	0.9602498177457688
0.9637407498511151	0.9594432351558004	0.96027062703779	0.9569754168537339	0.9615294507851996	0.961854280733716	0.9617476915344124	0.9616293711723504	0.9589989440621753	0.9595303798292948	0.95571143888306	0.9593313111515394	0.9562058015372565	0.9603173498200166	0.9595893571929337	0.9595600131233937	0.9559018189824223	0.9582837406377991	0.9590971595363195	0.9944494389616065	0.9613142194914746	0.9586252699082968	0.9596132814062037	0.9591187934328397	0.959142946638141	0.9621429051164266	0.995683358045999	1.0	0.9585626837927588	0.9604171358016317	0.9587815957961117	0.9780299680310313	0.9603700846314822	0.9610501902798582	0.9639495553066016	0.9645906973868623	0.951951890718232	0.9653370378910688	0.9572286833804535	0.9591585533637935	0.9599738572360161
0.9666916700571835	0.9667357477648119	0.9681911080340456	0.9618271480660341	0.9663768779703833	0.9659393807232166	0.9684217197214672	0.9668267723611838	0.9645714515900203	0.966550677248802	0.9633361940928437	0.9674199338939675	0.9658171432512748	0.9662817630921771	0.9656627573876371	0.9665015514208931	0.9626792077817615	0.9638963731045144	0.9662277001907763	0.9581704836387009	0.9680268021125052	0.9659428456219117	0.9653419871580938	0.9666593888693947	0.9650424660993911	0.9686229603870979	0.9591478824293851	0.9585626837927588	1.0	0.9671060827035398	0.9648890449842248	0.9577243594598279	0.9668749994281644	0.9673925777528367	0.9657471057204862	0.9671048496427987	0.9606991411939222	0.9591780594013732	0.9665831548676346	0.965907990443972	0.965731429925767
0.9707901622377761	0.9705035105307537	0.9785000647725117	0.9664518486929841	0.9697389079767382	0.9699632120940719	0.9728890437071851	0.9720174522771949	0.9673183543429629	0.9717311123613116	0.974939372344437	0.9716522425451378	0.9689855677803405	0.9918954350569659	0.991891776082446	0.9709367964778406	0.9664575019500717	0.9688277908891629	0.9706645690579881	0.9600794816953184	0.9721289725173391	0.9908712477959712	0.9918097446324048	0.9696378490322776	0.969951887553229	0.9733998087349741	0.9599896380997068	0.9604171358016317	0.9671060827035398	1.0	0.958760506437341	0.9591432622651727	0.9948363646518205	0.9956059285680622	0.9703942693290701	0.9715857397686092	0.9843889010324012	0.9615116178335905	0.9684605470222825	0.9580398396889964	0.9865833644332112
0.9574583734659277	0.9577036962916081	0.9581308787477446	0.9519105971804389	0.9576389254321063	0.9573700873914545	0.9589715169391703	0.9588670575390407	0.954804363348073	0.9574603934131496	0.9547367438934423	0.9589156403961118	0.9538507903791948	0.9579557361614806	0.9578559615311543	0.958608342262686	0.9545816133473297	0.9552849056137928	0.9574382643267139	0.9574628280961158	0.95902919802497	0.9569577810784277	0.958151984143479	0.9570134566924454	0.9571244232629988	0.9591323418312417	0.9586359510519818	0.9587815957961117	0.9648890449842248	0.958760506437341	1.0	0.9571976931936538	0.9576622479366699	0.9589850878031505	0.9579826070908786	0.9583105648642064	0.9541146091809297	0.9587543926589152	0.9588638263098567	0.9776754982291468	0.9580789685349395
0.9630488787998086	0.958059039660784	0.9604783012645066	0.9566852829224096	0.9606286547598208	0.9608925280241832	0.960104857129053	0.9607928204402028	0.9580514205655225	0.9593336766624972	0.9550227874047689	0.960113561410449	0.9562745594166345	0.9591640860774342	0.9584006999395274	0.9581437816273993	0.9550562144960452	0.9570159110588918	0.9581472852164666	0.9772933633184144	0.9595681162080972	0.955671764314739	0.9580416857373693	0.958829786806769	0.9593665473136147	0.9610371841009874	0.9790938424662669	0.9780299680310313	0.9577243594598279	0.9591432622651727	0.9571976931936538	1.0	0.9589406128182287	0.959886139787552	0.9644824350727277	0.9647636723626044	0.9499281415080694	0.9658741823665883	0.9570267402280259	0.9563913484118133	0.9588684052673014
0.9706129460787719	0.9702937352693054	0.9786198551767722	0.966375369404152	0.9695101034767504	0.9701371109421163	0.9722229698669534	0.9711100055449708	0.9670796776475362	0.9716520097233918	0.9745057688472125	0.9708289954813202	0.9679837908740271	0.9918934039824436	0.9913163214133757	0.9700339061937132	0.9661261903964378	0.9676179048994414	0.9703053639386792	0.9604743855707637	0.9713635896072965	0.9904458152079834	0.9920736214693546	0.9691198954962027	0.9697373911867216	0.9725554263027114	0.9600923405343079	0.9603700846314822	0.9668749994281644	0.9948363646518205	0.9576622479366699	0.9589406128182287	1.0	0.9957578349977185	0.9698941251507792	0.9711597665621636	0.9841923452644765	0.9613354287600161	0.9678228541999887	0.9576329012124608	0.9867674982282708
0.9715788651547199	0.9713141962512173	0.979486540165931	0.9663971875632417	0.9701476342679043	0.9703275634128267	0.9732318499591404	0.9725329673805079	0.9677989687548584	0.9725019337688379	0.9755104559814256	0.9723061011939436	0.9693162933705691	0.993053839941032	0.9928470467127479	0.9716150057032277	0.9668894637823715	0.9690231496583387	0.9708355228008271	0.9610503937019094	0.9731552448178908	0.9917638255589614	0.9929509321940035	0.9703826711319118	0.9700638680455819	0.9739161016359971	0.9611479333586332	0.9610501902798582	0.9673925777528367	0.9956059285680622	0.9589850878031505	0.959886139787552	0.9957578349977185	1.0	0.9704548135230096	0.9720149817451418	0.9842741561938799	0.9622970759501688	0.9683122443115214	0.9587532811968607	0.9874433701675147
0.9848558381463175	0.9704338429518184	0.9715672343226097	0.9654894429064073	0.9843521787536981	0.9825360049831819	0.9715966779094002	0.9705640058775156	0.9822131811810209	0.9695271686462629	0.9675771046252858	0.9699786595690629	0.9673157319252587	0.9696935400666667	0.9695407006189989	0.9708103701515577	0.9666655397917866	0.9663707369372218	0.9700525953815958	0.9634724355376313	0.971093800923506	0.9676305242420288	0.96798001608426	0.9683327024776177	0.9688666653440673	0.9714186968432009	0.9640760020515213	0.9639495553066016	0.9657471057204862	0.9703942693290701	0.9579826070908786	0.9644824350727277	0.9698941251507792	0.9704548135230096	1.0	0.9952335573324453	0.9621035994530693	0.9638811323696678	0.9677543900600571	0.9576944220465768	0.9686930680078194
0.9870056455892898	0.971364410371133	0.972407334864043	0.9665097986785987	0.9861171487833285	0.983931399752505	0.9723975658890711	0.9718318582171597	0.9831262341303799	0.9706900916830349	0.9688658450124331	0.9716892151109278	0.9688298390551996	0.9716086297903815	0.9709902954554062	0.9723338762971819	0.9677734918331155	0.9683215310749718	0.9713899835937462	0.9637141753649144	0.9719384187492832	0.9694147036949552	0.9690188603869982	0.9693731403072163	0.9695586022626934	0.9729736117002256	0.9649402643651708	0.9645906973868623	0.9671048496427987	0.9715857397686092	0.9583105648642064	0.9647636723626044	0.9711597665621636	0.9720149817451418	0.9952335573324453	1.0	0.9628707334262498	0.9643852629469636	0.9688155717774483	0.95828825097079	0.9703164739518285
0.9621333663160029	0.9638049349045218	0.9692801457544062	0.958682787662609	0.9627787205261628	0.9640888631694539	0.9653926139940594	0.9625643475609554	0.9596635761092664	0.9645016391881754	0.9667466161815719	0.9629345659392186	0.9628563828275025	0.9807640161155412	0.9803270773760929	0.9631777864072235	0.9599278765712695	0.959881191754404	0.9623009821153656	0.9509523418477558	0.9644907599506601	0.9832114338324149	0.9851915368600556	0.9624011350651006	0.9617612017855737	0.964407428591671	0.9509083340304634	0.951951890718232	0.9606991411939222	0.9843889010324012	0.9541146091809297	0.9499281415080694	0.9841923452644765	0.9842741561938799	0.9621035994530693	0.9628707334262498	1.0	0.9509840140074763	0.9623839531359386	0.9492197199346948	0.9785425072827695
0.9628945596904076	0.9596609867995743	0.9618320411388862	0.9550075703428377	0.9615070226418655	0.960418736613386	0.9629004882005195	0.962764844876063	0.9598892164865693	0.961046787518191	0.9570212761061336	0.9608692984951931	0.9575222777767443	0.9608804138203699	0.9609755098369388	0.9606776256415454	0.9571679987362651	0.9582547556277827	0.960273712450915	0.9650550139316746	0.9613982623537105	0.9596042974840845	0.9600554273889543	0.9593752842023195	0.9595184385816337	0.9622215588127699	0.9653797683850286	0.9653370378910688	0.9591780594013732	0.9615116178335905	0.9587543926589152	0.9658741823665883	0.9613354287600161	0.9622970759501688	0.9638811323696678	0.9643852629469636	0.9509840140074763	1.0	0.9583104654265048	0.9586427032790192	0.9607931734447321
0.9689294438337848	0.9686425962918238	0.9695798974381464	0.964521302532148	0.9676782568711163	0.9669255357847828	0.9709997484979978	0.9686484909308857	0.9641706950700167	0.9695771381023442	0.9648375320236247	0.9678246511527229	0.9670668680167938	0.9681076057544916	0.9672974470629709	0.9692637912016429	0.9656676653513281	0.9649376347926227	0.9684333038448303	0.9576434858259489	0.9897665099205667	0.966598618767495	0.966500577874217	0.9663398913797902	0.9654637919292295	0.9908863743449007	0.9578447187859951	0.9572286833804535	0.9665831548676346	0.9684605470222825	0.9588638263098567	0.9570267402280259	0.9678228541999887	0.9683122443115214	0.9677543900600571	0.9688155717774483	0.9623839531359386	0.9583104654265048	1.0	0.9581808505482584	0.9673896507971653
0.9589805965081821	0.9569156506961353	0.9580111516836763	0.9531501137074146	0.9573718379333049	0.9568118532486773	0.957243832072827	0.9592819428198334	0.9550236827677314	0.9566641074173339	0.9539483638760916	0.9584314212743051	0.9553336258138063	0.9577938370264063	0.9566688339813002	0.9590519709924252	0.9551006134656636	0.9556512176173202	0.958182390972847	0.9581348346962147	0.9595469475824954	0.9561885063099765	0.9566931781651256	0.9576094348048199	0.9566639136167331	0.9604223846108707	0.9595665951001746	0.9591585533637935	0.965907990443972	0.9580398396889964	0.9776754982291468	0.9563913484118133	0.9576329012124608	0.9587532811968607	0.9576944220465768	0.95828825097079	0.9492197199346948	0.9586427032790192	0.9581808505482584	1.0	0.9577250783258541
0.9699200095510806	0.9701051169190743	0.9821627494839659	0.9663227799429942	0.9695857775430171	0.9691396912123759	0.9733697276912007	0.9714257920280469	0.9670896771853357	0.9714790392619781	0.9779047008513959	0.9707900581582255	0.968979105018496	0.9879287754673727	0.9870876446414096	0.9718348418988424	0.9688071518123076	0.9686287519975569	0.970257313370124	0.9601901305599574	0.972082249303884	0.9849339428855528	0.9839635181151655	0.9681004321909671	0.9683663794700088	0.9729707172116127	0.9602498177457688	0.9599738572360161	0.965731429925767	0.9865833644332112	0.9580789685349395	0.9588684052673014	0.9867674982282708	0.9874433701675147	0.9686930680078194	0.9703164739518285	0.9785425072827695	0.9607931734447321	0.9673896507971653	0.9577250783258541	1.0
