/home/jshaw/scratch/2022_sketched_distance/references/SGB_genome_fastas_part2/2048/CM_cf__CF_TNFC002SA_t1M15__bin.5.fa	/home/jshaw/scratch/2022_sketched_distance/references/SGB_genome_fastas_part2/2048/CM_cf__CF_TNFC022IS_t3M16__bin.14.fa	/home/jshaw/scratch/2022_sketched_distance/references/SGB_genome_fastas_part2/2048/CM_periimplantitis__SP_282SPT_T016_R__bin.15.fa	/home/jshaw/scratch/2022_sketched_distance/references/SGB_genome_fastas_part2/2048/CM_periimplantitis__SP_283SPT_T016__bin.9.fa	/home/jshaw/scratch/2022_sketched_distance/references/SGB_genome_fastas_part2/2048/CM_periimplantitis__SP_344SPT_T016__bin.26.fa	/home/jshaw/scratch/2022_sketched_distance/references/SGB_genome_fastas_part2/2048/HMP_2012__SRS011115__bin.26.fa	/home/jshaw/scratch/2022_sketched_distance/references/SGB_genome_fastas_part2/2048/HMP_2012__SRS012279__bin.14.fa	/home/jshaw/scratch/2022_sketched_distance/references/SGB_genome_fastas_part2/2048/HMP_2012__SRS013252__bin.53.fa	/home/jshaw/scratch/2022_sketched_distance/references/SGB_genome_fastas_part2/2048/HMP_2012__SRS013723__bin.46.fa	/home/jshaw/scratch/2022_sketched_distance/references/SGB_genome_fastas_part2/2048/HMP_2012__SRS014271__bin.2.fa	/home/jshaw/scratch/2022_sketched_distance/references/SGB_genome_fastas_part2/2048/HMP_2012__SRS015574__bin.56.fa	/home/jshaw/scratch/2022_sketched_distance/references/SGB_genome_fastas_part2/2048/HMP_2012__SRS015762__bin.18.fa	/home/jshaw/scratch/2022_sketched_distance/references/SGB_genome_fastas_part2/2048/HMP_2012__SRS015893__bin.10.fa	/home/jshaw/scratch/2022_sketched_distance/references/SGB_genome_fastas_part2/2048/HMP_2012__SRS016575__bin.43.fa	/home/jshaw/scratch/2022_sketched_distance/references/SGB_genome_fastas_part2/2048/HMP_2012__SRS017304__bin.36.fa	/home/jshaw/scratch/2022_sketched_distance/references/SGB_genome_fastas_part2/2048/HMP_2012__SRS017511__bin.3.fa	/home/jshaw/scratch/2022_sketched_distance/references/SGB_genome_fastas_part2/2048/HMP_2012__SRS018300__bin.10.fa	/home/jshaw/scratch/2022_sketched_distance/references/SGB_genome_fastas_part2/2048/HMP_2012__SRS018439__bin.57.fa	/home/jshaw/scratch/2022_sketched_distance/references/SGB_genome_fastas_part2/2048/HMP_2012__SRS018443__bin.5.fa	/home/jshaw/scratch/2022_sketched_distance/references/SGB_genome_fastas_part2/2048/HMP_2012__SRS018665__bin.34.fa	/home/jshaw/scratch/2022_sketched_distance/references/SGB_genome_fastas_part2/2048/HMP_2012__SRS018739__bin.85.fa	/home/jshaw/scratch/2022_sketched_distance/references/SGB_genome_fastas_part2/2048/HMP_2012__SRS019980__bin.38.fa	/home/jshaw/scratch/2022_sketched_distance/references/SGB_genome_fastas_part2/2048/HMP_2012__SRS020226__bin.2.fa	/home/jshaw/scratch/2022_sketched_distance/references/SGB_genome_fastas_part2/2048/HMP_2012__SRS021496__bin.61.fa	/home/jshaw/scratch/2022_sketched_distance/references/SGB_genome_fastas_part2/2048/HMP_2012__SRS022143__bin.95.fa	/home/jshaw/scratch/2022_sketched_distance/references/SGB_genome_fastas_part2/2048/HMP_2012__SRS022536__bin.33.fa	/home/jshaw/scratch/2022_sketched_distance/references/SGB_genome_fastas_part2/2048/HMP_2012__SRS022602__bin.56.fa	/home/jshaw/scratch/2022_sketched_distance/references/SGB_genome_fastas_part2/2048/HMP_2012__SRS022725__bin.68.fa	/home/jshaw/scratch/2022_sketched_distance/references/SGB_genome_fastas_part2/2048/HMP_2012__SRS023595__bin.81.fa	/home/jshaw/scratch/2022_sketched_distance/references/SGB_genome_fastas_part2/2048/HMP_2012__SRS024087__bin.39.fa	/home/jshaw/scratch/2022_sketched_distance/references/SGB_genome_fastas_part2/2048/HMP_2012__SRS024289__bin.40.fa	/home/jshaw/scratch/2022_sketched_distance/references/SGB_genome_fastas_part2/2048/HMP_2012__SRS024355__bin.9.fa	/home/jshaw/scratch/2022_sketched_distance/references/SGB_genome_fastas_part2/2048/HMP_2012__SRS042643__bin.14.fa	/home/jshaw/scratch/2022_sketched_distance/references/SGB_genome_fastas_part2/2048/HMP_2012__SRS047824__bin.23.fa	/home/jshaw/scratch/2022_sketched_distance/references/SGB_genome_fastas_part2/2048/HMP_2012__SRS049318__bin.75.fa	/home/jshaw/scratch/2022_sketched_distance/references/SGB_genome_fastas_part2/2048/HMP_2012__SRS052604__bin.10.fa	/home/jshaw/scratch/2022_sketched_distance/references/SGB_genome_fastas_part2/2048/HMP_2012__SRS055378__bin.27.fa	/home/jshaw/scratch/2022_sketched_distance/references/SGB_genome_fastas_part2/2048/HMP_2012__SRS056622__bin.20.fa	/home/jshaw/scratch/2022_sketched_distance/references/SGB_genome_fastas_part2/2048/HMP_2012__SRS058808__bin.22.fa	/home/jshaw/scratch/2022_sketched_distance/references/SGB_genome_fastas_part2/2048/HMP_2012__SRS062544__bin.37.fa	/home/jshaw/scratch/2022_sketched_distance/references/SGB_genome_fastas_part2/2048/HMP_2012__SRS063603__bin.69.fa	/home/jshaw/scratch/2022_sketched_distance/references/SGB_genome_fastas_part2/2048/HMP_2012__SRS063932__bin.66.fa	/home/jshaw/scratch/2022_sketched_distance/references/SGB_genome_fastas_part2/2048/HMP_2012__SRS063999__bin.35.fa	/home/jshaw/scratch/2022_sketched_distance/references/SGB_genome_fastas_part2/2048/HMP_2012__SRS078182__bin.26.fa
1.0	0.9665739635668305	0.9705976754217488	0.9699548253718913	0.9663514145417443	0.9691337675616497	0.9676490756337544	0.9706539378575335	0.968248044457381	0.9679743008706212	0.9674109849246771	0.9598081465153903	0.9709384505917712	0.9681310391325598	0.971966354676091	0.9695890784890517	0.9690272975402786	0.9677975530093965	0.9685682571748149	0.9695788458323671	0.9644570300613058	0.9710154610110567	0.9692934358707971	0.9656587232991	0.9677283285024878	0.9711842941317483	0.9686921920315285	0.9697787009924773	0.963429428189206	0.9704822700347204	0.9682897725849383	0.9706136466330604	0.9688532639709165	0.9689954896973357	0.9725032280010757	0.9644287332839924	0.9699110950365227	0.9677163388286123	0.9694281184279068	0.9640149872559373	0.9698440753424094	0.9665371365359705	0.9706398944597756	0.9620489246276339
0.9665739635668305	1.0	0.9696249638140528	0.9696076863353725	0.9622514205444147	0.9666419571865887	0.9719527934584717	0.9687551982712314	0.9684420951882119	0.9664046268053605	0.9669558454054301	0.9599137486520493	0.9665363602149509	0.965767116942789	0.9661016697533943	0.9680713587424112	0.9680789696270137	0.9652077253302439	0.9679689916396946	0.9667282988154065	0.9709906515272292	0.9683212663627532	0.9696278103781086	0.9630975879227202	0.9700289777142396	0.9675867598875159	0.965275431989846	0.9681975205279608	0.9609969363956088	0.9674853338737098	0.9685218730372982	0.9686807474695562	0.965988887636489	0.9668926940692372	0.9701856231952259	0.9592178049030163	0.9686676816476111	0.9667241568220084	0.9641420342003383	0.9637369569845637	0.9685288147528216	0.9660653623513303	0.9684750382845072	0.9639063598052477
0.9705976754217488	0.9696249638140528	1.0	0.9741088234331063	0.9645619225747509	0.970327725110221	0.9710570988947586	0.9741401131836923	0.9723112611622395	0.9700091733903656	0.9672560944835131	0.9592952743319973	0.9712863919987973	0.9673157319252587	0.9719814898542217	0.9740787499132086	0.9707113372299667	0.9686134279734481	0.9729362155493729	0.9703188743943417	0.9670330970337625	0.9750710364851399	0.9723971167498852	0.9643800380025918	0.9712653734787388	0.9730875040224176	0.9679353016577145	0.9710534326888262	0.9638565327016885	0.9745313305356637	0.9722438745721317	0.9730379552823665	0.9707675663996436	0.9700219090443217	0.9738912572596266	0.9632194718059743	0.9726989730347184	0.9693267945417064	0.9686839435918616	0.9654348758965628	0.9712803269886015	0.9686984339209529	0.9728043052470294	0.9631550280731188
0.9699548253718913	0.9696076863353725	0.9741088234331063	1.0	0.9669386355075273	0.9706364924329313	0.9699379620233762	0.9739871459287154	0.971231881904385	0.9701371208656165	0.9676015712905252	0.9590020175618797	0.9701907736046229	0.9677099497066908	0.9724451298565925	0.9728942483478927	0.9706554348538954	0.9687263877079896	0.9722052467602347	0.971240640869164	0.9678270955833937	0.9733220973738291	0.9727110834019685	0.9644479172931036	0.9706614598971648	0.973056742428913	0.9678265728616355	0.9702072884282323	0.9635328140896284	0.9729539678562683	0.9726507053559035	0.9707754190409631	0.9700385031206381	0.9696313708457953	0.9732722257691867	0.9641143083687187	0.9731458713721135	0.9693497118538534	0.9689392343623677	0.9643189956134186	0.9707791927352304	0.9676389754371029	0.9730946821494315	0.9633433810590657
0.9663514145417443	0.9622514205444147	0.9645619225747509	0.9669386355075273	1.0	0.9695449505230386	0.9637364615656344	0.9675150612019542	0.9644148567614632	0.9664288199369149	0.965959443972701	0.9593249236978068	0.9664674763260477	0.9657825883037511	0.9684474522441064	0.9678235241664663	0.9663305120098302	0.9667771527308179	0.9651890935478826	0.9673940561235385	0.9584539479826509	0.9669054026029523	0.9669408023585544	0.9617550334116581	0.9656209471404306	0.9682487946976167	0.9646294397997349	0.9665457735404566	0.9594310109875999	0.9674436332378958	0.9641248092619784	0.966507504935839	0.9659599546649104	0.9671135410981776	0.9676383507192617	0.9576000957227984	0.9677758880702817	0.9665254778146076	0.9644785107947018	0.9611736951020402	0.9644741239315963	0.9614360582578596	0.9675224038083712	0.961615695543392
0.9691337675616497	0.9666419571865887	0.970327725110221	0.9706364924329313	0.9695449505230386	1.0	0.9710098728353839	0.972864423428532	0.9688664818618743	0.975146311764772	0.9681869288915768	0.965241210549265	0.97056583699547	0.9676407984479257	0.9718146700261311	0.9714130625726111	0.9746985367625023	0.9732986723616731	0.9697114093613101	0.9718180836999394	0.9668997615259729	0.9714999968540077	0.9710067931227948	0.9895729202063145	0.9724423104034909	0.9729012904120362	0.9681156665970863	0.9705859033851967	0.9634035249894177	0.9717763357338786	0.9685055429701196	0.9723702707808463	0.9743834339094538	0.9747652632712843	0.9742316624643373	0.9633931008907948	0.9718213012880819	0.9738734976739638	0.9690858206653951	0.9694214186510387	0.9705810708651452	0.9661199316665093	0.9726191559285763	0.9683318636158864
0.9676490756337544	0.9719527934584717	0.9710570988947586	0.9699379620233762	0.9637364615656344	0.9710098728353839	1.0	0.9711423718163842	0.9693558373632032	0.9705859888798865	0.9646290122368169	0.9592192285382019	0.968416577431692	0.9638738220850809	0.9696687244870047	0.9694231850099236	0.9711944961749082	0.9688888119019183	0.970834795591359	0.9682114343707969	0.9855859807838647	0.971523421690313	0.9702548015461591	0.9640211077850531	0.9746908829271885	0.971413501934959	0.9651191581743228	0.9695855273637242	0.9591197057072542	0.9713105547723444	0.9715353152854432	0.9708607519708471	0.970563213066497	0.9702469438148251	0.9702390698100917	0.9625941209003536	0.9707476395516068	0.9703131727857043	0.9661797864800616	0.9636461558987549	0.967388384094886	0.9662491281799104	0.9712098115576657	0.9628077899882749
0.9706539378575335	0.9687551982712314	0.9741401131836923	0.9739871459287154	0.9675150612019542	0.972864423428532	0.9711423718163842	1.0	0.9711551236539491	0.971789698665456	0.9671682472384674	0.9597518802112055	0.971962327159696	0.9683167840768779	0.9747159699434563	0.9750062940733919	0.9732731362333613	0.9689802241045465	0.9743160774851929	0.9727914155658381	0.9670119099457417	0.9747201261003519	0.9745367443354537	0.9662666232882383	0.9727009198233035	0.9744794016491715	0.9672821244790888	0.9727520446087089	0.9645324426162033	0.9753252342744521	0.9734505739690786	0.9740567657438544	0.9724559100102421	0.9720607376656876	0.9735518228677045	0.964867913558888	0.974049685473047	0.9720127956504055	0.969194579502966	0.9651737156129749	0.9709190917243303	0.9693286262876426	0.9752319872049865	0.9637250667788478
0.968248044457381	0.9684420951882119	0.9723112611622395	0.971231881904385	0.9644148567614632	0.9688664818618743	0.9693558373632032	0.9711551236539491	1.0	0.9689460135490794	0.9682184395833199	0.9629847768429464	0.9697006012115335	0.9682861034586677	0.9706527272198336	0.9729884049487226	0.9700519840389628	0.9693855938607157	0.9688581539167718	0.9711981597502946	0.9680595363238627	0.9739300868400532	0.9712483856411697	0.9668502226356973	0.9689095231575772	0.972349084431665	0.9700459673918107	0.9702353923144966	0.9634285575617044	0.973050317348032	0.969059551812712	0.970673924346296	0.968352584133157	0.9691965641746697	0.9748066537536404	0.9625055265056585	0.9702865611168534	0.9682483312705666	0.9677147967965598	0.9647089768904861	0.970200888081289	0.9702489942452204	0.9723828850873376	0.9643523689411824
0.9679743008706212	0.9664046268053605	0.9700091733903656	0.9701371208656165	0.9664288199369149	0.975146311764772	0.9705859888798865	0.971789698665456	0.9689460135490794	1.0	0.9657506882304175	0.9628380206708033	0.9698557737690604	0.9674092493841567	0.9717343726854227	0.9701874600782444	0.9769494397682666	0.973294158252014	0.9690946329390114	0.9703051710129741	0.9659128385366149	0.970701681637627	0.9702027399279316	0.9684780274199011	0.9734828035338043	0.9716548033071714	0.966291844335892	0.9712595135744507	0.9619248378380082	0.9709475602615714	0.9700401166561106	0.9721427355264162	0.9880604847446894	0.9879269043936896	0.9730912500035139	0.9626100403898011	0.9703983141686224	0.989903529679887	0.9669152566141075	0.990402316641645	0.9696057784394732	0.9664091939039369	0.9726900687066007	0.9816552520690388
0.9674109849246771	0.9669558454054301	0.9672560944835131	0.9676015712905252	0.965959443972701	0.9681869288915768	0.9646290122368169	0.9671682472384674	0.9682184395833199	0.9657506882304175	1.0	0.965126205936225	0.9696775142652755	0.970973789874426	0.969431150108557	0.9677366361516838	0.9665276103979029	0.9692082877173173	0.9657066172976653	0.9703548253965496	0.9648187455871591	0.9692389889652656	0.9683788835731937	0.9675274625687078	0.9658383021768102	0.9704153205180955	0.9711489017310766	0.9688875250956323	0.9649036669826745	0.9686763352353956	0.96544489137956	0.9692915229387989	0.9646205141606702	0.9663552166056218	0.9746895381202098	0.966204479304097	0.9673573222841416	0.9654998055272666	0.9704097408362892	0.9649078298700188	0.9704096642634799	0.9678159700287898	0.9704954527510625	0.9652169074409086
0.9598081465153903	0.9599137486520493	0.9592952743319973	0.9590020175618797	0.9593249236978068	0.965241210549265	0.9592192285382019	0.9597518802112055	0.9629847768429464	0.9628380206708033	0.965126205936225	1.0	0.9599719784862768	0.9628164138664784	0.9597002739935844	0.9592557611192242	0.9619002496858042	0.9805695571507187	0.9566324956866336	0.9619347804914024	0.9601815690783713	0.9602536340533422	0.9610727338018201	0.9673212953755277	0.9608453973860248	0.9605949312379131	0.964802139322328	0.9605797945321376	0.9590286607646364	0.9586263467082607	0.9560345009833772	0.9604618228314998	0.9618739480309094	0.9625124736746893	0.9658806223923185	0.9564483046011034	0.9597902541978414	0.962002608762991	0.9622309701886198	0.9649282028383152	0.9624741320093918	0.9600970616409614	0.9603389130618808	0.9639869277503014
0.9709384505917712	0.9665363602149509	0.9712863919987973	0.9701907736046229	0.9664674763260477	0.97056583699547	0.968416577431692	0.971962327159696	0.9697006012115335	0.9698557737690604	0.9696775142652755	0.9599719784862768	1.0	0.9683822373265711	0.974250908488562	0.9715026715341758	0.9702892820215152	0.9690734622411998	0.9689971505253504	0.9706070810456526	0.9641804724363302	0.9725238138689293	0.9717938126489527	0.9663552166056218	0.9699409397411404	0.9742315360879978	0.9685074657850419	0.9858920998732458	0.9756398416481773	0.9724292291289901	0.9700513705205489	0.9843329476011494	0.9702319781229257	0.9691595837863372	0.9741271523194361	0.9640863045319256	0.970916813336401	0.9683255574017835	0.9709890528938911	0.9638627057239193	0.9699881671971152	0.9675864909456873	0.974892292282177	0.9645272029333871
0.9681310391325598	0.965767116942789	0.9673157319252587	0.9677099497066908	0.9657825883037511	0.9676407984479257	0.9638738220850809	0.9683167840768779	0.9682861034586677	0.9674092493841567	0.970973789874426	0.9628164138664784	0.9683822373265711	1.0	0.9693052003980629	0.9664638091239589	0.9676968104417802	0.9684613962256785	0.9652654539770447	0.9690010414949733	0.9637872348207616	0.9678900546617297	0.9683880997340955	0.966318739799981	0.9655415181480315	0.9691755175200131	0.9745733945196852	0.9678082212475345	0.9661114224454761	0.9662491281799104	0.9650690832391706	0.9694425747179172	0.9658226815111853	0.9674626197272784	0.974349021186605	0.96408787385916	0.9676482177428763	0.9660323023472311	0.970705365217148	0.9638716258319046	0.9686700138662554	0.9668881217688009	0.9692214522034187	0.964368131569179
0.971966354676091	0.9661016697533943	0.9719814898542217	0.9724451298565925	0.9684474522441064	0.9718146700261311	0.9696687244870047	0.9747159699434563	0.9706527272198336	0.9717343726854227	0.969431150108557	0.9597002739935844	0.974250908488562	0.9693052003980629	1.0	0.9732618755223209	0.9730062344009317	0.9702221282808839	0.9720072651273812	0.9724211973175502	0.9644537298381856	0.9741801444251308	0.9730703316063654	0.966708920630886	0.9703088444712585	0.9752148385771637	0.9680870856379984	0.9724861200854922	0.9638423359419982	0.9740905816407379	0.9718766544131162	0.9736599929541886	0.9734742601956987	0.9715063311354687	0.9746658825234288	0.9650821973102004	0.9738495613244631	0.9708342344490847	0.9700397253192474	0.9649556826284875	0.9702137132296469	0.9674938831218644	0.9760026728511845	0.9634940983567203
0.9695890784890517	0.9680713587424112	0.9740787499132086	0.9728942483478927	0.9678235241664663	0.9714130625726111	0.9694231850099236	0.9750062940733919	0.9729884049487226	0.9701874600782444	0.9677366361516838	0.9592557611192242	0.9715026715341758	0.9664638091239589	0.9732618755223209	1.0	0.9726172818515307	0.9684493063737286	0.971958024777524	0.9719518336782509	0.9651241766975499	0.9765268276280913	0.9733035676165307	0.9647784052659915	0.9711694134899485	0.9744967208918397	0.9679559770037266	0.9718837186269318	0.9631830247972942	0.9765962267161359	0.9716720086289296	0.973030993275274	0.9704870400394557	0.9710932624705954	0.9732178481675	0.9641408426016861	0.9728251755583196	0.969988007163061	0.9690728566948014	0.9642890712476482	0.9707032419229551	0.970562804656787	0.9741265764565795	0.9633896125944237
0.9690272975402786	0.9680789696270137	0.9707113372299667	0.9706554348538954	0.9663305120098302	0.9746985367625023	0.9711944961749082	0.9732731362333613	0.9700519840389628	0.9769494397682666	0.9665276103979029	0.9619002496858042	0.9702892820215152	0.9676968104417802	0.9730062344009317	0.9726172818515307	1.0	0.9711446533595239	0.9706727581259935	0.9718858010893153	0.9665409938773947	0.9717702757504343	0.9712683717974261	0.9673564481805599	0.9732636746847285	0.9726438910701249	0.9665457453165096	0.9711625358636572	0.9628908227870354	0.9716440891265257	0.9702877306108443	0.9722192402505746	0.9773279760798518	0.9769609050485392	0.9745099181232978	0.9622272219806721	0.972012276758193	0.9772318475372631	0.9676093815441944	0.9723062416196578	0.9706436862228821	0.9672553380671371	0.9726317869581236	0.9707701416726935
0.9677975530093965	0.9652077253302439	0.9686134279734481	0.9687263877079896	0.9667771527308179	0.9732986723616731	0.9688888119019183	0.9689802241045465	0.9693855938607157	0.973294158252014	0.9692082877173173	0.9805695571507187	0.9690734622411998	0.9684613962256785	0.9702221282808839	0.9684493063737286	0.9711446533595239	1.0	0.9673700329080119	0.9716939703528092	0.9667111726390292	0.968608690467014	0.9695217800420958	0.9691796714142185	0.9706864850406475	0.9703456847745308	0.9678177846644537	0.9695538269467873	0.9636359397939942	0.9680592909746957	0.967480566906526	0.9705776072558518	0.9717851438594155	0.9723649902920684	0.9730316932932906	0.9626780079530445	0.9690949764199148	0.9722266277986554	0.968510498259812	0.9688272097810701	0.9692329552425153	0.965357766645084	0.9707555765158966	0.9684420338661459
0.9685682571748149	0.9679689916396946	0.9729362155493729	0.9722052467602347	0.9651890935478826	0.9697114093613101	0.970834795591359	0.9743160774851929	0.9688581539167718	0.9690946329390114	0.9657066172976653	0.9566324956866336	0.9689971505253504	0.9652654539770447	0.9720072651273812	0.971958024777524	0.9706727581259935	0.9673700329080119	1.0	0.9702996352612148	0.9667774637209722	0.9721935427107673	0.9717408729069165	0.9628194538860801	0.9714900486725344	0.9720708879752413	0.9652153306023675	0.9692633928633624	0.9601641500680587	0.9726307248808007	0.9732768367928158	0.9714232368308281	0.9706643879892896	0.9695937215240527	0.9719094121699868	0.9647126750829113	0.9725661861686064	0.9692559765433001	0.9673855491641885	0.9623340186711292	0.9687277024346337	0.9661021787266812	0.9724191796883871	0.9612436024733739
0.9695788458323671	0.9667282988154065	0.9703188743943417	0.971240640869164	0.9673940561235385	0.9718180836999394	0.9682114343707969	0.9727914155658381	0.9711981597502946	0.9703051710129741	0.9703548253965496	0.9619347804914024	0.9706070810456526	0.9690010414949733	0.9724211973175502	0.9719518336782509	0.9718858010893153	0.9716939703528092	0.9702996352612148	1.0	0.9686983295721827	0.9721438680789103	0.9727753254235555	0.9683593709205899	0.9700417102781226	0.9732445046148267	0.9712356878887822	0.9722617507213839	0.966131103659918	0.9719616223741665	0.9693684559075096	0.9724485690402526	0.9692404031791484	0.9718883678409984	0.9751731297288532	0.96366736296782	0.9723552623243066	0.9709940523223342	0.9704570538371851	0.9667225402561642	0.9723006012407979	0.9687356756819379	0.97327792122227	0.9671683728298743
0.9644570300613058	0.9709906515272292	0.9670330970337625	0.9678270955833937	0.9584539479826509	0.9668997615259729	0.9855859807838647	0.9670119099457417	0.9680595363238627	0.9659128385366149	0.9648187455871591	0.9601815690783713	0.9641804724363302	0.9637872348207616	0.9644537298381856	0.9651241766975499	0.9665409938773947	0.9667111726390292	0.9667774637209722	0.9686983295721827	1.0	0.9655777006312913	0.9673732872137216	0.9639086209905809	0.9701170128878119	0.9669098331295001	0.9648958528058776	0.965902807662837	0.9598985696511316	0.9654052752391467	0.9663614667337591	0.9661920824977055	0.9646537275498489	0.9654214316860836	0.9708332710323079	0.9573854164017666	0.9656302817101783	0.9666469101903246	0.9652743121028097	0.9649926369407287	0.9660218583349781	0.9656719540054302	0.9665915940347533	0.9628544409885964
0.9710154610110567	0.9683212663627532	0.9750710364851399	0.9733220973738291	0.9669054026029523	0.9714999968540077	0.971523421690313	0.9747201261003519	0.9739300868400532	0.970701681637627	0.9692389889652656	0.9602536340533422	0.9725238138689293	0.9678900546617297	0.9741801444251308	0.9765268276280913	0.9717702757504343	0.968608690467014	0.9721935427107673	0.9721438680789103	0.9655777006312913	1.0	0.9745901985402091	0.9655102322400303	0.9711879315018435	0.9752564223594561	0.973985798939889	0.9722481140682854	0.9640449880717326	0.9935652681008251	0.9728088694034851	0.9733619227348365	0.9714484481951051	0.9718041866212541	0.9750658212718825	0.9647836657371961	0.9727419444136554	0.9707442932590022	0.968719921442319	0.9642101191552163	0.9715711237371548	0.9846166082327081	0.9755971814944224	0.9632043966220191
0.9692934358707971	0.9696278103781086	0.9723971167498852	0.9727110834019685	0.9669408023585544	0.9710067931227948	0.9702548015461591	0.9745367443354537	0.9712483856411697	0.9702027399279316	0.9683788835731937	0.9610727338018201	0.9717938126489527	0.9683880997340955	0.9730703316063654	0.9733035676165307	0.9712683717974261	0.9695217800420958	0.9717408729069165	0.9727753254235555	0.9673732872137216	0.9745901985402091	1.0	0.9658910203924622	0.9711188201238705	0.9742592770902495	0.9684600466830309	0.9729821463885154	0.9644265216509106	0.9731256079122569	0.9720283581484884	0.9725115338645491	0.9699589899554255	0.9705562106453138	0.9761201413465413	0.9647514067084599	0.9730678023703795	0.969399840778052	0.9707628396583475	0.9653022250973317	0.9725334927458559	0.9692300121887424	0.9741000214291838	0.9633601314416166
0.9656587232991	0.9630975879227202	0.9643800380025918	0.9644479172931036	0.9617550334116581	0.9895729202063145	0.9640211077850531	0.9662666232882383	0.9668502226356973	0.9684780274199011	0.9675274625687078	0.9673212953755277	0.9663552166056218	0.966318739799981	0.966708920630886	0.9647784052659915	0.9673564481805599	0.9691796714142185	0.9628194538860801	0.9683593709205899	0.9639086209905809	0.9655102322400303	0.9658910203924622	1.0	0.965240435667068	0.9668493959276595	0.9672231585779859	0.9653484640541035	0.9627289999378164	0.9651412445886972	0.9622154616167361	0.9672544954990298	0.9663852631515909	0.9679663447763309	0.9724003855952784	0.9608466696643841	0.9653214115872268	0.9662740895540965	0.9668864132729552	0.9678667489835422	0.9671318846277401	0.9650075834219357	0.9674187308468899	0.9672331353660756
0.9677283285024878	0.9700289777142396	0.9712653734787388	0.9706614598971648	0.9656209471404306	0.9724423104034909	0.9746908829271885	0.9727009198233035	0.9689095231575772	0.9734828035338043	0.9658383021768102	0.9608453973860248	0.9699409397411404	0.9655415181480315	0.9703088444712585	0.9711694134899485	0.9732636746847285	0.9706864850406475	0.9714900486725344	0.9700417102781226	0.9701170128878119	0.9711879315018435	0.9711188201238705	0.965240435667068	1.0	0.97207470047359	0.9641767376269931	0.9707232805642524	0.9599206771920021	0.9717812264615503	0.9718676538833038	0.9721499856826672	0.9736890865226069	0.9730356150562037	0.9706718416609635	0.9614503712249607	0.9705586258967023	0.9750383930654113	0.9665840274850939	0.9671307756933933	0.9693863589317762	0.9656204136093833	0.9714382075151412	0.9655143821487511
0.9711842941317483	0.9675867598875159	0.9730875040224176	0.973056742428913	0.9682487946976167	0.9729012904120362	0.971413501934959	0.9744794016491715	0.972349084431665	0.9716548033071714	0.9704153205180955	0.9605949312379131	0.9742315360879978	0.9691755175200131	0.9752148385771637	0.9744967208918397	0.9726438910701249	0.9703456847745308	0.9720708879752413	0.9732445046148267	0.9669098331295001	0.9752564223594561	0.9742592770902495	0.9668493959276595	0.97207470047359	1.0	0.9701366311104062	0.973232360722555	0.9656742118784143	0.9747754309148249	0.971902682005755	0.9749531395520389	0.9730910672709694	0.9725616210121918	0.978106053981142	0.9663255760417445	0.9734479446253296	0.9717920661692836	0.9710080017882723	0.9650218744283549	0.9711349303891549	0.9697053674182761	0.978274838710515	0.9640402944341876
0.9686921920315285	0.965275431989846	0.9679353016577145	0.9678265728616355	0.9646294397997349	0.9681156665970863	0.9651191581743228	0.9672821244790888	0.9700459673918107	0.966291844335892	0.9711489017310766	0.964802139322328	0.9685074657850419	0.9745733945196852	0.9680870856379984	0.9679559770037266	0.9665457453165096	0.9678177846644537	0.9652153306023675	0.9712356878887822	0.9648958528058776	0.973985798939889	0.9684600466830309	0.9672231585779859	0.9641767376269931	0.9701366311104062	1.0	0.9688202655553179	0.9674260573166696	0.972915352221672	0.9656459677825542	0.968749504586129	0.9651313303187679	0.9663727169309335	0.9749230546471386	0.9634797507426035	0.9678986568285902	0.9645397403921175	0.9707495494285933	0.9652616213108736	0.9701902149261883	0.9742085453525283	0.9692465550954141	0.9662829179291824
0.9697787009924773	0.9681975205279608	0.9710534326888262	0.9702072884282323	0.9665457735404566	0.9705859033851967	0.9695855273637242	0.9727520446087089	0.9702353923144966	0.9712595135744507	0.9688875250956323	0.9605797945321376	0.9858920998732458	0.9678082212475345	0.9724861200854922	0.9718837186269318	0.9711625358636572	0.9695538269467873	0.9692633928633624	0.9722617507213839	0.965902807662837	0.9722481140682854	0.9729821463885154	0.9653484640541035	0.9707232805642524	0.973232360722555	0.9688202655553179	1.0	0.9760513984435322	0.971829546071803	0.968970366184209	0.9858416942611078	0.9697098845006018	0.971222255045015	0.9739833089854252	0.9618391740127888	0.9711492797314509	0.9704137804177213	0.9706156627406046	0.9659768100833418	0.9706891437437236	0.9678722687507305	0.9727988526137259	0.9652644255424553
0.963429428189206	0.9609969363956088	0.9638565327016885	0.9635328140896284	0.9594310109875999	0.9634035249894177	0.9591197057072542	0.9645324426162033	0.9634285575617044	0.9619248378380082	0.9649036669826745	0.9590286607646364	0.9756398416481773	0.9661114224454761	0.9638423359419982	0.9631830247972942	0.9628908227870354	0.9636359397939942	0.9601641500680587	0.966131103659918	0.9598985696511316	0.9640449880717326	0.9644265216509106	0.9627289999378164	0.9599206771920021	0.9656742118784143	0.9674260573166696	0.9760513984435322	1.0	0.9633020489830855	0.9607556200189981	0.9750922983263124	0.9614079019236859	0.9628783517522767	0.9716336090351163	0.9570209987996777	0.9628500024775575	0.9610688648379446	0.9649869678134761	0.9620983631784358	0.965266346106292	0.9643988044498195	0.9646410773851141	0.9602016233934294
0.9704822700347204	0.9674853338737098	0.9745313305356637	0.9729539678562683	0.9674436332378958	0.9717763357338786	0.9713105547723444	0.9753252342744521	0.973050317348032	0.9709475602615714	0.9686763352353956	0.9586263467082607	0.9724292291289901	0.9662491281799104	0.9740905816407379	0.9765962267161359	0.9716440891265257	0.9680592909746957	0.9726307248808007	0.9719616223741665	0.9654052752391467	0.9935652681008251	0.9731256079122569	0.9651412445886972	0.9717812264615503	0.9747754309148249	0.972915352221672	0.971829546071803	0.9633020489830855	1.0	0.9734261467119707	0.9736977182975629	0.9713710653948149	0.9716410306436332	0.9738756595149809	0.963449019000768	0.9727365359062923	0.9708879410020582	0.968503026514419	0.9645290457856696	0.9705185401517052	0.9875515303274972	0.9752899222971952	0.9623076976825146
0.9682897725849383	0.9685218730372982	0.9722438745721317	0.9726507053559035	0.9641248092619784	0.9685055429701196	0.9715353152854432	0.9734505739690786	0.969059551812712	0.9700401166561106	0.96544489137956	0.9560345009833772	0.9700513705205489	0.9650690832391706	0.9718766544131162	0.9716720086289296	0.9702877306108443	0.967480566906526	0.9732768367928158	0.9693684559075096	0.9663614667337591	0.9728088694034851	0.9720283581484884	0.9622154616167361	0.9718676538833038	0.971902682005755	0.9656459677825542	0.968970366184209	0.9607556200189981	0.9734261467119707	1.0	0.9714348610389353	0.9701117180598583	0.969540222016164	0.9714221079929505	0.9633278950829945	0.9726251150272517	0.9684610473080342	0.9658663869149788	0.9626129517851446	0.9684329121228485	0.9669702893399144	0.9730734312151765	0.9610617795080725
0.9706136466330604	0.9686807474695562	0.9730379552823665	0.9707754190409631	0.966507504935839	0.9723702707808463	0.9708607519708471	0.9740567657438544	0.970673924346296	0.9721427355264162	0.9692915229387989	0.9604618228314998	0.9843329476011494	0.9694425747179172	0.9736599929541886	0.973030993275274	0.9722192402505746	0.9705776072558518	0.9714232368308281	0.9724485690402526	0.9661920824977055	0.9733619227348365	0.9725115338645491	0.9672544954990298	0.9721499856826672	0.9749531395520389	0.968749504586129	0.9858416942611078	0.9750922983263124	0.9736977182975629	0.9714348610389353	1.0	0.971770646758157	0.971985424027028	0.9760856548111491	0.9651989243965085	0.9729633128756949	0.9716618587528127	0.9696388224042001	0.9654175341676813	0.9709386127410772	0.9684959544499158	0.9747466046800576	0.9651379313271847
0.9688532639709165	0.965988887636489	0.9707675663996436	0.9700385031206381	0.9659599546649104	0.9743834339094538	0.970563213066497	0.9724559100102421	0.968352584133157	0.9880604847446894	0.9646205141606702	0.9618739480309094	0.9702319781229257	0.9658226815111853	0.9734742601956987	0.9704870400394557	0.9773279760798518	0.9717851438594155	0.9706643879892896	0.9692404031791484	0.9646537275498489	0.9714484481951051	0.9699589899554255	0.9663852631515909	0.9736890865226069	0.9730910672709694	0.9651313303187679	0.9697098845006018	0.9614079019236859	0.9713710653948149	0.9701117180598583	0.971770646758157	1.0	0.9879789519511212	0.9720035444459553	0.9620217306984542	0.9709002658297455	0.9884744091560586	0.9667151268534189	0.9810625301707424	0.9683439683919456	0.9654211253516536	0.9722453000421829	0.9801915837080136
0.9689954896973357	0.9668926940692372	0.9700219090443217	0.9696313708457953	0.9671135410981776	0.9747652632712843	0.9702469438148251	0.9720607376656876	0.9691965641746697	0.9879269043936896	0.9663552166056218	0.9625124736746893	0.9691595837863372	0.9674626197272784	0.9715063311354687	0.9710932624705954	0.9769609050485392	0.9723649902920684	0.9695937215240527	0.9718883678409984	0.9654214316860836	0.9718041866212541	0.9705562106453138	0.9679663447763309	0.9730356150562037	0.9725616210121918	0.9663727169309335	0.971222255045015	0.9628783517522767	0.9716410306436332	0.969540222016164	0.971985424027028	0.9879789519511212	1.0	0.9735706260320158	0.9632346083835337	0.9706953726661519	0.9889816064463985	0.9683797886075695	0.9821538131001251	0.9691847704441638	0.9664369189733052	0.971785049865936	0.9822184368345345
0.9725032280010757	0.9701856231952259	0.9738912572596266	0.9732722257691867	0.9676383507192617	0.9742316624643373	0.9702390698100917	0.9735518228677045	0.9748066537536404	0.9730912500035139	0.9746895381202098	0.9658806223923185	0.9741271523194361	0.974349021186605	0.9746658825234288	0.9732178481675	0.9745099181232978	0.9730316932932906	0.9719094121699868	0.9751731297288532	0.9708332710323079	0.9750658212718825	0.9761201413465413	0.9724003855952784	0.9706718416609635	0.978106053981142	0.9749230546471386	0.9739833089854252	0.9716336090351163	0.9738756595149809	0.9714221079929505	0.9760856548111491	0.9720035444459553	0.9735706260320158	1.0	0.9669915077553752	0.9732070372501518	0.9713213659888805	0.9750929876829587	0.9702527142135817	0.9744745380943689	0.9738952778220042	0.975102995997851	0.9698970168410156
0.9644287332839924	0.9592178049030163	0.9632194718059743	0.9641143083687187	0.9576000957227984	0.9633931008907948	0.9625941209003536	0.964867913558888	0.9625055265056585	0.9626100403898011	0.966204479304097	0.9564483046011034	0.9640863045319256	0.96408787385916	0.9650821973102004	0.9641408426016861	0.9622272219806721	0.9626780079530445	0.9647126750829113	0.96366736296782	0.9573854164017666	0.9647836657371961	0.9647514067084599	0.9608466696643841	0.9614503712249607	0.9663255760417445	0.9634797507426035	0.9618391740127888	0.9570209987996777	0.963449019000768	0.9633278950829945	0.9651989243965085	0.9620217306984542	0.9632346083835337	0.9669915077553752	1.0	0.964860451141757	0.9605138098665511	0.9651491587244211	0.9585020130953711	0.963991703823615	0.9603939552363546	0.964982262729118	0.9590925107484277
0.9699110950365227	0.9686676816476111	0.9726989730347184	0.9731458713721135	0.9677758880702817	0.9718213012880819	0.9707476395516068	0.974049685473047	0.9702865611168534	0.9703983141686224	0.9673573222841416	0.9597902541978414	0.970916813336401	0.9676482177428763	0.9738495613244631	0.9728251755583196	0.972012276758193	0.9690949764199148	0.9725661861686064	0.9723552623243066	0.9656302817101783	0.9727419444136554	0.9730678023703795	0.9653214115872268	0.9705586258967023	0.9734479446253296	0.9678986568285902	0.9711492797314509	0.9628500024775575	0.9727365359062923	0.9726251150272517	0.9729633128756949	0.9709002658297455	0.9706953726661519	0.9732070372501518	0.964860451141757	1.0	0.9698595722519353	0.9686915411532296	0.9634039928872582	0.970617122262843	0.9670991842492662	0.9734414406430808	0.962430154793533
0.9677163388286123	0.9667241568220084	0.9693267945417064	0.9693497118538534	0.9665254778146076	0.9738734976739638	0.9703131727857043	0.9720127956504055	0.9682483312705666	0.989903529679887	0.9654998055272666	0.962002608762991	0.9683255574017835	0.9660323023472311	0.9708342344490847	0.969988007163061	0.9772318475372631	0.9722266277986554	0.9692559765433001	0.9709940523223342	0.9666469101903246	0.9707442932590022	0.969399840778052	0.9662740895540965	0.9750383930654113	0.9717920661692836	0.9645397403921175	0.9704137804177213	0.9610688648379446	0.9708879410020582	0.9684610473080342	0.9716618587528127	0.9884744091560586	0.9889816064463985	0.9713213659888805	0.9605138098665511	0.9698595722519353	1.0	0.9663931972863127	0.9830422673447866	0.968538398840452	0.9658847588020356	0.9713448614518162	0.9817306029314168
0.9694281184279068	0.9641420342003383	0.9686839435918616	0.9689392343623677	0.9644785107947018	0.9690858206653951	0.9661797864800616	0.969194579502966	0.9677147967965598	0.9669152566141075	0.9704097408362892	0.9622309701886198	0.9709890528938911	0.970705365217148	0.9700397253192474	0.9690728566948014	0.9676093815441944	0.968510498259812	0.9673855491641885	0.9704570538371851	0.9652743121028097	0.968719921442319	0.9707628396583475	0.9668864132729552	0.9665840274850939	0.9710080017882723	0.9707495494285933	0.9706156627406046	0.9649869678134761	0.968503026514419	0.9658663869149788	0.9696388224042001	0.9667151268534189	0.9683797886075695	0.9750929876829587	0.9651491587244211	0.9686915411532296	0.9663931972863127	1.0	0.9645410389545901	0.9693696855609248	0.965598292486843	0.9698403978704496	0.9648131119380395
0.9640149872559373	0.9637369569845637	0.9654348758965628	0.9643189956134186	0.9611736951020402	0.9694214186510387	0.9636461558987549	0.9651737156129749	0.9647089768904861	0.990402316641645	0.9649078298700188	0.9649282028383152	0.9638627057239193	0.9638716258319046	0.9649556826284875	0.9642890712476482	0.9723062416196578	0.9688272097810701	0.9623340186711292	0.9667225402561642	0.9649926369407287	0.9642101191552163	0.9653022250973317	0.9678667489835422	0.9671307756933933	0.9650218744283549	0.9652616213108736	0.9659768100833418	0.9620983631784358	0.9645290457856696	0.9626129517851446	0.9654175341676813	0.9810625301707424	0.9821538131001251	0.9702527142135817	0.9585020130953711	0.9634039928872582	0.9830422673447866	0.9645410389545901	1.0	0.9647107630228896	0.9648271695716498	0.9661488425404512	0.9823202957712681
0.9698440753424094	0.9685288147528216	0.9712803269886015	0.9707791927352304	0.9644741239315963	0.9705810708651452	0.967388384094886	0.9709190917243303	0.970200888081289	0.9696057784394732	0.9704096642634799	0.9624741320093918	0.9699881671971152	0.9686700138662554	0.9702137132296469	0.9707032419229551	0.9706436862228821	0.9692329552425153	0.9687277024346337	0.9723006012407979	0.9660218583349781	0.9715711237371548	0.9725334927458559	0.9671318846277401	0.9693863589317762	0.9711349303891549	0.9701902149261883	0.9706891437437236	0.965266346106292	0.9705185401517052	0.9684329121228485	0.9709386127410772	0.9683439683919456	0.9691847704441638	0.9744745380943689	0.963991703823615	0.970617122262843	0.968538398840452	0.9693696855609248	0.9647107630228896	1.0	0.9678318186478593	0.9715534364769981	0.9641691818909479
0.9665371365359705	0.9660653623513303	0.9686984339209529	0.9676389754371029	0.9614360582578596	0.9661199316665093	0.9662491281799104	0.9693286262876426	0.9702489942452204	0.9664091939039369	0.9678159700287898	0.9600970616409614	0.9675864909456873	0.9668881217688009	0.9674938831218644	0.970562804656787	0.9672553380671371	0.965357766645084	0.9661021787266812	0.9687356756819379	0.9656719540054302	0.9846166082327081	0.9692300121887424	0.9650075834219357	0.9656204136093833	0.9697053674182761	0.9742085453525283	0.9678722687507305	0.9643988044498195	0.9875515303274972	0.9669702893399144	0.9684959544499158	0.9654211253516536	0.9664369189733052	0.9738952778220042	0.9603939552363546	0.9670991842492662	0.9658847588020356	0.965598292486843	0.9648271695716498	0.9678318186478593	1.0	0.9702611948962178	0.9625530386730884
