/home/jshaw/scratch/2022_sketched_distance/references/SGB_genome_fastas_part5/16986/BritoIL_2016__WL.15.SA__bin.6.fa	/home/jshaw/scratch/2022_sketched_distance/references/SGB_genome_fastas_part5/16986/Castro-NallarE_2015__ES_114__bin.27.fa	/home/jshaw/scratch/2022_sketched_distance/references/SGB_genome_fastas_part5/16986/Castro-NallarE_2015__ES_137__bin.11.fa	/home/jshaw/scratch/2022_sketched_distance/references/SGB_genome_fastas_part5/16986/CM_cf__CF_TNFC018IS_t3M15__bin.5.fa	/home/jshaw/scratch/2022_sketched_distance/references/SGB_genome_fastas_part5/16986/CM_cf__CF_TNFC018SA_t1M16__bin.3.fa	/home/jshaw/scratch/2022_sketched_distance/references/SGB_genome_fastas_part5/16986/CM_cf__CF_TNFC034SA_t1M16__bin.2.fa	/home/jshaw/scratch/2022_sketched_distance/references/SGB_genome_fastas_part5/16986/CM_cf__CF_TNFC034SS_t1M15__bin.6.fa	/home/jshaw/scratch/2022_sketched_distance/references/SGB_genome_fastas_part5/16986/CM_cf__CF_TNFC038SA_t1M16__bin.15.fa	/home/jshaw/scratch/2022_sketched_distance/references/SGB_genome_fastas_part5/16986/CM_cf__CF_TNFC041IS_t2M15__bin.5.fa	/home/jshaw/scratch/2022_sketched_distance/references/SGB_genome_fastas_part5/16986/CM_cf__CF_TNFC041SA_t1M15__bin.7.fa	/home/jshaw/scratch/2022_sketched_distance/references/SGB_genome_fastas_part5/16986/CM_cf__CF_TNFC048SA_t1M16__bin.1.fa	/home/jshaw/scratch/2022_sketched_distance/references/SGB_genome_fastas_part5/16986/CM_cf__CF_TNFC054IS_t1M15__bin.19.fa	/home/jshaw/scratch/2022_sketched_distance/references/SGB_genome_fastas_part5/16986/CM_cf__CF_TNFC059SA_t1M16__bin.1.fa	/home/jshaw/scratch/2022_sketched_distance/references/SGB_genome_fastas_part5/16986/CM_cf__CF_TNFC060IS_t1M15__bin.6.fa	/home/jshaw/scratch/2022_sketched_distance/references/SGB_genome_fastas_part5/16986/CM_cf__CF_TNFC060SA_t1M16__bin.3.fa	/home/jshaw/scratch/2022_sketched_distance/references/SGB_genome_fastas_part5/16986/FerrettiP_2018__CA_C10001MS2001SA_t0M15__bin.6.fa	/home/jshaw/scratch/2022_sketched_distance/references/SGB_genome_fastas_part5/16986/FerrettiP_2018__CA_C10009MS2133SA_t0M15__bin.19.fa	/home/jshaw/scratch/2022_sketched_distance/references/SGB_genome_fastas_part5/16986/FerrettiP_2018__CA_C10015IS2250SA_t2M15__bin.2.fa	/home/jshaw/scratch/2022_sketched_distance/references/SGB_genome_fastas_part5/16986/FerrettiP_2018__CA_C10023IS2394SA_t2M15__bin.3.fa	/home/jshaw/scratch/2022_sketched_distance/references/SGB_genome_fastas_part5/16986/FerrettiP_2018__CA_C10039IS2678SA_t2M15__bin.2.fa	/home/jshaw/scratch/2022_sketched_distance/references/SGB_genome_fastas_part5/16986/FerrettiP_2018__CA_C10039MS2669SA_t0M15__bin.11.fa	/home/jshaw/scratch/2022_sketched_distance/references/SGB_genome_fastas_part5/16986/FerrettiP_2018__CA_C10042MS2723SA_t0M16__bin.24.fa	/home/jshaw/scratch/2022_sketched_distance/references/SGB_genome_fastas_part5/16986/FerrettiP_2018__CA_C10055IS2966SA_t2M16__bin.10.fa	/home/jshaw/scratch/2022_sketched_distance/references/SGB_genome_fastas_part5/16986/HMP_2012__SRS014470__bin.8.fa	/home/jshaw/scratch/2022_sketched_distance/references/SGB_genome_fastas_part5/16986/HMP_2012__SRS014684__bin.2.fa	/home/jshaw/scratch/2022_sketched_distance/references/SGB_genome_fastas_part5/16986/HMP_2012__SRS015057__bin.45.fa	/home/jshaw/scratch/2022_sketched_distance/references/SGB_genome_fastas_part5/16986/HMP_2012__SRS015272__bin.25.fa	/home/jshaw/scratch/2022_sketched_distance/references/SGB_genome_fastas_part5/16986/HMP_2012__SRS015537__bin.16.fa	/home/jshaw/scratch/2022_sketched_distance/references/SGB_genome_fastas_part5/16986/HMP_2012__SRS015941__bin.16.fa	/home/jshaw/scratch/2022_sketched_distance/references/SGB_genome_fastas_part5/16986/HMP_2012__SRS016086__bin.6.fa	/home/jshaw/scratch/2022_sketched_distance/references/SGB_genome_fastas_part5/16986/HMP_2012__SRS016319__bin.66.fa	/home/jshaw/scratch/2022_sketched_distance/references/SGB_genome_fastas_part5/16986/HMP_2012__SRS017076__bin.19.fa	/home/jshaw/scratch/2022_sketched_distance/references/SGB_genome_fastas_part5/16986/HMP_2012__SRS017713__bin.25.fa	/home/jshaw/scratch/2022_sketched_distance/references/SGB_genome_fastas_part5/16986/HMP_2012__SRS018591__bin.11.fa	/home/jshaw/scratch/2022_sketched_distance/references/SGB_genome_fastas_part5/16986/HMP_2012__SRS018791__bin.39.fa	/home/jshaw/scratch/2022_sketched_distance/references/SGB_genome_fastas_part5/16986/HMP_2012__SRS019022__bin.34.fa	/home/jshaw/scratch/2022_sketched_distance/references/SGB_genome_fastas_part5/16986/HMP_2012__SRS019045__bin.46.fa	/home/jshaw/scratch/2022_sketched_distance/references/SGB_genome_fastas_part5/16986/HMP_2012__SRS024637__bin.14.fa	/home/jshaw/scratch/2022_sketched_distance/references/SGB_genome_fastas_part5/16986/HMP_2012__SRS044373__bin.55.fa	/home/jshaw/scratch/2022_sketched_distance/references/SGB_genome_fastas_part5/16986/HMP_2012__SRS051791__bin.41.fa	/home/jshaw/scratch/2022_sketched_distance/references/SGB_genome_fastas_part5/16986/HMP_2012__SRS057791__bin.37.fa	/home/jshaw/scratch/2022_sketched_distance/references/SGB_genome_fastas_part5/16986/LiJ_2017__H3M518112__bin.15.fa
1.0	0.9636534642445529	0.9651360215924285	0.9702909228710958	0.9744360518054553	0.967236846903988	0.9563686483122629	0.9684900902878293	0.9701832361804937	0.9689362006614163	0.9728199317831049	0.9627654154751154	0.9700529249352372	0.9718381784704696	0.9721430957417784	0.9712911827485156	0.9730704229417452	0.9542951363850413	0.9606896414791867	0.9715014750363525	0.9682607472737649	0.9717309967655405	0.9560393286246025	0.9714373797151435	0.9735827209867115	0.9717473070188773	0.9726267470608567	0.9712087200833609	0.9715190404028424	0.9642148141413491	0.9694189464885967	0.967409684391744	0.9706615663813422	0.9716895789377531	0.9720281083661215	0.9711740928299215	0.972637506370382	0.967146118249554	0.9697935225864637	0.9694739154231454	0.9688026097339119	0.963590410767232
0.9636534642445529	1.0	0.9683026288816284	0.9770882752682117	0.9735251099145541	0.9784058124107738	0.9747263610370845	0.9784455081119072	0.9698555902184315	0.9802072660237423	0.978722804334623	0.9837643256776634	0.9698380039799731	0.9730038162098802	0.9712902030431331	0.9718589816742819	0.9742992039062768	0.9793583579278405	0.9735212834445419	0.9773263873378532	0.9742589321485083	0.9806956938030897	0.9788793989064689	0.9775042845313071	0.975127403709667	0.9769095495763142	0.9788254153811781	0.9733304041845923	0.9805811346260529	0.9816361566748246	0.9769595334531027	0.9822524946926782	0.9779692169235963	0.97386778631344	0.9788703561662901	0.9750291126770615	0.9738708882111695	0.9838874159366119	0.9793678368912274	0.9742003928101967	0.9732626184833703	0.963854355306744
0.9651360215924285	0.9683026288816284	1.0	0.9705599729776501	0.9713935235162173	0.9678673807487	0.9598150390936825	0.9713455496839155	0.9710477796489941	0.972530632288642	0.9738533857715017	0.9690172139732719	0.971863734626037	0.9725198891715899	0.9715172657892783	0.9716453086313298	0.9738467748392171	0.9622731676925323	0.9627122405357096	0.9719494791459079	0.9694316153933322	0.9733960851384595	0.9632674104864671	0.973158301482808	0.9714117890156652	0.9737856974817432	0.9736238509451918	0.9723730051129856	0.973432534028224	0.9668880497740493	0.9725516482792124	0.9701740696432808	0.9716213869828972	0.9746357301089811	0.97364874250571	0.9696179059273089	0.9706790389249957	0.9706003466756484	0.9725364943044321	0.9734652907551198	0.969431102464051	0.9631467298132342
0.9702909228710958	0.9770882752682117	0.9705599729776501	1.0	0.9942676293917323	0.9815878097794867	0.9726140693767192	0.977200501196568	0.9745925640661901	0.979945166172268	0.9782811169098378	0.9767037158994243	0.975280547015936	0.9757269071469206	0.9753081037177677	0.9757967970634128	0.9770075918196822	0.96887189142954	0.9714924103157246	0.9769033143275372	0.9742707372439937	0.9785281887922375	0.9712816181472981	0.9761916546912961	0.9783323122674695	0.9763285424928652	0.977863590198003	0.9765149833461172	0.9778885363354327	0.9750872258874784	0.9760968669775905	0.9788374000050999	0.9760473677850873	0.976488112187943	0.9783410285466903	0.9793027749014195	0.9773936818600729	0.9800539663806411	0.978149831893539	0.9761243883422364	0.9713945878883208	0.9675079152295852
0.9744360518054553	0.9735251099145541	0.9713935235162173	0.9942676293917323	1.0	0.9793144205742988	0.9699365165359517	0.9771194156522369	0.9784818910290805	0.9797471151838509	0.9808306597654081	0.9736415764123327	0.9782908960588935	0.9787904012636888	0.9792985826940164	0.9795439734849625	0.9796247568400137	0.965662601759472	0.9685635500109797	0.9806983954355336	0.9778965845358346	0.9803437437077589	0.968242780459924	0.9795878272414565	0.9809898085913812	0.9798795351517718	0.9817877247846368	0.978102208898853	0.9790925521017217	0.9727312295084535	0.977215556761615	0.976470961426955	0.9777573815683094	0.9791360830611736	0.9810094722096573	0.9795175169507262	0.9797385572304288	0.9770837262432089	0.9796789943013318	0.9768946989639982	0.975281387940676	0.9686564235626616
0.967236846903988	0.9784058124107738	0.9678673807487	0.9815878097794867	0.9793144205742988	1.0	0.9901812323523638	0.9760150261726049	0.9704172519145096	0.9796068824237082	0.9772540867458148	0.9802739003744892	0.9710083568480896	0.9753956547363775	0.9747699305378443	0.9728682324949236	0.9764834423209525	0.9744679035071799	0.9751487068877362	0.9765887628779603	0.97242348192194	0.9777171853704738	0.9773672619367909	0.9739765262172433	0.9772278745428508	0.9746606744443016	0.9778718681592709	0.9745895107256458	0.9750907318543768	0.9754169536545368	0.9728951142459389	0.9780335808707777	0.9733021472772109	0.9754917546422016	0.9766440370023354	0.979522423601787	0.9757860545908582	0.9800693348711068	0.9778703916706598	0.9758915095485836	0.9664521243075899	0.9640613910751902
0.9563686483122629	0.9747263610370845	0.9598150390936825	0.9726140693767192	0.9699365165359517	0.9901812323523638	1.0	0.9673173874393357	0.9568772794700136	0.9710221324024052	0.9683831797260145	0.9770398651282847	0.9599709401005451	0.965479201141233	0.9647124554162623	0.963020396175103	0.9665607603823881	0.9805661558647807	0.9612221120153849	0.9656085302838592	0.9634776470686872	0.9693750430413645	0.9781401588025899	0.9657798187114024	0.9690526879595277	0.9648896234693114	0.9692613672296669	0.9662527157715421	0.9664773966033893	0.9707114762039531	0.9657025467062252	0.9721333456531508	0.9651365145492581	0.9665310207439195	0.9683641906111401	0.971940773535278	0.9680496204495095	0.972151636356795	0.9701988629437054	0.9665018337089061	0.9578570419549043	0.9566787574858683
0.9684900902878293	0.9784455081119072	0.9713455496839155	0.977200501196568	0.9771194156522369	0.9760150261726049	0.9673173874393357	1.0	0.977339550646128	0.9830118068763812	0.9824480498770255	0.9804606311173775	0.9745833329047263	0.976252342679905	0.9765943285266824	0.9769975076208883	0.9778459839140866	0.9721175071768738	0.9721517703825776	0.9847033458841074	0.9797003306529648	0.9830232228223909	0.9736870004845823	0.982021771706032	0.9775568694041133	0.9816110449064356	0.9832480767644993	0.9757337185369835	0.9819093486835725	0.9792212647139787	0.9792773741412348	0.9807164630456953	0.980485187092413	0.9762809941514664	0.9830918609451563	0.978220410135458	0.9766298874579972	0.9816255020817002	0.9835293891339483	0.9771443374464505	0.977244224286857	0.9645977561308423
0.9701832361804937	0.9698555902184315	0.9710477796489941	0.9745925640661901	0.9784818910290805	0.9704172519145096	0.9568772794700136	0.977339550646128	1.0	0.988954416346217	0.9795337726561963	0.9703008906002589	0.9774326589254015	0.9756280066186244	0.9773619522743507	0.9786934025239205	0.976846768021273	0.9596329075182777	0.9678177846644537	0.9807950911348198	0.9777604252942261	0.979962555813148	0.9611746776450637	0.9809545685022697	0.9752384914095211	0.9809022354706503	0.9811759267866476	0.9744788641589932	0.9790494186706072	0.9698092046131755	0.9767654816772444	0.9740453483454679	0.9763358073085123	0.9763191871187765	0.9806342103879445	0.9726935841905249	0.973536815693427	0.9750620718022622	0.9785263973628018	0.9744771810753758	0.9769589958128715	0.9626199846601415
0.9689362006614163	0.9802072660237423	0.972530632288642	0.979945166172268	0.9797471151838509	0.9796068824237082	0.9710221324024052	0.9830118068763812	0.988954416346217	1.0	0.9823868563482752	0.9813148264563099	0.9758806983662758	0.9784090130526428	0.9781634224104727	0.9785367357243154	0.9796211406500361	0.9739345980904981	0.9756516433094964	0.9826496156204002	0.9791225475240498	0.9843555498346633	0.975217302342127	0.9826792057274174	0.978392318984961	0.9823282052622462	0.9835533085150174	0.9782263365599096	0.9819024584542684	0.9790738034364526	0.9796308690518816	0.9823093737093281	0.9803280578552579	0.9795741727506199	0.9830269539803276	0.9798943708770599	0.9767822142530085	0.9838705199046235	0.9845207313495496	0.9799882955943489	0.9752460890639367	0.9657496155246977
0.9728199317831049	0.978722804334623	0.9738533857715017	0.9782811169098378	0.9808306597654081	0.9772540867458148	0.9683831797260145	0.9824480498770255	0.9795337726561963	0.9823868563482752	1.0	0.9798267655043676	0.9784774230547484	0.979943711251654	0.9801342744814046	0.9798454016689678	0.9810601088718064	0.9717566076444276	0.9733095258640823	0.9858203566042475	0.9811696271642125	0.9852061506930927	0.9725889492978392	0.983719111321405	0.9798555585686834	0.9836215112616215	0.9860468315347153	0.9788056238998076	0.9832756793194068	0.9770481516354635	0.9807812745164538	0.9821457105904032	0.9812128774656094	0.9807399342901858	0.9869510282309576	0.9798588633576877	0.9780859174273852	0.9835694889063192	0.9841773433430829	0.9788854474443682	0.9786179993796253	0.9666033690081836
0.9627654154751154	0.9837643256776634	0.9690172139732719	0.9767037158994243	0.9736415764123327	0.9802739003744892	0.9770398651282847	0.9804606311173775	0.9703008906002589	0.9813148264563099	0.9798267655043676	1.0	0.9691404169285409	0.9723828635563525	0.9712416050433721	0.9727147996249688	0.9739969240186159	0.9844017792759339	0.9779410686353034	0.9812344649364929	0.9768271680956642	0.9833891517046498	0.9837584845296534	0.9779984025849872	0.9736028894470737	0.9779783975032112	0.9792781543863641	0.9725523298709395	0.9794016959031829	0.978863994353794	0.9771490742222173	0.9821609913923262	0.9763767479740553	0.9731657169768181	0.9799927333510072	0.9737492145217229	0.9709459394036407	0.9834661758020498	0.9805815170561046	0.9736364099811995	0.9688775986720242	0.9616987754723219
0.9700529249352372	0.9698380039799731	0.971863734626037	0.975280547015936	0.9782908960588935	0.9710083568480896	0.9599709401005451	0.9745833329047263	0.9774326589254015	0.9758806983662758	0.9784774230547484	0.9691404169285409	1.0	0.979937060417923	0.9813761607507214	0.9778695164465712	0.9826066736743859	0.9582123668246696	0.9650797079519537	0.9781885350770021	0.9753550732106159	0.9773334842067164	0.9616625206899838	0.9766987499460079	0.9760539192507511	0.9775272613184551	0.9779047507038268	0.9790800958479823	0.9761208054980944	0.968927693840207	0.9739721148264869	0.9716430843735286	0.9753368493995569	0.9804403402272895	0.9781012695929658	0.9734984518843037	0.9739183591244144	0.9722331228947844	0.9763190024483023	0.9778976127095099	0.973294991995341	0.964696084083657
0.9718381784704696	0.9730038162098802	0.9725198891715899	0.9757269071469206	0.9787904012636888	0.9753956547363775	0.965479201141233	0.976252342679905	0.9756280066186244	0.9784090130526428	0.979943711251654	0.9723828635563525	0.979937060417923	1.0	0.9958935220763369	0.9776564578119094	0.983743068776825	0.9651815061201194	0.9655779631784164	0.9798077464945735	0.9772389909443833	0.9790727104664289	0.9672269570436943	0.9785094123644968	0.9791447910495604	0.9784931251829918	0.97976826153058	0.9816163511415549	0.9792987349792598	0.9729021912308083	0.9766101781061443	0.9755100925895482	0.9793191436082083	0.9824156509848857	0.9792877039388576	0.9767514469081736	0.978153100220909	0.9764619681597365	0.977510726598221	0.980628908785011	0.9750834475096445	0.9667159095429438
0.9721430957417784	0.9712902030431331	0.9715172657892783	0.9753081037177677	0.9792985826940164	0.9747699305378443	0.9647124554162623	0.9765943285266824	0.9773619522743507	0.9781634224104727	0.9801342744814046	0.9712416050433721	0.9813761607507214	0.9958935220763369	1.0	0.9787347503550353	0.983824646422116	0.9620432735351065	0.9668841369740501	0.9801710893394459	0.9769991251824995	0.978695603614359	0.9648322401138115	0.9789186036000519	0.9780734263513062	0.9789341525649693	0.979465533266454	0.9807585579112499	0.9778313250019478	0.9708653610809523	0.9755976884038388	0.9732931797571556	0.9778885363354327	0.9825860161422317	0.9797733778162533	0.9763636731669576	0.9768643261641061	0.9743616694548127	0.9778722300396501	0.9803811522837272	0.9746315815641112	0.965346400839872
0.9712911827485156	0.9718589816742819	0.9716453086313298	0.9757967970634128	0.9795439734849625	0.9728682324949236	0.963020396175103	0.9769975076208883	0.9786934025239205	0.9785367357243154	0.9798454016689678	0.9727147996249688	0.9778695164465712	0.9776564578119094	0.9787347503550353	1.0	0.9783331147297814	0.9641707178818835	0.9676385121438239	0.9847016481396117	0.9822003108767465	0.9804763124634732	0.9657462660463118	0.9809263881835582	0.9772538010173255	0.9806065696786702	0.9821759833548891	0.9757310474463409	0.9794917181874532	0.970916931122449	0.9775785604583641	0.9755095647746724	0.9775004217659743	0.9782156613837895	0.9817106418346684	0.9738441011621256	0.9748623637054343	0.9760470477071073	0.979633340752282	0.9752622158029356	0.976566539636568	0.9631741967597958
0.9730704229417452	0.9742992039062768	0.9738467748392171	0.9770075918196822	0.9796247568400137	0.9764834423209525	0.9665607603823881	0.9778459839140866	0.976846768021273	0.9796211406500361	0.9810601088718064	0.9739969240186159	0.9826066736743859	0.983743068776825	0.983824646422116	0.9783331147297814	1.0	0.9661584703286479	0.968426108752294	0.9802366080986447	0.9771503282519236	0.9803029850810009	0.9679039594694427	0.9792802198444022	0.9785834603999491	0.9792025001391883	0.9812603627077977	0.9825355021793396	0.9786693129997893	0.9730682679936071	0.9763473125379355	0.9762993039903667	0.9789278569071563	0.9833864345865567	0.9803409124476553	0.9780143463551988	0.9774930651662506	0.9775079226389466	0.9789211390681912	0.9814188360892192	0.974666953432445	0.9669125001499398
0.9542951363850413	0.9793583579278405	0.9622731676925323	0.96887189142954	0.965662601759472	0.9744679035071799	0.9805661558647807	0.9721175071768738	0.9596329075182777	0.9739345980904981	0.9717566076444276	0.9844017792759339	0.9582123668246696	0.9651815061201194	0.9620432735351065	0.9641707178818835	0.9661584703286479	1.0	0.980104571751974	0.9698620936552325	0.9667864316685316	0.9792356356761154	0.993711251553954	0.9702053864082114	0.968188721302569	0.9696046191157829	0.9725221262762297	0.9653747104838554	0.9721233393254153	0.9752760108484358	0.9710183022397052	0.9788007613245627	0.9706482827859547	0.9656882448209696	0.9719722428119199	0.9672840418651838	0.9643211768987453	0.9783589218045479	0.972361715655221	0.966705013449575	0.9631892150687691	0.9550377459945377
0.9606896414791867	0.9735212834445419	0.9627122405357096	0.9714924103157246	0.9685635500109797	0.9751487068877362	0.9612221120153849	0.9721517703825776	0.9678177846644537	0.9756516433094964	0.9733095258640823	0.9779410686353034	0.9650797079519537	0.9655779631784164	0.9668841369740501	0.9676385121438239	0.968426108752294	0.980104571751974	1.0	0.9720001970189233	0.9690537390231693	0.9783497731632201	0.9805802546318709	0.9716041859056829	0.965960232823343	0.9722646516783866	0.9737882202890228	0.9674528168518746	0.9707472306802715	0.9718980689229599	0.9698657120353354	0.9727584670958817	0.9681110227637162	0.9683416587754522	0.9732619661420306	0.9691495432263354	0.9617000432059636	0.9750822740655672	0.9733301165830976	0.968399488279843	0.9629324349495438	0.9552674749329582
0.9715014750363525	0.9773263873378532	0.9719494791459079	0.9769033143275372	0.9806983954355336	0.9765887628779603	0.9656085302838592	0.9847033458841074	0.9807950911348198	0.9826496156204002	0.9858203566042475	0.9812344649364929	0.9781885350770021	0.9798077464945735	0.9801710893394459	0.9847016481396117	0.9802366080986447	0.9698620936552325	0.9720001970189233	1.0	0.9929935899964993	0.9856898731904139	0.9712403771087522	0.9856975957154649	0.9797745252639153	0.9856557776385567	0.9877997733914189	0.9786598784898236	0.9851718913056893	0.9767532541070505	0.980571923303547	0.9807772410813829	0.9812210257884062	0.9804926659623566	0.9859840097563196	0.9777055000449083	0.977230074609099	0.9814102950701984	0.9847055196605676	0.9780270615321134	0.9814233734812433	0.9657299188629646
0.9682607472737649	0.9742589321485083	0.9694316153933322	0.9742707372439937	0.9778965845358346	0.97242348192194	0.9634776470686872	0.9797003306529648	0.9777604252942261	0.9791225475240498	0.9811696271642125	0.9768271680956642	0.9753550732106159	0.9772389909443833	0.9769991251824995	0.9822003108767465	0.9771503282519236	0.9667864316685316	0.9690537390231693	0.9929935899964993	1.0	0.9824631891762022	0.9683703458787905	0.9816558396575623	0.9766719802828541	0.9818513241528671	0.9840777658876331	0.9757217043765654	0.9823871589144477	0.9739247672092957	0.9778076209775346	0.9777266591292681	0.9784754905206904	0.9773071841875127	0.9817975987799871	0.9745204770384521	0.9749109693288898	0.9777225733501673	0.9806147108936845	0.97486939623612	0.9773809317568112	0.9636162170475845
0.9717309967655405	0.9806956938030897	0.9733960851384595	0.9785281887922375	0.9803437437077589	0.9777171853704738	0.9693750430413645	0.9830232228223909	0.979962555813148	0.9843555498346633	0.9852061506930927	0.9833891517046498	0.9773334842067164	0.9790727104664289	0.978695603614359	0.9804763124634732	0.9803029850810009	0.9792356356761154	0.9783497731632201	0.9856898731904139	0.9824631891762022	1.0	0.9793701541557813	0.9856504157743495	0.9791088814803786	0.9853662751434051	0.9870596832658622	0.9785706747257715	0.9852884890000766	0.9792142451576213	0.9819673449667257	0.9831225023238226	0.9827037009528583	0.9803629524246816	0.9856733482063338	0.9786883344032883	0.9773506308274483	0.9839410769608068	0.9848845485459602	0.9790425057136533	0.9807199492989328	0.9670064126442653
0.9560393286246025	0.9788793989064689	0.9632674104864671	0.9712816181472981	0.968242780459924	0.9773672619367909	0.9781401588025899	0.9736870004845823	0.9611746776450637	0.975217302342127	0.9725889492978392	0.9837584845296534	0.9616625206899838	0.9672269570436943	0.9648322401138115	0.9657462660463118	0.9679039594694427	0.993711251553954	0.9805802546318709	0.9712403771087522	0.9683703458787905	0.9793701541557813	1.0	0.9708853043088431	0.9689027481045119	0.9706004761147852	0.9737800805083063	0.9674814816850024	0.9726367712207103	0.9759937392264437	0.9720487826839443	0.9764181512875946	0.9709802483722579	0.9674241777129547	0.9723359797496334	0.9679709358639085	0.9657553141058995	0.9784860888902025	0.9736662509706576	0.9686853393446785	0.9633597085192172	0.9573627401380234
0.9714373797151435	0.9775042845313071	0.973158301482808	0.9761916546912961	0.9795878272414565	0.9739765262172433	0.9657798187114024	0.982021771706032	0.9809545685022697	0.9826792057274174	0.983719111321405	0.9779984025849872	0.9766987499460079	0.9785094123644968	0.9789186036000519	0.9809263881835582	0.9792802198444022	0.9702053864082114	0.9716041859056829	0.9856975957154649	0.9816558396575623	0.9856504157743495	0.9708853043088431	1.0	0.9792137607891904	0.9951043083612008	0.9862849974357599	0.9765202003480596	0.9845717003401143	0.9792652647405443	0.981732700202268	0.9807304709872479	0.9819258446919137	0.9791619593428756	0.9861198141881309	0.9774700159097359	0.9776665705265943	0.981009271462768	0.9833820882498211	0.9775631568717307	0.9813939278325018	0.9663915378177147
0.9735827209867115	0.975127403709667	0.9714117890156652	0.9783323122674695	0.9809898085913812	0.9772278745428508	0.9690526879595277	0.9775568694041133	0.9752384914095211	0.978392318984961	0.9798555585686834	0.9736028894470737	0.9760539192507511	0.9791447910495604	0.9780734263513062	0.9772538010173255	0.9785834603999491	0.968188721302569	0.965960232823343	0.9797745252639153	0.9766719802828541	0.9791088814803786	0.9689027481045119	0.9792137607891904	1.0	0.9791000036853489	0.9810904506912359	0.9776423147882919	0.9797813765879736	0.9745044670256674	0.9772566663098857	0.9771062005150429	0.9777448731097449	0.978229881408571	0.9796040050374143	0.982258318650471	0.9831353009887086	0.9775620748453702	0.9792842261323199	0.9772376152988771	0.9756153311550131	0.9677119810533642
0.9717473070188773	0.9769095495763142	0.9737856974817432	0.9763285424928652	0.9798795351517718	0.9746606744443016	0.9648896234693114	0.9816110449064356	0.9809022354706503	0.9823282052622462	0.9836215112616215	0.9779783975032112	0.9775272613184551	0.9784931251829918	0.9789341525649693	0.9806065696786702	0.9792025001391883	0.9696046191157829	0.9722646516783866	0.9856557776385567	0.9818513241528671	0.9853662751434051	0.9706004761147852	0.9951043083612008	0.9791000036853489	1.0	0.9861231307314481	0.9760074242479037	0.9843317088603631	0.9780376959382895	0.9806948996636854	0.9808170097106311	0.9812247449887065	0.9793974648999388	0.9860775227658648	0.9774874211712642	0.9773984773811307	0.9805809952309119	0.9834224174886093	0.9775456671245882	0.9814428734959398	0.9660365097259658
0.9726267470608567	0.9788254153811781	0.9736238509451918	0.977863590198003	0.9817877247846368	0.9778718681592709	0.9692613672296669	0.9832480767644993	0.9811759267866476	0.9835533085150174	0.9860468315347153	0.9792781543863641	0.9779047507038268	0.97976826153058	0.979465533266454	0.9821759833548891	0.9812603627077977	0.9725221262762297	0.9737882202890228	0.9877997733914189	0.9840777658876331	0.9870596832658622	0.9737800805083063	0.9862849974357599	0.9810904506912359	0.9861231307314481	1.0	0.9787418282749875	0.9856288431489351	0.9788102438457497	0.9826452686708063	0.9824893318672793	0.9829953607417672	0.9804063459571605	0.9870359183560687	0.979678676290143	0.9794421688557023	0.9833941876325801	0.985452277339806	0.9783522597024967	0.9806485052610253	0.967524919973474
0.9712087200833609	0.9733304041845923	0.9723730051129856	0.9765149833461172	0.978102208898853	0.9745895107256458	0.9662527157715421	0.9757337185369835	0.9744788641589932	0.9782263365599096	0.9788056238998076	0.9725523298709395	0.9790800958479823	0.9816163511415549	0.9807585579112499	0.9757310474463409	0.9825355021793396	0.9653747104838554	0.9674528168518746	0.9786598784898236	0.9757217043765654	0.9785706747257715	0.9674814816850024	0.9765202003480596	0.9776423147882919	0.9760074242479037	0.9787418282749875	1.0	0.9778553841970373	0.9724104350843013	0.9763029565009756	0.9750891119888483	0.978450440404252	0.9818556341817608	0.9788694462761238	0.9766085342361993	0.976302551495938	0.9759870492738772	0.9771949111731301	0.9800923262722104	0.9721614210441505	0.9666148351366608
0.9715190404028424	0.9805811346260529	0.973432534028224	0.9778885363354327	0.9790925521017217	0.9750907318543768	0.9664773966033893	0.9819093486835725	0.9790494186706072	0.9819024584542684	0.9832756793194068	0.9794016959031829	0.9761208054980944	0.9792987349792598	0.9778313250019478	0.9794917181874532	0.9786693129997893	0.9721233393254153	0.9707472306802715	0.9851718913056893	0.9823871589144477	0.9852884890000766	0.9726367712207103	0.9845717003401143	0.9797813765879736	0.9843317088603631	0.9856288431489351	0.9778553841970373	1.0	0.9801533995432149	0.9821008627557977	0.9820623376297697	0.9824216423500507	0.9781862141583979	0.9847530468055523	0.978269971570004	0.9791666624318528	0.9819947197842064	0.9831174977888155	0.9774559120869202	0.9859874681585649	0.9668648581060728
0.9642148141413491	0.9816361566748246	0.9668880497740493	0.9750872258874784	0.9727312295084535	0.9754169536545368	0.9707114762039531	0.9792212647139787	0.9698092046131755	0.9790738034364526	0.9770481516354635	0.978863994353794	0.968927693840207	0.9729021912308083	0.9708653610809523	0.970916931122449	0.9730682679936071	0.9752760108484358	0.9718980689229599	0.9767532541070505	0.9739247672092957	0.9792142451576213	0.9759937392264437	0.9792652647405443	0.9745044670256674	0.9780376959382895	0.9788102438457497	0.9724104350843013	0.9801533995432149	1.0	0.9781933668020647	0.9802080364280261	0.9774346068207781	0.9718748716307558	0.9778508266079659	0.9734295507577723	0.9725738544390817	0.9815042550919911	0.9785162753202346	0.9730245730159968	0.9736979416555653	0.964066168262188
0.9694189464885967	0.9769595334531027	0.9725516482792124	0.9760968669775905	0.977215556761615	0.9728951142459389	0.9657025467062252	0.9792773741412348	0.9767654816772444	0.9796308690518816	0.9807812745164538	0.9771490742222173	0.9739721148264869	0.9766101781061443	0.9755976884038388	0.9775785604583641	0.9763473125379355	0.9710183022397052	0.9698657120353354	0.980571923303547	0.9778076209775346	0.9819673449667257	0.9720487826839443	0.981732700202268	0.9772566663098857	0.9806948996636854	0.9826452686708063	0.9763029565009756	0.9821008627557977	0.9781933668020647	1.0	0.9797499100613889	0.9782703156553725	0.9765342044432788	0.9820924725113745	0.97414462637323	0.9757238766039021	0.9800495651496851	0.9808215131697575	0.9761405777943001	0.9764482925011313	0.9658868867729495
0.967409684391744	0.9822524946926782	0.9701740696432808	0.9788374000050999	0.976470961426955	0.9780335808707777	0.9721333456531508	0.9807164630456953	0.9740453483454679	0.9823093737093281	0.9821457105904032	0.9821609913923262	0.9716430843735286	0.9755100925895482	0.9732931797571556	0.9755095647746724	0.9762993039903667	0.9788007613245627	0.9727584670958817	0.9807772410813829	0.9777266591292681	0.9831225023238226	0.9764181512875946	0.9807304709872479	0.9771062005150429	0.9808170097106311	0.9824893318672793	0.9750891119888483	0.9820623376297697	0.9802080364280261	0.9797499100613889	1.0	0.9798609540303064	0.9756107621150901	0.9845590654179733	0.9780670110501172	0.9765079145316291	0.9946575832022627	0.9831081830364119	0.9763214689706097	0.9756766563675365	0.9660608152954065
0.9706615663813422	0.9779692169235963	0.9716213869828972	0.9760473677850873	0.9777573815683094	0.9733021472772109	0.9651365145492581	0.980485187092413	0.9763358073085123	0.9803280578552579	0.9812128774656094	0.9763767479740553	0.9753368493995569	0.9793191436082083	0.9778885363354327	0.9775004217659743	0.9789278569071563	0.9706482827859547	0.9681110227637162	0.9812210257884062	0.9784754905206904	0.9827037009528583	0.9709802483722579	0.9819258446919137	0.9777448731097449	0.9812247449887065	0.9829953607417672	0.978450440404252	0.9824216423500507	0.9774346068207781	0.9782703156553725	0.9798609540303064	1.0	0.9791506630662422	0.981378496960754	0.9765051010880096	0.9778262934645062	0.9807309644068557	0.9814871270681358	0.9778269874402754	0.9790187429161269	0.9677826297901628
0.9716895789377531	0.97386778631344	0.9746357301089811	0.976488112187943	0.9791360830611736	0.9754917546422016	0.9665310207439195	0.9762809941514664	0.9763191871187765	0.9795741727506199	0.9807399342901858	0.9731657169768181	0.9804403402272895	0.9824156509848857	0.9825860161422317	0.9782156613837895	0.9833864345865567	0.9656882448209696	0.9683416587754522	0.9804926659623566	0.9773071841875127	0.9803629524246816	0.9674241777129547	0.9791619593428756	0.978229881408571	0.9793974648999388	0.9804063459571605	0.9818556341817608	0.9781862141583979	0.9718748716307558	0.9765342044432788	0.9756107621150901	0.9791506630662422	1.0	0.9799912709580604	0.9773113790495607	0.9772536762670837	0.9763823358758472	0.9785750810628195	0.995608765364313	0.9746703645470572	0.9666367734443526
0.9720281083661215	0.9788703561662901	0.97364874250571	0.9783410285466903	0.9810094722096573	0.9766440370023354	0.9683641906111401	0.9830918609451563	0.9806342103879445	0.9830269539803276	0.9869510282309576	0.9799927333510072	0.9781012695929658	0.9792877039388576	0.9797733778162533	0.9817106418346684	0.9803409124476553	0.9719722428119199	0.9732619661420306	0.9859840097563196	0.9817975987799871	0.9856733482063338	0.9723359797496334	0.9861198141881309	0.9796040050374143	0.9860775227658648	0.9870359183560687	0.9788694462761238	0.9847530468055523	0.9778508266079659	0.9820924725113745	0.9845590654179733	0.981378496960754	0.9799912709580604	1.0	0.9791103355230115	0.9791589070587338	0.9851129357241636	0.9856802453137187	0.9783677406649688	0.9808194733257886	0.9666508927843097
0.9711740928299215	0.9750291126770615	0.9696179059273089	0.9793027749014195	0.9795175169507262	0.979522423601787	0.971940773535278	0.978220410135458	0.9726935841905249	0.9798943708770599	0.9798588633576877	0.9737492145217229	0.9734984518843037	0.9767514469081736	0.9763636731669576	0.9738441011621256	0.9780143463551988	0.9672840418651838	0.9691495432263354	0.9777055000449083	0.9745204770384521	0.9786883344032883	0.9679709358639085	0.9774700159097359	0.982258318650471	0.9774874211712642	0.979678676290143	0.9766085342361993	0.978269971570004	0.9734295507577723	0.97414462637323	0.9780670110501172	0.9765051010880096	0.9773113790495607	0.9791103355230115	1.0	0.9926336363869984	0.9789122358007232	0.9785070345021899	0.9772832389109536	0.9715563905096414	0.9664815837917579
0.972637506370382	0.9738708882111695	0.9706790389249957	0.9773936818600729	0.9797385572304288	0.9757860545908582	0.9680496204495095	0.9766298874579972	0.973536815693427	0.9767822142530085	0.9780859174273852	0.9709459394036407	0.9739183591244144	0.978153100220909	0.9768643261641061	0.9748623637054343	0.9774930651662506	0.9643211768987453	0.9617000432059636	0.977230074609099	0.9749109693288898	0.9773506308274483	0.9657553141058995	0.9776665705265943	0.9831353009887086	0.9773984773811307	0.9794421688557023	0.976302551495938	0.9791666624318528	0.9725738544390817	0.9757238766039021	0.9765079145316291	0.9778262934645062	0.9772536762670837	0.9791589070587338	0.9926336363869984	1.0	0.9768216754230399	0.9777058862306384	0.9761448121524026	0.9750790932355834	0.9677308036801746
0.967146118249554	0.9838874159366119	0.9706003466756484	0.9800539663806411	0.9770837262432089	0.9800693348711068	0.972151636356795	0.9816255020817002	0.9750620718022622	0.9838705199046235	0.9835694889063192	0.9834661758020498	0.9722331228947844	0.9764619681597365	0.9743616694548127	0.9760470477071073	0.9775079226389466	0.9783589218045479	0.9750822740655672	0.9814102950701984	0.9777225733501673	0.9839410769608068	0.9784860888902025	0.981009271462768	0.9775620748453702	0.9805809952309119	0.9833941876325801	0.9759870492738772	0.9819947197842064	0.9815042550919911	0.9800495651496851	0.9946575832022627	0.9807309644068557	0.9763823358758472	0.9851129357241636	0.9789122358007232	0.9768216754230399	1.0	0.9838735412088552	0.9772987190828392	0.9757467544114024	0.9652129084362261
0.9697935225864637	0.9793678368912274	0.9725364943044321	0.978149831893539	0.9796789943013318	0.9778703916706598	0.9701988629437054	0.9835293891339483	0.9785263973628018	0.9845207313495496	0.9841773433430829	0.9805815170561046	0.9763190024483023	0.977510726598221	0.9778722300396501	0.979633340752282	0.9789211390681912	0.972361715655221	0.9733301165830976	0.9847055196605676	0.9806147108936845	0.9848845485459602	0.9736662509706576	0.9833820882498211	0.9792842261323199	0.9834224174886093	0.985452277339806	0.9771949111731301	0.9831174977888155	0.9785162753202346	0.9808215131697575	0.9831081830364119	0.9814871270681358	0.9785750810628195	0.9856802453137187	0.9785070345021899	0.9777058862306384	0.9838735412088552	1.0	0.9780852573684321	0.9789009867259766	0.9663656479943745
0.9694739154231454	0.9742003928101967	0.9734652907551198	0.9761243883422364	0.9768946989639982	0.9758915095485836	0.9665018337089061	0.9771443374464505	0.9744771810753758	0.9799882955943489	0.9788854474443682	0.9736364099811995	0.9778976127095099	0.980628908785011	0.9803811522837272	0.9752622158029356	0.9814188360892192	0.966705013449575	0.968399488279843	0.9780270615321134	0.97486939623612	0.9790425057136533	0.9686853393446785	0.9775631568717307	0.9772376152988771	0.9775456671245882	0.9783522597024967	0.9800923262722104	0.9774559120869202	0.9730245730159968	0.9761405777943001	0.9763214689706097	0.9778269874402754	0.995608765364313	0.9783677406649688	0.9772832389109536	0.9761448121524026	0.9772987190828392	0.9780852573684321	1.0	0.9728278941013215	0.9662259030275318
0.9688026097339119	0.9732626184833703	0.969431102464051	0.9713945878883208	0.975281387940676	0.9664521243075899	0.9578570419549043	0.977244224286857	0.9769589958128715	0.9752460890639367	0.9786179993796253	0.9688775986720242	0.973294991995341	0.9750834475096445	0.9746315815641112	0.976566539636568	0.974666953432445	0.9631892150687691	0.9629324349495438	0.9814233734812433	0.9773809317568112	0.9807199492989328	0.9633597085192172	0.9813939278325018	0.9756153311550131	0.9814428734959398	0.9806485052610253	0.9721614210441505	0.9859874681585649	0.9736979416555653	0.9764482925011313	0.9756766563675365	0.9790187429161269	0.9746703645470572	0.9808194733257886	0.9715563905096414	0.9750790932355834	0.9757467544114024	0.9789009867259766	0.9728278941013215	1.0	0.9624848985845564
0.963590410767232	0.963854355306744	0.9631467298132342	0.9675079152295852	0.9686564235626616	0.9640613910751902	0.9566787574858683	0.9645977561308423	0.9626199846601415	0.9657496155246977	0.9666033690081836	0.9616987754723219	0.964696084083657	0.9667159095429438	0.965346400839872	0.9631741967597958	0.9669125001499398	0.9550377459945377	0.9552674749329582	0.9657299188629646	0.9636162170475845	0.9670064126442653	0.9573627401380234	0.9663915378177147	0.9677119810533642	0.9660365097259658	0.967524919973474	0.9666148351366608	0.9668648581060728	0.964066168262188	0.9658868867729495	0.9660608152954065	0.9677826297901628	0.9666367734443526	0.9666508927843097	0.9664815837917579	0.9677308036801746	0.9652129084362261	0.9663656479943745	0.9662259030275318	0.9624848985845564	1.0
