/home/jshaw/scratch/2022_sketched_distance/references/SGB_genome_fastas_part4/5193/CosteaPI_2017__SID713A037-11-0-0__bin.65.fa	/home/jshaw/scratch/2022_sketched_distance/references/SGB_genome_fastas_part4/5193/FengQ_2015__SID531128__bin.57.fa	/home/jshaw/scratch/2022_sketched_distance/references/SGB_genome_fastas_part4/5193/FengQ_2015__SID532749__bin.5.fa	/home/jshaw/scratch/2022_sketched_distance/references/SGB_genome_fastas_part4/5193/GeversD_2014__SKBSTL059__bin.9.fa	/home/jshaw/scratch/2022_sketched_distance/references/SGB_genome_fastas_part4/5193/GeversD_2014__SKBSTL068__bin.18.fa	/home/jshaw/scratch/2022_sketched_distance/references/SGB_genome_fastas_part4/5193/HeQ_2017__RSZAXPI003080-114__bin.32.fa	/home/jshaw/scratch/2022_sketched_distance/references/SGB_genome_fastas_part4/5193/HeQ_2017__RSZAXPI003101-139__bin.39.fa	/home/jshaw/scratch/2022_sketched_distance/references/SGB_genome_fastas_part4/5193/HeQ_2017__RSZAXPI003105-143__bin.24.fa	/home/jshaw/scratch/2022_sketched_distance/references/SGB_genome_fastas_part4/5193/HeQ_2017__SZAXPI029486-84__bin.31.fa	/home/jshaw/scratch/2022_sketched_distance/references/SGB_genome_fastas_part4/5193/HMP_2012__SRS015264__bin.41.fa	/home/jshaw/scratch/2022_sketched_distance/references/SGB_genome_fastas_part4/5193/LeChatelierE_2013__MH0166__bin.17.fa	/home/jshaw/scratch/2022_sketched_distance/references/SGB_genome_fastas_part4/5193/LeChatelierE_2013__MH0203__bin.97.fa	/home/jshaw/scratch/2022_sketched_distance/references/SGB_genome_fastas_part4/5193/LeChatelierE_2013__MH0251__bin.60.fa	/home/jshaw/scratch/2022_sketched_distance/references/SGB_genome_fastas_part4/5193/LiJ_2014__MH0382__bin.18.fa	/home/jshaw/scratch/2022_sketched_distance/references/SGB_genome_fastas_part4/5193/LiJ_2014__V1.CD46-0__bin.5.fa	/home/jshaw/scratch/2022_sketched_distance/references/SGB_genome_fastas_part4/5193/LiJ_2014__V1.FI10__bin.12.fa	/home/jshaw/scratch/2022_sketched_distance/references/SGB_genome_fastas_part4/5193/LiSS_2016__FAT_024-22-84-0__bin.30.fa	/home/jshaw/scratch/2022_sketched_distance/references/SGB_genome_fastas_part4/5193/LoombaR_2017__SID5450_zsn__bin.39.fa	/home/jshaw/scratch/2022_sketched_distance/references/SGB_genome_fastas_part4/5193/LoombaR_2017__SID5639_uuc__bin.25.fa	/home/jshaw/scratch/2022_sketched_distance/references/SGB_genome_fastas_part4/5193/NielsenHB_2014__O2_UC48_0__bin.20.fa	/home/jshaw/scratch/2022_sketched_distance/references/SGB_genome_fastas_part4/5193/NielsenHB_2014__V1_UC35_4__bin.19.fa	/home/jshaw/scratch/2022_sketched_distance/references/SGB_genome_fastas_part4/5193/NielsenHB_2014__V1_UC55_0__bin.53.fa	/home/jshaw/scratch/2022_sketched_distance/references/SGB_genome_fastas_part4/5193/NielsenHB_2014__V1_UC55_4__bin.39.fa	/home/jshaw/scratch/2022_sketched_distance/references/SGB_genome_fastas_part4/5193/Obregon-TitoAJ_2015__NO21__bin.46.fa	/home/jshaw/scratch/2022_sketched_distance/references/SGB_genome_fastas_part4/5193/QinJ_2012__DLM023__bin.11.fa	/home/jshaw/scratch/2022_sketched_distance/references/SGB_genome_fastas_part4/5193/QinN_2014__LV-22__bin.2.fa	/home/jshaw/scratch/2022_sketched_distance/references/SGB_genome_fastas_part4/5193/VincentC_2016__MM098.1__bin.15.fa	/home/jshaw/scratch/2022_sketched_distance/references/SGB_genome_fastas_part4/5193/VogtmannE_2016__MMRS41266697ST-27-0-0__bin.40.fa	/home/jshaw/scratch/2022_sketched_distance/references/SGB_genome_fastas_part4/5193/VogtmannE_2016__MMRS47685461ST-27-0-0__bin.39.fa	/home/jshaw/scratch/2022_sketched_distance/references/SGB_genome_fastas_part4/5193/VogtmannE_2016__MMRS62376181ST-27-0-0__bin.26.fa	/home/jshaw/scratch/2022_sketched_distance/references/SGB_genome_fastas_part4/5193/VogtmannE_2016__MMRS72980899ST-27-0-0__bin.53.fa	/home/jshaw/scratch/2022_sketched_distance/references/SGB_genome_fastas_part4/5193/VogtmannE_2016__MMRS85438660ST-27-0-0__bin.15.fa	/home/jshaw/scratch/2022_sketched_distance/references/SGB_genome_fastas_part4/5193/WenC_2017__N019__bin.26.fa	/home/jshaw/scratch/2022_sketched_distance/references/SGB_genome_fastas_part4/5193/XieH_2016__YSZC12003_36694__bin.65.fa	/home/jshaw/scratch/2022_sketched_distance/references/SGB_genome_fastas_part4/5193/XieH_2016__YSZC12003_36697__bin.49.fa	/home/jshaw/scratch/2022_sketched_distance/references/SGB_genome_fastas_part4/5193/XieH_2016__YSZC12003_37179__bin.9.fa	/home/jshaw/scratch/2022_sketched_distance/references/SGB_genome_fastas_part4/5193/XieH_2016__YSZC12003_37283__bin.52.fa	/home/jshaw/scratch/2022_sketched_distance/references/SGB_genome_fastas_part4/5193/XieH_2016__YSZC12003_37284__bin.11.fa	/home/jshaw/scratch/2022_sketched_distance/references/SGB_genome_fastas_part4/5193/YuJ_2015__SZAXPI015254-45__bin.34.fa	/home/jshaw/scratch/2022_sketched_distance/references/SGB_genome_fastas_part4/5193/YuJ_2015__SZAXPI017589-133__bin.23.fa	/home/jshaw/scratch/2022_sketched_distance/references/SGB_genome_fastas_part4/5193/ZellerG_2014__CCIS12656533ST-4-0__bin.24.fa	/home/jshaw/scratch/2022_sketched_distance/references/SGB_genome_fastas_part4/5193/ZellerG_2014__CCIS41288781ST-4-0__bin.26.fa	/home/jshaw/scratch/2022_sketched_distance/references/SGB_genome_fastas_part4/5193/ZellerG_2014__CCIS82146115ST-4-0__bin.24.fa	/home/jshaw/scratch/2022_sketched_distance/references/SGB_genome_fastas_part4/5193/ZellerG_2014__CCMD26709089ST-21-0__bin.20.fa
1.0	0.9834447607402267	0.9826770840595397	0.9822679429952822	0.9818315585670776	0.9792033391872131	0.9786331624468055	0.9798727356749058	0.9830878778051501	0.9853397144814084	0.9824690684037175	0.9829924131117093	0.9768793795191487	0.9837335644321935	0.9818357055465892	0.9869814521978707	0.9830941438576253	0.9776372143862505	0.980450458192468	0.9824540554671749	0.9753776597503894	0.9814893090547427	0.9814575953032819	0.9806872892015058	0.9825767875506785	0.9722075995827769	0.9848662166613238	0.9764590945815911	0.9837186030680687	0.9745398240744305	0.9790128140430179	0.9831613254378943	0.9842300776549073	0.9840257331201555	0.9825914175370165	0.9847784605965964	0.9832138039168218	0.9821098413070289	0.9752470014511114	0.9779141100733332	0.9834091947132315	0.980177662486477	0.9802330773168452	0.9765308480688494
0.9834447607402267	1.0	0.9760378129580846	0.9751404754652964	0.9766668452377688	0.9744702502769816	0.9780419020486184	0.9720094641340311	0.981850210039618	0.9824171756211135	0.9755576220615657	0.98190463181449	0.9695621144626513	0.9784755211584066	0.97779616935382	0.9812455194968286	0.9769956392607082	0.9725780004509136	0.9781945496650272	0.9813839338568923	0.9744887898891046	0.981822965179456	0.98146670222092	0.9738444226596927	0.9764205079364681	0.9730939938389608	0.9773763765573104	0.9737639998848848	0.9764258289192113	0.9738685371793169	0.9729575974413618	0.9797120679686234	0.9772859370221434	0.9806859283492527	0.9758504666022206	0.9764159484977957	0.9817684073217254	0.9768980209673264	0.9759895189988814	0.972047122198663	0.9799726927772066	0.9823635999321041	0.976249213017711	0.9737639998848848
0.9826770840595397	0.9760378129580846	1.0	0.9674220296900043	0.9760885557719133	0.9748483274721859	0.9752670154885666	0.9494073302041575	0.9814957944655169	0.9799565454322178	0.9614053585098079	0.9789505328079813	0.9617094445717886	0.9699691193718627	0.977332078662786	0.9801361731802292	0.9760885557719133	0.967155905520539	0.9772832389109536	0.9804481648503564	0.9702131226494485	0.9804481648503564	0.9804481648503564	0.9663440900836193	0.9709342791603327	0.9699691193718627	0.9617884870608383	0.9716978147176625	0.9805367609561969	0.9711711368540751	0.949290666591829	0.9782463915479999	0.9758851079164556	0.9787175037741931	0.9790432804380846	0.9475762240721645	0.9802256180448169	0.9650866595654665	0.9731174226738046	0.9419311703413437	0.9794574138039154	0.9802702488229714	0.9735040235791016	0.9721016127973534
0.9822679429952822	0.9751404754652964	0.9674220296900043	1.0	0.9817953291679028	0.9737010840358096	0.9777144893293791	0.9761606854857716	0.9820741629594603	0.9819629143206577	0.9730466297223963	0.9807424754348218	0.9695117109315591	0.9749513118400273	0.9824331322152855	0.9804520035242372	0.9753804170516108	0.9714641628489039	0.9781869913845082	0.9809442809135163	0.974586325344332	0.9813441936270799	0.9812873617488732	0.9730180327175558	0.9739087077587303	0.9732674377766836	0.980731741213153	0.9734849852924201	0.9758201369925208	0.9750717212621454	0.9756581016755139	0.9797441515919878	0.9746476453387442	0.9800113966243436	0.9715044830294148	0.9829917609614619	0.9812019283554535	0.9738895886341395	0.9769439398393382	0.9778116945140113	0.9791423249733252	0.9811734008952206	0.9759543812646816	0.9738800736894861
0.9818315585670776	0.9766668452377688	0.9760885557719133	0.9817953291679028	1.0	0.9778885363354327	0.9781390356529761	0.9753504027778662	0.9810547541803443	0.9812821845887123	0.9771477979177944	0.980825730984055	0.9742867256078035	0.9798354394639901	0.9818315585670776	0.9799981792006078	0.979010748077829	0.9744992366310007	0.9794168281319027	0.9798932458196502	0.975271505910462	0.9801288736918968	0.9802330541510309	0.9776071045581898	0.9787181526667488	0.9730796313141503	0.9800803817881791	0.9740391078727841	0.9780572810334822	0.9745984361484625	0.9757051826137674	0.9796788423883578	0.9786750561895133	0.9787729109385801	0.9785121277383684	0.9806240191508925	0.9804920613191392	0.9791193713585518	0.9766353620426619	0.9755280751273298	0.9787567247228648	0.9809277171629835	0.9762016227331616	0.9742878244402249
0.9792033391872131	0.9744702502769816	0.9748483274721859	0.9737010840358096	0.9778885363354327	1.0	0.9985989458861461	0.9689861464695497	0.9791733565357961	0.9779508798281038	0.9747612060155527	0.9790531497362787	0.9704071650715274	0.9751181702340382	0.9784146943944033	0.9777321539172837	0.9744874133046565	0.9841802263892152	0.9753253413991867	0.979113308478203	0.9736631767436236	0.9794124501539613	0.9793528407239135	0.9711518143838892	0.9730669733015991	0.9729446808699228	0.9751157211132971	0.9726160913527891	0.9738403421709381	0.9738403421709381	0.9728550350145025	0.9777321539172837	0.9753365210249542	0.9778260733763747	0.9771641101211659	0.9775464298912881	0.979322995142348	0.9744623888188775	0.9749860000908974	0.974351725924899	0.977982006919551	0.9787506811316106	0.9732699745443052	0.9729809861346433
0.9786331624468055	0.9780419020486184	0.9752670154885666	0.9777144893293791	0.9781390356529761	0.9985989458861461	1.0	0.9742990855713659	0.9772048157852713	0.9771067067054726	0.9782009134374665	0.9777734393435497	0.9738484823102236	0.978662639337776	0.9777068189322167	0.9763863403410065	0.9775606799196281	0.9882019632438784	0.975194475075707	0.9769955578498888	0.9716018050450114	0.9773349225916708	0.9772308787519165	0.9751766482350251	0.9772521677956318	0.9715520775235236	0.9795274829494112	0.9731034863668757	0.9769682301983473	0.9724396784263817	0.9754216690952229	0.9784020696635785	0.9781199042258519	0.9783060747469549	0.9772970276758816	0.977914704079408	0.9770741872144195	0.977514739223603	0.9737126020944843	0.974748592711027	0.978304165033127	0.9776193416761861	0.9753013939885153	0.9736014153889795
0.9798727356749058	0.9720094641340311	0.9494073302041575	0.9761606854857716	0.9753504027778662	0.9689861464695497	0.9742990855713659	1.0	0.978959639757244	0.9800276173955782	0.9684907804710574	0.9783146951660537	0.9635443592035404	0.9703295964249511	0.9752789798999221	0.9780859174273852	0.969159334784578	0.9640498675382863	0.9758460178921697	0.9778555229791821	0.9724415100796302	0.9783146951660537	0.9780202564264401	0.969432172030022	0.971099946354345	0.9704294829627997	0.979564635522735	0.9698006466683082	0.9718111589477548	0.9722458392960651	0.9742622193992313	0.9759862460326825	0.9700492776964998	0.9777562818091449	0.9615559720665484	0.9839190526940662	0.978959639757244	0.9680320557408011	0.9741143347581651	0.9771380307685377	0.974955620606346	0.9794979950784196	0.9754572437614356	0.9709238956124443
0.9830878778051501	0.981850210039618	0.9814957944655169	0.9820741629594603	0.9810547541803443	0.9791733565357961	0.9772048157852713	0.978959639757244	1.0	0.9842768614529838	0.9807897994283781	0.9810561466775065	0.9750609639391841	0.9821960779190617	0.9807557499536	0.9808275092331639	0.9814395923269081	0.9758595582932512	0.9801301675833228	0.9808624446940065	0.9754057152564674	0.980504706531274	0.9805510168338603	0.9806505262910449	0.9836802475532231	0.9720015174167964	0.9850237401301978	0.9756218326336922	0.9828845197545766	0.9744276563931419	0.9775346579139035	0.9826682062098743	0.983033625171094	0.9839792587106947	0.9826289956130646	0.9832593889465648	0.9817980772775818	0.980903938820783	0.9759357041287093	0.9769279153732753	0.9824198190643538	0.9816656012489399	0.9798648512298866	0.9750393256364684
0.9853397144814084	0.9824171756211135	0.9799565454322178	0.9819629143206577	0.9812821845887123	0.9779508798281038	0.9771067067054726	0.9800276173955782	0.9842768614529838	1.0	0.980404623677331	0.982312873781802	0.9761477236056155	0.9826286088991075	0.9810101032891297	0.9830687229529279	0.9832052280551341	0.9755920094137503	0.9821697126853766	0.9816540980290657	0.9760718870854141	0.9819737833967087	0.9821776587923046	0.9814139983663139	0.9825767875506785	0.9740387444165407	0.9840993985219998	0.975893309596214	0.9827257378307763	0.9761158619878896	0.9787567834878277	0.9829156935397486	0.9837622661584858	0.9833453211671296	0.9817535975543058	0.9837006361312975	0.9822227925296255	0.9819871336645444	0.9778627753082824	0.97821944027121	0.982819161700462	0.9837645285716005	0.98015452037014	0.9760122020158261
0.9824690684037175	0.9755576220615657	0.9614053585098079	0.9730466297223963	0.9771477979177944	0.9747612060155527	0.9782009134374665	0.9684907804710574	0.9807897994283781	0.980404623677331	1.0	0.9807897994283781	0.9660223741756239	0.9734088773179836	0.9776259157050174	0.9803076162670904	0.9749907516484132	0.9672075476766443	0.9782009134374665	0.9810282498894893	0.9722475968242403	0.9808853883903866	0.9808853883903866	0.9680686817564159	0.9728639774812146	0.9706533006307089	0.9699929228803194	0.9729249759314897	0.9770942379510773	0.9742971913156034	0.9612306523679688	0.9795210092721234	0.9744138178786984	0.980404623677331	0.9674971545286207	0.9594547503232961	0.9817333445975711	0.9651039627759779	0.9761699742430281	0.9580080119063957	0.9801127331666557	0.9818262194897204	0.9777837418827939	0.9743555569461684
0.9829924131117093	0.98190463181449	0.9789505328079813	0.9807424754348218	0.980825730984055	0.9790531497362787	0.9777734393435497	0.9783146951660537	0.9810561466775065	0.982312873781802	0.9807897994283781	1.0	0.9757756329846116	0.9832182226949817	0.9804221040957136	0.9800382815156707	0.9816437740052687	0.9765003038697342	0.9789452617895089	0.9804403402272895	0.9746682847884337	0.9801079442578322	0.980200597451407	0.9797555764254801	0.9822720629890408	0.9714126123927025	0.98432491083829	0.9756823569758246	0.9812609488562051	0.9734582551598883	0.9789702815483672	0.982816922853159	0.9813473132338962	0.982407428134422	0.9810517871637444	0.9825407983430623	0.9819109121870929	0.9821913916170025	0.9751307434482639	0.9777089561312287	0.9815288960154777	0.9815819549611453	0.9804676213190129	0.9756030158445927
0.9768793795191487	0.9695621144626513	0.9617094445717886	0.9695117109315591	0.9742867256078035	0.9704071650715274	0.9738484823102236	0.9635443592035404	0.9750609639391841	0.9761477236056155	0.9660223741756239	0.9757756329846116	1.0	0.9665002826173726	0.9738043308552455	0.9752305401692815	0.9684346542174723	0.963178034718825	0.9716583520764165	0.975608883223798	0.9767988917618718	0.9756506508848252	0.9757340256259674	0.9625048572548108	0.9678026670563299	0.9760654037979751	0.9651815061201194	0.9785252543493629	0.9711828323672443	0.9779858116527983	0.9688701695387265	0.9741995488585493	0.9682778138990042	0.9740244900866432	0.9643787347460689	0.9651297884119977	0.9760654037979751	0.9619523525161249	0.9800920512283685	0.9682156558609708	0.9738925737958036	0.9758171871867473	0.971563805118345	0.977516219533227
0.9837335644321935	0.9784755211584066	0.9699691193718627	0.9749513118400273	0.9798354394639901	0.9751181702340382	0.978662639337776	0.9703295964249511	0.9821960779190617	0.9826286088991075	0.9734088773179836	0.9832182226949817	0.9665002826173726	1.0	0.9797633609099473	0.9819945046420633	0.9758586130072844	0.9682891123507738	0.9794734451754037	0.9818255734826412	0.9746572320854268	0.9821290246391502	0.9821290246391502	0.9691189778878703	0.9740179508518821	0.9738453287165645	0.9713276117128566	0.9744879836229171	0.976899239271509	0.9754904991921648	0.9663330997347997	0.9805476110129059	0.9750765358754521	0.9815192823572142	0.971451591875593	0.9712623210497713	0.9824629262181928	0.9707477012732668	0.9770956015622723	0.9670932102320843	0.9808630938560068	0.9836375528848462	0.9789967710427991	0.9739748812917135
0.9818357055465892	0.97779616935382	0.977332078662786	0.9824331322152855	0.9818315585670776	0.9784146943944033	0.9777068189322167	0.9752789798999221	0.9807557499536	0.9810101032891297	0.9776259157050174	0.9804221040957136	0.9738043308552455	0.9797633609099473	1.0	0.9799544361079687	0.9787258463273865	0.9744992366310007	0.9782351711345125	0.9802410277795561	0.9739676815994361	0.9804221040957136	0.9803446227916932	0.9759929930500744	0.9778184392824005	0.9725206527936715	0.9797866676321073	0.9744185096884656	0.9786636400087916	0.9747138376036738	0.9750877481391544	0.9802722612636647	0.9787720508203546	0.9795008958900825	0.9790612505067726	0.9801877915944361	0.9813629066882779	0.9786689039519515	0.9757721600801911	0.9749732159932591	0.980586483357049	0.980730205446563	0.9749956928034713	0.9746523084461863
0.9869814521978707	0.9812455194968286	0.9801361731802292	0.9804520035242372	0.9799981792006078	0.9777321539172837	0.9763863403410065	0.9780859174273852	0.9808275092331639	0.9830687229529279	0.9803076162670904	0.9800382815156707	0.9752305401692815	0.9819945046420633	0.9799544361079687	1.0	0.9808788731001071	0.9760114610756409	0.9791244859350728	0.981117739996224	0.9739723961308276	0.9801237106108408	0.9805585172473482	0.9795279546937002	0.9806722381357621	0.9703790042112984	0.9824758290357284	0.9747935308766983	0.9817838449031258	0.9725484174813643	0.9771768940144636	0.9817614380561159	0.9824330455835909	0.9818414535082882	0.9807747415639044	0.982721929040712	0.981411501995923	0.9803054699917422	0.9736193736201916	0.9770331425191245	0.9818370949751191	0.979329821339299	0.9783489571353081	0.9747386729451384
0.9830941438576253	0.9769956392607082	0.9760885557719133	0.9753804170516108	0.979010748077829	0.9744874133046565	0.9775606799196281	0.969159334784578	0.9814395923269081	0.9832052280551341	0.9749907516484132	0.9816437740052687	0.9684346542174723	0.9758586130072844	0.9787258463273865	0.9808788731001071	1.0	0.9709368732934877	0.9786940364622981	0.9818177784794837	0.9737549031731371	0.9820483546391694	0.9820770627899463	0.9734338584637573	0.9750745475521204	0.9715716619513939	0.9764091599468413	0.9743422271985924	0.9778558987069873	0.9744511775733845	0.9705124115262824	0.9797893372114069	0.9770825681067368	0.980549796463094	0.9771641101211659	0.9747872900739379	0.981701878361665	0.9768500938609594	0.9756610736358983	0.970155651894326	0.9804293060500922	0.981381019882889	0.9754156318872943	0.9736807348926034
0.9776372143862505	0.9725780004509136	0.967155905520539	0.9714641628489039	0.9744992366310007	0.9841802263892152	0.9882019632438784	0.9640498675382863	0.9758595582932512	0.9755920094137503	0.9672075476766443	0.9765003038697342	0.963178034718825	0.9682891123507738	0.9744992366310007	0.9760114610756409	0.9709368732934877	1.0	0.9736548370068334	0.977238321485224	0.9714641628489039	0.9773475956995759	0.9773475956995759	0.9641986125937672	0.9672327699160546	0.9706252735262784	0.9676857720262637	0.9704908066460318	0.971767829111644	0.9720686750252598	0.9649199023311749	0.9754766683575467	0.9694872523343472	0.9747758939142758	0.9690913859406513	0.9683063317597547	0.9766492517222783	0.9675883167372175	0.9740998790651976	0.9638671923901866	0.9743799441343732	0.977745161184321	0.9725780004509136	0.9718540705423662
0.980450458192468	0.9781945496650272	0.9772832389109536	0.9781869913845082	0.9794168281319027	0.9753253413991867	0.975194475075707	0.9758460178921697	0.9801301675833228	0.9821697126853766	0.9782009134374665	0.9789452617895089	0.9716583520764165	0.9794734451754037	0.9782351711345125	0.9791244859350728	0.9786940364622981	0.9736548370068334	1.0	0.9786357114041804	0.9731126347571992	0.9791244859350728	0.9792009960125008	0.9780084100385137	0.9801537638175353	0.9718601520611819	0.9805160606348754	0.972038756102605	0.9788732303720484	0.9724297653505554	0.9746046871574939	0.9792403899616952	0.9794114168482294	0.9794208058312268	0.9780833440906698	0.9801389604288798	0.9789709255807164	0.9783498344819381	0.974583814414583	0.973776225997378	0.9792307888420507	0.9805239277240235	0.9774215188150949	0.9726169046733507
0.9824540554671749	0.9813839338568923	0.9804481648503564	0.9809442809135163	0.9798932458196502	0.979113308478203	0.9769955578498888	0.9778555229791821	0.9808624446940065	0.9816540980290657	0.9810282498894893	0.9804403402272895	0.975608883223798	0.9818255734826412	0.9802410277795561	0.981117739996224	0.9818177784794837	0.977238321485224	0.9786357114041804	1.0	0.973171266614923	0.999672158424865	0.998736658326989	0.9796419638905436	0.9807364729281063	0.9716941748683369	0.9826114226355651	0.9748556157023275	0.9815096784773503	0.9731435959050204	0.9759395704504437	0.9828663454178614	0.982948499243235	0.9824561840649267	0.9819459027746197	0.9834366011559589	0.9820521187919306	0.9808615525064908	0.9753413968873793	0.9770331425191245	0.9821930302355016	0.9811408501338681	0.9790615303726009	0.9750393256364684
0.9753776597503894	0.9744887898891046	0.9702131226494485	0.974586325344332	0.975271505910462	0.9736631767436236	0.9716018050450114	0.9724415100796302	0.9754057152564674	0.9760718870854141	0.9722475968242403	0.9746682847884337	0.9767988917618718	0.9746572320854268	0.9739676815994361	0.9739723961308276	0.9737549031731371	0.9714641628489039	0.9731126347571992	0.973171266614923	1.0	0.9737370791593408	0.9737075442280166	0.9742945964990639	0.975226879445771	0.9745533338072538	0.9757897220481534	0.9759233343134246	0.9735692181966014	0.9755456308144239	0.9790128140430179	0.9752543328872884	0.9742791264357946	0.9758361567751869	0.9737008122762715	0.9776520764214132	0.9735891349985459	0.9728757548958855	0.9772588721307298	0.9773987831826458	0.9749469515177275	0.9758236688254652	0.9728040901989699	0.9764163055877098
0.9814893090547427	0.981822965179456	0.9804481648503564	0.9813441936270799	0.9801288736918968	0.9794124501539613	0.9773349225916708	0.9783146951660537	0.980504706531274	0.9819737833967087	0.9808853883903866	0.9801079442578322	0.9756506508848252	0.9821290246391502	0.9804221040957136	0.9801237106108408	0.9820483546391694	0.9773475956995759	0.9791244859350728	0.999672158424865	0.9737370791593408	1.0	0.9985395382202396	0.9800191454172885	0.981087525993806	0.970789609188098	0.9829144714357557	0.9752869199714443	0.9817838449031258	0.9732550272580665	0.9763572595853154	0.9831123461363127	0.9831467834970516	0.9827472051938511	0.9821751875314653	0.9840494078125369	0.9822916673310292	0.9811150501270152	0.9743352529849414	0.9777089561312287	0.9824198190643538	0.9801922220112125	0.9795191695496288	0.9753075554644267
0.9814575953032819	0.98146670222092	0.9804481648503564	0.9812873617488732	0.9802330541510309	0.9793528407239135	0.9772308787519165	0.9780202564264401	0.9805510168338603	0.9821776587923046	0.9808853883903866	0.980200597451407	0.9757340256259674	0.9821290246391502	0.9803446227916932	0.9805585172473482	0.9820770627899463	0.9773475956995759	0.9792009960125008	0.998736658326989	0.9737075442280166	0.9985395382202396	1.0	0.979831099129722	0.9811826172573713	0.9710462156569962	0.9828809374531907	0.9753175095331771	0.9817838449031258	0.9734003198210394	0.976264902024086	0.9831613254378943	0.982948499243235	0.9827472051938511	0.9822132460158108	0.9835248492925919	0.9825135898572637	0.9808615525064908	0.9747358666559947	0.97745068414928	0.9821930302355016	0.9805129077451868	0.9795191695496288	0.9750393256364684
0.9806872892015058	0.9738444226596927	0.9663440900836193	0.9730180327175558	0.9776071045581898	0.9711518143838892	0.9751766482350251	0.969432172030022	0.9806505262910449	0.9814139983663139	0.9680686817564159	0.9797555764254801	0.9625048572548108	0.9691189778878703	0.9759929930500744	0.9795279546937002	0.9734338584637573	0.9641986125937672	0.9780084100385137	0.9796419638905436	0.9742945964990639	0.9800191454172885	0.979831099129722	1.0	0.9713482454098937	0.9711025198295742	0.9689612347867715	0.9719785400142689	0.9750458571873228	0.9740252418786144	0.9631655288853986	0.9781278445712169	0.9728314962413803	0.9790678943046475	0.9686903138894173	0.9692765175905363	0.9803177860068322	0.969568826526043	0.9753069151386127	0.9628245559753077	0.9768720590707143	0.9816645795529491	0.9761200370448596	0.973616972950944
0.9825767875506785	0.9764205079364681	0.9709342791603327	0.9739087077587303	0.9787181526667488	0.9730669733015991	0.9772521677956318	0.971099946354345	0.9836802475532231	0.9825767875506785	0.9728639774812146	0.9822720629890408	0.9678026670563299	0.9740179508518821	0.9778184392824005	0.9806722381357621	0.9750745475521204	0.9672327699160546	0.9801537638175353	0.9807364729281063	0.975226879445771	0.981087525993806	0.9811826172573713	0.9713482454098937	1.0	0.9729041369792212	0.9752855357481074	0.9736305484927448	0.9770731702883222	0.975226879445771	0.9704571494454677	0.9784783535776725	0.9747677249364873	0.9806722381357621	0.9719245312417499	0.9735547843411639	0.9813719743896601	0.9744107315559483	0.9775011233486592	0.9684902703078455	0.9784783535776725	0.983296764819338	0.9781674268986249	0.9747291676069928
0.9722075995827769	0.9730939938389608	0.9699691193718627	0.9732674377766836	0.9730796313141503	0.9729446808699228	0.9715520775235236	0.9704294829627997	0.9720015174167964	0.9740387444165407	0.9706533006307089	0.9714126123927025	0.9760654037979751	0.9738453287165645	0.9725206527936715	0.9703790042112984	0.9715716619513939	0.9706252735262784	0.9718601520611819	0.9716941748683369	0.9745533338072538	0.970789609188098	0.9710462156569962	0.9711025198295742	0.9729041369792212	1.0	0.9742530763266395	0.9757427688922489	0.9725703820161605	0.974230425998954	0.9773115163111611	0.9733606243431536	0.973070944095926	0.9735816015103165	0.9710789146562457	0.973254302179175	0.9717360053349993	0.9707477012732668	0.9754501540129834	0.976396617223888	0.9731287255941383	0.9730420135132329	0.9712906208943773	0.976559420819967
0.9848662166613238	0.9773763765573104	0.9617884870608383	0.980731741213153	0.9800803817881791	0.9751157211132971	0.9795274829494112	0.979564635522735	0.9850237401301978	0.9840993985219998	0.9699929228803194	0.98432491083829	0.9651815061201194	0.9713276117128566	0.9797866676321073	0.9824758290357284	0.9764091599468413	0.9676857720262637	0.9805160606348754	0.9826114226355651	0.9757897220481534	0.9829144714357557	0.9828809374531907	0.9689612347867715	0.9752855357481074	0.9742530763266395	1.0	0.9755386060560594	0.9821343681784372	0.9760802612438658	0.9738165293104586	0.9802262544755933	0.9763272463805892	0.9821000254109623	0.9622676870390293	0.9801389604288798	0.9828473691120305	0.9708055320832799	0.977653154684341	0.9746921934253833	0.9811234975801806	0.9832147428548681	0.9780833975745492	0.9752431651823322
0.9764590945815911	0.9737639998848848	0.9716978147176625	0.9734849852924201	0.9740391078727841	0.9726160913527891	0.9731034863668757	0.9698006466683082	0.9756218326336922	0.975893309596214	0.9729249759314897	0.9756823569758246	0.9785252543493629	0.9744879836229171	0.9744185096884656	0.9747935308766983	0.9743422271985924	0.9704908066460318	0.972038756102605	0.9748556157023275	0.9759233343134246	0.9752869199714443	0.9753175095331771	0.9719785400142689	0.9736305484927448	0.9757427688922489	0.9755386060560594	1.0	0.9726427566859674	0.9779308887355197	0.9787995950062116	0.9746882052676318	0.9740932869739723	0.9741343747054952	0.9749125754745694	0.9745561050444342	0.9763704115101192	0.9737316004809212	0.9832804299153124	0.9814938432862966	0.9750730115455775	0.9760730436420492	0.9705151560827734	0.9823325372563718
0.9837186030680687	0.9764258289192113	0.9805367609561969	0.9758201369925208	0.9780572810334822	0.9738403421709381	0.9769682301983473	0.9718111589477548	0.9828845197545766	0.9827257378307763	0.9770942379510773	0.9812609488562051	0.9711828323672443	0.976899239271509	0.9786636400087916	0.9817838449031258	0.9778558987069873	0.971767829111644	0.9788732303720484	0.9815096784773503	0.9735692181966014	0.9817838449031258	0.9817838449031258	0.9750458571873228	0.9770731702883222	0.9725703820161605	0.9821343681784372	0.9726427566859674	1.0	0.9748098581783048	0.972337299352144	0.9789328668726591	0.9769462799191267	0.9799881021223251	0.9779102392200452	0.9779669766327329	0.981674453836827	0.9766093943638223	0.975611389574221	0.9733672178487016	0.9792884152488532	0.981399365392732	0.9761998333466093	0.9734283964930006
0.9745398240744305	0.9738685371793169	0.9711711368540751	0.9750717212621454	0.9745984361484625	0.9738403421709381	0.9724396784263817	0.9722458392960651	0.9744276563931419	0.9761158619878896	0.9742971913156034	0.9734582551598883	0.9779858116527983	0.9754904991921648	0.9747138376036738	0.9725484174813643	0.9744511775733845	0.9720686750252598	0.9724297653505554	0.9731435959050204	0.9755456308144239	0.9732550272580665	0.9734003198210394	0.9740252418786144	0.975226879445771	0.974230425998954	0.9760802612438658	0.9779308887355197	0.9748098581783048	1.0	0.97888504988589	0.9749095393875243	0.9747573907090706	0.9761922510006265	0.9739468093920229	0.9756959280940085	0.9740816328525346	0.9733599428660062	0.9789812860597331	0.9780162048650781	0.9759113661886405	0.9751773797702977	0.9729679726616847	0.9779843595199941
0.9790128140430179	0.9729575974413618	0.949290666591829	0.9756581016755139	0.9757051826137674	0.9728550350145025	0.9754216690952229	0.9742622193992313	0.9775346579139035	0.9787567834878277	0.9612306523679688	0.9789702815483672	0.9688701695387265	0.9663330997347997	0.9750877481391544	0.9771768940144636	0.9705124115262824	0.9649199023311749	0.9746046871574939	0.9759395704504437	0.9790128140430179	0.9763572595853154	0.976264902024086	0.9631655288853986	0.9704571494454677	0.9773115163111611	0.9738165293104586	0.9787995950062116	0.972337299352144	0.97888504988589	1.0	0.9764033402646418	0.9698429517108096	0.9771768940144636	0.9591044722753147	0.9751879478880053	0.9778885363354327	0.9612604377371422	0.9806297936776391	0.9771380307685377	0.9761722815976333	0.9784555193324713	0.9741143347581651	0.9775346579139035
0.9831613254378943	0.9797120679686234	0.9782463915479999	0.9797441515919878	0.9796788423883578	0.9777321539172837	0.9784020696635785	0.9759862460326825	0.9826682062098743	0.9829156935397486	0.9795210092721234	0.982816922853159	0.9741995488585493	0.9805476110129059	0.9802722612636647	0.9817614380561159	0.9797893372114069	0.9754766683575467	0.9792403899616952	0.9828663454178614	0.9752543328872884	0.9831123461363127	0.9831613254378943	0.9781278445712169	0.9784783535776725	0.9733606243431536	0.9802262544755933	0.9746882052676318	0.9789328668726591	0.9749095393875243	0.9764033402646418	1.0	0.9794114168482294	0.9812984561237202	0.9800513655945454	0.9816198030350147	0.9830878290063331	0.9787594963406204	0.9773082912301794	0.9768751740169525	0.9804534176337659	0.982816922853159	0.9774834522307178	0.9753477361929163
0.9842300776549073	0.9772859370221434	0.9758851079164556	0.9746476453387442	0.9786750561895133	0.9753365210249542	0.9781199042258519	0.9700492776964998	0.983033625171094	0.9837622661584858	0.9744138178786984	0.9813473132338962	0.9682778138990042	0.9750765358754521	0.9787720508203546	0.9824330455835909	0.9770825681067368	0.9694872523343472	0.9794114168482294	0.982948499243235	0.9742791264357946	0.9831467834970516	0.982948499243235	0.9728314962413803	0.9747677249364873	0.973070944095926	0.9763272463805892	0.9740932869739723	0.9769462799191267	0.9747573907090706	0.9698429517108096	0.9794114168482294	1.0	0.9807450752609119	0.9769860387395909	0.9755837274315937	0.9821722442602575	0.9747706191485415	0.9758349331313957	0.9688978612415122	0.9809571224933755	0.982346342410194	0.9763953498705793	0.9746109810135859
0.9840257331201555	0.9806859283492527	0.9787175037741931	0.9800113966243436	0.9787729109385801	0.9778260733763747	0.9783060747469549	0.9777562818091449	0.9839792587106947	0.9833453211671296	0.980404623677331	0.982407428134422	0.9740244900866432	0.9815192823572142	0.9795008958900825	0.9818414535082882	0.980549796463094	0.9747758939142758	0.9794208058312268	0.9824561840649267	0.9758361567751869	0.9827472051938511	0.9827472051938511	0.9790678943046475	0.9806722381357621	0.9735816015103165	0.9821000254109623	0.9741343747054952	0.9799881021223251	0.9761922510006265	0.9771768940144636	0.9812984561237202	0.9807450752609119	1.0	0.9805754045485346	0.982857122797327	0.9840489456549952	0.9808615525064908	0.9773803259739334	0.9771903484991612	0.9806395583327286	0.9837693050457693	0.9776770849455214	0.9747129914119705
0.9825914175370165	0.9758504666022206	0.9790432804380846	0.9715044830294148	0.9785121277383684	0.9771641101211659	0.9772970276758816	0.9615559720665484	0.9826289956130646	0.9817535975543058	0.9674971545286207	0.9810517871637444	0.9643787347460689	0.971451591875593	0.9790612505067726	0.9807747415639044	0.9771641101211659	0.9690913859406513	0.9780833440906698	0.9819459027746197	0.9737008122762715	0.9821751875314653	0.9822132460158108	0.9686903138894173	0.9719245312417499	0.9710789146562457	0.9622676870390293	0.9749125754745694	0.9779102392200452	0.9739468093920229	0.9591044722753147	0.9800513655945454	0.9769860387395909	0.9805754045485346	1.0	0.9637010091849191	0.9831875547031519	0.9692672663334879	0.9749125754745694	0.9559390836871616	0.9807349712840868	0.9814435390701971	0.9755719289034168	0.9742395664227141
0.9847784605965964	0.9764159484977957	0.9475762240721645	0.9829917609614619	0.9806240191508925	0.9775464298912881	0.977914704079408	0.9839190526940662	0.9832593889465648	0.9837006361312975	0.9594547503232961	0.9825407983430623	0.9651297884119977	0.9712623210497713	0.9801877915944361	0.982721929040712	0.9747872900739379	0.9683063317597547	0.9801389604288798	0.9834366011559589	0.9776520764214132	0.9840494078125369	0.9835248492925919	0.9692765175905363	0.9735547843411639	0.973254302179175	0.9801389604288798	0.9745561050444342	0.9779669766327329	0.9756959280940085	0.9751879478880053	0.9816198030350147	0.9755837274315937	0.982857122797327	0.9637010091849191	1.0	0.9839190526940662	0.9726448564421445	0.9786901273849481	0.9749596057406716	0.9817596152264402	0.9840927446496572	0.977280805141318	0.9753581579748742
0.9832138039168218	0.9817684073217254	0.9802256180448169	0.9812019283554535	0.9804920613191392	0.979322995142348	0.9770741872144195	0.978959639757244	0.9817980772775818	0.9822227925296255	0.9817333445975711	0.9819109121870929	0.9760654037979751	0.9824629262181928	0.9813629066882779	0.981411501995923	0.981701878361665	0.9766492517222783	0.9789709255807164	0.9820521187919306	0.9735891349985459	0.9822916673310292	0.9825135898572637	0.9803177860068322	0.9813719743896601	0.9717360053349993	0.9828473691120305	0.9763704115101192	0.981674453836827	0.9740816328525346	0.9778885363354327	0.9830878290063331	0.9821722442602575	0.9840489456549952	0.9831875547031519	0.9839190526940662	1.0	0.9819050722696255	0.9758649692743666	0.9788216558912063	0.9824198190643538	0.9820906428499405	0.979331506240574	0.9756617871276694
0.9821098413070289	0.9768980209673264	0.9650866595654665	0.9738895886341395	0.9791193713585518	0.9744623888188775	0.977514739223603	0.9680320557408011	0.980903938820783	0.9819871336645444	0.9651039627759779	0.9821913916170025	0.9619523525161249	0.9707477012732668	0.9786689039519515	0.9803054699917422	0.9768500938609594	0.9675883167372175	0.9783498344819381	0.9808615525064908	0.9728757548958855	0.9811150501270152	0.9808615525064908	0.969568826526043	0.9744107315559483	0.9707477012732668	0.9708055320832799	0.9737316004809212	0.9766093943638223	0.9733599428660062	0.9612604377371422	0.9787594963406204	0.9747706191485415	0.9808615525064908	0.9692672663334879	0.9726448564421445	0.9819050722696255	1.0	0.9748727161869905	0.9569344214778327	0.9793422945932081	0.9819050722696255	0.9762693967481905	0.9730918423175339
0.9752470014511114	0.9759895189988814	0.9731174226738046	0.9769439398393382	0.9766353620426619	0.9749860000908974	0.9737126020944843	0.9741143347581651	0.9759357041287093	0.9778627753082824	0.9761699742430281	0.9751307434482639	0.9800920512283685	0.9770956015622723	0.9757721600801911	0.9736193736201916	0.9756610736358983	0.9740998790651976	0.974583814414583	0.9753413968873793	0.9772588721307298	0.9743352529849414	0.9747358666559947	0.9753069151386127	0.9775011233486592	0.9754501540129834	0.977653154684341	0.9832804299153124	0.975611389574221	0.9789812860597331	0.9806297936776391	0.9773082912301794	0.9758349331313957	0.9773803259739334	0.9749125754745694	0.9786901273849481	0.9758649692743666	0.9748727161869905	1.0	0.9870056455892898	0.976818212982283	0.9757719184821277	0.9747180814220507	0.9834122441333071
0.9779141100733332	0.972047122198663	0.9419311703413437	0.9778116945140113	0.9755280751273298	0.974351725924899	0.974748592711027	0.9771380307685377	0.9769279153732753	0.97821944027121	0.9580080119063957	0.9777089561312287	0.9682156558609708	0.9670932102320843	0.9749732159932591	0.9770331425191245	0.970155651894326	0.9638671923901866	0.973776225997378	0.9770331425191245	0.9773987831826458	0.9777089561312287	0.97745068414928	0.9628245559753077	0.9684902703078455	0.976396617223888	0.9746921934253833	0.9814938432862966	0.9733672178487016	0.9780162048650781	0.9771380307685377	0.9768751740169525	0.9688978612415122	0.9771903484991612	0.9559390836871616	0.9749596057406716	0.9788216558912063	0.9569344214778327	0.9870056455892898	1.0	0.9754178583076052	0.9777603658048212	0.973776225997378	0.9809393389341228
0.9834091947132315	0.9799726927772066	0.9794574138039154	0.9791423249733252	0.9787567247228648	0.977982006919551	0.978304165033127	0.974955620606346	0.9824198190643538	0.982819161700462	0.9801127331666557	0.9815288960154777	0.9738925737958036	0.9808630938560068	0.980586483357049	0.9818370949751191	0.9804293060500922	0.9743799441343732	0.9792307888420507	0.9821930302355016	0.9749469515177275	0.9824198190643538	0.9821930302355016	0.9768720590707143	0.9784783535776725	0.9731287255941383	0.9811234975801806	0.9750730115455775	0.9792884152488532	0.9759113661886405	0.9761722815976333	0.9804534176337659	0.9809571224933755	0.9806395583327286	0.9807349712840868	0.9817596152264402	0.9824198190643538	0.9793422945932081	0.976818212982283	0.9754178583076052	1.0	0.9827943449135561	0.9767585362553589	0.9748204006005758
0.980177662486477	0.9823635999321041	0.9802702488229714	0.9811734008952206	0.9809277171629835	0.9787506811316106	0.9776193416761861	0.9794979950784196	0.9816656012489399	0.9837645285716005	0.9818262194897204	0.9815819549611453	0.9758171871867473	0.9836375528848462	0.980730205446563	0.979329821339299	0.981381019882889	0.977745161184321	0.9805239277240235	0.9811408501338681	0.9758236688254652	0.9801922220112125	0.9805129077451868	0.9816645795529491	0.983296764819338	0.9730420135132329	0.9832147428548681	0.9760730436420492	0.981399365392732	0.9751773797702977	0.9784555193324713	0.982816922853159	0.982346342410194	0.9837693050457693	0.9814435390701971	0.9840927446496572	0.9820906428499405	0.9819050722696255	0.9757719184821277	0.9777603658048212	0.9827943449135561	1.0	0.9819400603335398	0.9761571014966358
