/home/jshaw/scratch/2022_sketched_distance/references/SGB_genome_fastas_part3/5072/Bengtsson-PalmeJ_2015__TRAVELRES58__bin.1.fa	/home/jshaw/scratch/2022_sketched_distance/references/SGB_genome_fastas_part3/5072/BritoIL_2016__M2.33.ST__bin.49.fa	/home/jshaw/scratch/2022_sketched_distance/references/SGB_genome_fastas_part3/5072/BritoIL_2016__W1.27.ST__bin.48.fa	/home/jshaw/scratch/2022_sketched_distance/references/SGB_genome_fastas_part3/5072/BritoIL_2016__W2.53.ST__bin.27.fa	/home/jshaw/scratch/2022_sketched_distance/references/SGB_genome_fastas_part3/5072/BritoIL_2016__W3.21.ST__bin.63.fa	/home/jshaw/scratch/2022_sketched_distance/references/SGB_genome_fastas_part3/5072/BritoIL_2016__WL.13.ST__bin.14.fa	/home/jshaw/scratch/2022_sketched_distance/references/SGB_genome_fastas_part3/5072/BritoIL_2016__WL.2.ST__bin.81.fa	/home/jshaw/scratch/2022_sketched_distance/references/SGB_genome_fastas_part3/5072/BritoIL_2016__WL.30.ST__bin.45.fa	/home/jshaw/scratch/2022_sketched_distance/references/SGB_genome_fastas_part3/5072/BritoIL_2016__WL.36.ST__bin.40.fa	/home/jshaw/scratch/2022_sketched_distance/references/SGB_genome_fastas_part3/5072/BritoIL_2016__WL.8.ST__bin.39.fa	/home/jshaw/scratch/2022_sketched_distance/references/SGB_genome_fastas_part3/5072/ChengpingW_2017__AS101raw__bin.22.fa	/home/jshaw/scratch/2022_sketched_distance/references/SGB_genome_fastas_part3/5072/ChengpingW_2017__AS18raw__bin.2.fa	/home/jshaw/scratch/2022_sketched_distance/references/SGB_genome_fastas_part3/5072/CosteaPI_2017__SID713A029-11-0-0__bin.63.fa	/home/jshaw/scratch/2022_sketched_distance/references/SGB_genome_fastas_part3/5072/HeQ_2017__SZAXPI029588-107__bin.7.fa	/home/jshaw/scratch/2022_sketched_distance/references/SGB_genome_fastas_part3/5072/HeQ_2017__SZAXPI029593-133__bin.43.fa	/home/jshaw/scratch/2022_sketched_distance/references/SGB_genome_fastas_part3/5072/QinJ_2012__CON-010__bin.9.fa	/home/jshaw/scratch/2022_sketched_distance/references/SGB_genome_fastas_part3/5072/QinJ_2012__CON-017__bin.41.fa	/home/jshaw/scratch/2022_sketched_distance/references/SGB_genome_fastas_part3/5072/QinJ_2012__CON-029__bin.31.fa	/home/jshaw/scratch/2022_sketched_distance/references/SGB_genome_fastas_part3/5072/QinJ_2012__CON-077__bin.4.fa	/home/jshaw/scratch/2022_sketched_distance/references/SGB_genome_fastas_part3/5072/QinJ_2012__T2D-003__bin.38.fa	/home/jshaw/scratch/2022_sketched_distance/references/SGB_genome_fastas_part3/5072/QinN_2014__HD-30__bin.8.fa	/home/jshaw/scratch/2022_sketched_distance/references/SGB_genome_fastas_part3/5072/QinN_2014__HD-77__bin.19.fa	/home/jshaw/scratch/2022_sketched_distance/references/SGB_genome_fastas_part3/5072/WenC_2017__N035__bin.74.fa	/home/jshaw/scratch/2022_sketched_distance/references/SGB_genome_fastas_part3/5072/WenC_2017__RA007__bin.39.fa	/home/jshaw/scratch/2022_sketched_distance/references/SGB_genome_fastas_part3/5072/WenC_2017__RA017__bin.25.fa	/home/jshaw/scratch/2022_sketched_distance/references/SGB_genome_fastas_part3/5072/WenC_2017__RA047__bin.66.fa
1.0	0.985736715040844	0.983790131439128	0.9801431139172408	0.9804969857825486	0.9841134507414917	0.983267390027439	0.9745579755151544	0.948364045286574	0.9887816395786216	0.9865743119666497	0.9813480151729402	0.9730939837881518	0.9723005902679329	0.9853639028124365	0.9655767767674087	0.9819931594785407	0.9755417729453484	0.985912992870748	0.9854244831040945	0.9856301587334978	0.9854119497093535	0.9838290774341923	0.981332296188151	0.9845102107068663	0.9825399629662931
0.985736715040844	1.0	0.9833546916186989	0.9800927094834788	0.9799663703931107	0.9835242369932188	0.9826067563270068	0.9742683650973969	0.9537512140616091	0.9871952442623633	0.9861270139996339	0.9805419925684133	0.9754374111481106	0.9737487304832729	0.9853185692465495	0.9676901692790563	0.9807851101432385	0.9758842460171218	0.9862377557640521	0.9847509518114158	0.9849206185933103	0.9855940526665208	0.9830440436960073	0.9816628964142119	0.98454504186402	0.9814733010151505
0.983790131439128	0.9833546916186989	1.0	0.9958352612647815	0.992218260435713	0.9807427240170895	0.9968451922443123	0.9896254929426171	0.9745370533258128	0.9903010980393101	0.986277779650024	0.9781146909885412	0.9872691296447782	0.985936119015083	0.9883443385950609	0.9823777657616755	0.974018446563232	0.9878011111465701	0.986872102030159	0.9835559813049164	0.9842082891236313	0.9860033803426806	0.9838527490976234	0.9802519868130439	0.9856143500383564	0.9790454617482829
0.9801431139172408	0.9800927094834788	0.9958352612647815	1.0	0.9949083004443079	0.9771679258921514	0.995553452762994	0.9921482377855072	0.9772636319844192	0.987669202780375	0.9848404847376414	0.9757027925939696	0.9896449163104329	0.9885253893640805	0.9862428886281633	0.98509268473047	0.9699490921245004	0.9899147599171912	0.9854534426398276	0.9816421367207211	0.9817972474492538	0.9849681633430475	0.9809249909437336	0.9779709668004156	0.9841084502666397	0.9760206406979852
0.9804969857825486	0.9799663703931107	0.992218260435713	0.9949083004443079	1.0	0.9775241078113072	0.9924919525359636	0.9869875091038843	0.9658315590475204	0.986009262475853	0.9842345634980825	0.9752367386699172	0.9854993481512502	0.9843882475775251	0.9844701187260153	0.9797359775465614	0.9709755819509456	0.985924540053719	0.9828225300922876	0.9803020230676176	0.9808004574522448	0.9826303665076558	0.9833331169054977	0.9768839389979503	0.9810961346639877	0.9761826024014719
0.9841134507414917	0.9835242369932188	0.9807427240170895	0.9771679258921514	0.9775241078113072	1.0	0.9798618228592639	0.9706262975654344	0.9481500448104798	0.9860157040015493	0.983539825935122	0.9784920056627171	0.9710302755489955	0.9699185140601649	0.9825193376549701	0.9623347782441762	0.9803313446756581	0.9715480642904234	0.9829646507411929	0.982146658924713	0.9834907454963391	0.9828764466215454	0.9811456756297862	0.9812111437328046	0.9820294404568336	0.9803859676813604
0.983267390027439	0.9826067563270068	0.9968451922443123	0.995553452762994	0.9924919525359636	0.9798618228592639	1.0	0.9892524756406986	0.9742809360175944	0.9898936402742377	0.9858633375517363	0.9776511417242781	0.9871966398668869	0.9859446864677462	0.9877864100047364	0.9822384090411774	0.9734804745317402	0.9873856622790923	0.9865447891291531	0.9832362721439332	0.9839268663061665	0.9858447388588042	0.9831544770666623	0.9796705875064392	0.9851199938356344	0.9786596597306374
0.9745579755151544	0.9742683650973969	0.9896254929426171	0.9921482377855072	0.9869875091038843	0.9706262975654344	0.9892524756406986	1.0	0.9826871850338297	0.9803664263090546	0.9807494291596132	0.9707091000944467	0.9904026952799706	0.9915836907469504	0.9827797107789722	0.989284561276351	0.962247161753732	0.988995784825659	0.9823728520558064	0.9770102349341984	0.977478837368134	0.9814646108993081	0.9748448136158981	0.973981926991201	0.9824682320630038	0.972096262674066
0.948364045286574	0.9537512140616091	0.9745370533258128	0.9772636319844192	0.9658315590475204	0.9481500448104798	0.9742809360175944	0.9826871850338297	1.0	0.9612684831333685	0.9633823180132821	0.9498293046152384	0.9805811494321015	0.9786730555545514	0.9665577522825463	0.9833709754789041	0.937424917603746	0.9757403476507517	0.966804799905107	0.9581303797295622	0.9603541098192908	0.9655966130417931	0.9405512756871819	0.9599359565830615	0.9674982239109643	0.9546071902139824
0.9887816395786216	0.9871952442623633	0.9903010980393101	0.987669202780375	0.986009262475853	0.9860157040015493	0.9898936402742377	0.9803664263090546	0.9612684831333685	1.0	0.9895174378750912	0.9831380365448739	0.9792788173758147	0.9780776348518813	0.9887736218743578	0.9733448323155088	0.9817391868989109	0.9808014127097228	0.988850115464083	0.9870903835195827	0.987826459444557	0.9883067603613365	0.985615849879516	0.9848660441332561	0.987664005270937	0.9840945491093054
0.9865743119666497	0.9861270139996339	0.986277779650024	0.9848404847376414	0.9842345634980825	0.983539825935122	0.9858633375517363	0.9807494291596132	0.9633823180132821	0.9895174378750912	1.0	0.98762949002941	0.9820085670836052	0.9811057293428955	0.9908327108414628	0.9783482019763649	0.9846466939000509	0.9860248201831177	0.9936310164494043	0.9911459076057209	0.9914993125077896	0.9930740324730214	0.9892607864766538	0.9878066676772262	0.9923885917517996	0.9878256678965108
0.9813480151729402	0.9805419925684133	0.9781146909885412	0.9757027925939696	0.9752367386699172	0.9784920056627171	0.9776511417242781	0.9707091000944467	0.9498293046152384	0.9831380365448739	0.98762949002941	1.0	0.9713901308457986	0.9706336005652075	0.9844333110653384	0.9657049357344551	0.9827915835739588	0.9791027002842474	0.990933850129112	0.9873138722176837	0.985137288839751	0.9895574096365698	0.9852179095750024	0.983374046198026	0.9871556798904589	0.9849434101263183
0.9730939837881518	0.9754374111481106	0.9872691296447782	0.9896449163104329	0.9854993481512502	0.9710302755489955	0.9871966398668869	0.9904026952799706	0.9805811494321015	0.9792788173758147	0.9820085670836052	0.9713901308457986	1.0	0.9905447256194735	0.9841800405282594	0.9899717959339465	0.9664391202660476	0.98969315582135	0.9829168773568739	0.9783854411783811	0.9787197064929485	0.9821824936294922	0.9767690151531186	0.9759686621774758	0.9814866327002942	0.9732999930139622
0.9723005902679329	0.9737487304832729	0.985936119015083	0.9885253893640805	0.9843882475775251	0.9699185140601649	0.9859446864677462	0.9915836907469504	0.9786730555545514	0.9780776348518813	0.9811057293428955	0.9706336005652075	0.9905447256194735	1.0	0.9830238454408116	0.988135340421775	0.9632449879528482	0.9889816513505761	0.9821062237330285	0.9780531116342854	0.9783122651032885	0.9814490139185563	0.976677774540416	0.9767363931531668	0.9825281303184535	0.9727629898470699
0.9853639028124365	0.9853185692465495	0.9883443385950609	0.9862428886281633	0.9844701187260153	0.9825193376549701	0.9877864100047364	0.9827797107789722	0.9665577522825463	0.9887736218743578	0.9908327108414628	0.9844333110653384	0.9841800405282594	0.9830238454408116	1.0	0.9796091357471065	0.9821991696258128	0.9859300172267981	0.9911401558546044	0.9887715259048353	0.989121872847049	0.9905575217679983	0.9885075272185719	0.9866470262434625	0.9900203239584742	0.985476475599916
0.9655767767674087	0.9676901692790563	0.9823777657616755	0.98509268473047	0.9797359775465614	0.9623347782441762	0.9822384090411774	0.989284561276351	0.9833709754789041	0.9733448323155088	0.9783482019763649	0.9657049357344551	0.9899717959339465	0.988135340421775	0.9796091357471065	1.0	0.9583223022427929	0.9874829393935082	0.9799165063443196	0.9737878171173422	0.9744872101313564	0.9790619844073163	0.9697739260069019	0.9706727581259935	0.9803434661732363	0.9694786821355446
0.9819931594785407	0.9807851101432385	0.974018446563232	0.9699490921245004	0.9709755819509456	0.9803313446756581	0.9734804745317402	0.962247161753732	0.937424917603746	0.9817391868989109	0.9846466939000509	0.9827915835739588	0.9664391202660476	0.9632449879528482	0.9821991696258128	0.9583223022427929	1.0	0.9712469700907594	0.9856311067491751	0.9873143622179201	0.9844371314654004	0.9855410861656515	0.9868318673803141	0.9823489731547991	0.98442937027512	0.9843978887708037
0.9755417729453484	0.9758842460171218	0.9878011111465701	0.9899147599171912	0.985924540053719	0.9715480642904234	0.9873856622790923	0.988995784825659	0.9757403476507517	0.9808014127097228	0.9860248201831177	0.9791027002842474	0.98969315582135	0.9889816513505761	0.9859300172267981	0.9874829393935082	0.9712469700907594	1.0	0.9896409702302077	0.9835174780187134	0.9818769617300017	0.9873590853117337	0.982716201104151	0.9778800302940437	0.986788930005959	0.9784043118067742
0.985912992870748	0.9862377557640521	0.986872102030159	0.9854534426398276	0.9828225300922876	0.9829646507411929	0.9865447891291531	0.9823728520558064	0.966804799905107	0.988850115464083	0.9936310164494043	0.990933850129112	0.9829168773568739	0.9821062237330285	0.9911401558546044	0.9799165063443196	0.9856311067491751	0.9896409702302077	1.0	0.9923660001696598	0.9904661512927866	0.9953968635756357	0.9894216331505116	0.9871926552995378	0.9940419640249646	0.9882436495362044
0.9854244831040945	0.9847509518114158	0.9835559813049164	0.9816421367207211	0.9803020230676176	0.982146658924713	0.9832362721439332	0.9770102349341984	0.9581303797295622	0.9870903835195827	0.9911459076057209	0.9873138722176837	0.9783854411783811	0.9780531116342854	0.9887715259048353	0.9737878171173422	0.9873143622179201	0.9835174780187134	0.9923660001696598	1.0	0.9889273396868632	0.991740444970461	0.9899141391591617	0.985878069662313	0.9905811892271711	0.9877726284921768
0.9856301587334978	0.9849206185933103	0.9842082891236313	0.9817972474492538	0.9808004574522448	0.9834907454963391	0.9839268663061665	0.977478837368134	0.9603541098192908	0.987826459444557	0.9914993125077896	0.985137288839751	0.9787197064929485	0.9783122651032885	0.989121872847049	0.9744872101313564	0.9844371314654004	0.9818769617300017	0.9904661512927866	0.9889273396868632	1.0	0.9898081407934177	0.9865649513157586	0.985749166220303	0.9897175428947951	0.9860159238909263
0.9854119497093535	0.9855940526665208	0.9860033803426806	0.9849681633430475	0.9826303665076558	0.9828764466215454	0.9858447388588042	0.9814646108993081	0.9655966130417931	0.9883067603613365	0.9930740324730214	0.9895574096365698	0.9821824936294922	0.9814490139185563	0.9905575217679983	0.9790619844073163	0.9855410861656515	0.9873590853117337	0.9953968635756357	0.991740444970461	0.9898081407934177	1.0	0.9893975764095537	0.9875867018477806	0.9932179330376834	0.9884710914845487
0.9838290774341923	0.9830440436960073	0.9838527490976234	0.9809249909437336	0.9833331169054977	0.9811456756297862	0.9831544770666623	0.9748448136158981	0.9405512756871819	0.985615849879516	0.9892607864766538	0.9852179095750024	0.9767690151531186	0.976677774540416	0.9885075272185719	0.9697739260069019	0.9868318673803141	0.982716201104151	0.9894216331505116	0.9899141391591617	0.9865649513157586	0.9893975764095537	1.0	0.9840230759117533	0.9882464025197427	0.9858493815665824
0.981332296188151	0.9816628964142119	0.9802519868130439	0.9779709668004156	0.9768839389979503	0.9812111437328046	0.9796705875064392	0.973981926991201	0.9599359565830615	0.9848660441332561	0.9878066676772262	0.983374046198026	0.9759686621774758	0.9767363931531668	0.9866470262434625	0.9706727581259935	0.9823489731547991	0.9778800302940437	0.9871926552995378	0.985878069662313	0.985749166220303	0.9875867018477806	0.9840230759117533	1.0	0.9863985020301878	0.9855243584408749
0.9845102107068663	0.98454504186402	0.9856143500383564	0.9841084502666397	0.9810961346639877	0.9820294404568336	0.9851199938356344	0.9824682320630038	0.9674982239109643	0.987664005270937	0.9923885917517996	0.9871556798904589	0.9814866327002942	0.9825281303184535	0.9900203239584742	0.9803434661732363	0.98442937027512	0.986788930005959	0.9940419640249646	0.9905811892271711	0.9897175428947951	0.9932179330376834	0.9882464025197427	0.9863985020301878	1.0	0.9870789254230432
0.9825399629662931	0.9814733010151505	0.9790454617482829	0.9760206406979852	0.9761826024014719	0.9803859676813604	0.9786596597306374	0.972096262674066	0.9546071902139824	0.9840945491093054	0.9878256678965108	0.9849434101263183	0.9732999930139622	0.9727629898470699	0.985476475599916	0.9694786821355446	0.9843978887708037	0.9784043118067742	0.9882436495362044	0.9877726284921768	0.9860159238909263	0.9884710914845487	0.9858493815665824	0.9855243584408749	0.9870789254230432	1.0
