/home/jshaw/scratch/2022_sketched_distance/references/SGB_genome_fastas_part4/6289/BritoIL_2016__M1.1.ST__bin.103.fa	/home/jshaw/scratch/2022_sketched_distance/references/SGB_genome_fastas_part4/6289/BritoIL_2016__M1.44.ST__bin.14.fa	/home/jshaw/scratch/2022_sketched_distance/references/SGB_genome_fastas_part4/6289/BritoIL_2016__M1.52.ST__bin.86.fa	/home/jshaw/scratch/2022_sketched_distance/references/SGB_genome_fastas_part4/6289/BritoIL_2016__M2.36.ST__bin.40.fa	/home/jshaw/scratch/2022_sketched_distance/references/SGB_genome_fastas_part4/6289/BritoIL_2016__M2.46.ST__bin.6.fa	/home/jshaw/scratch/2022_sketched_distance/references/SGB_genome_fastas_part4/6289/BritoIL_2016__W1.2.ST__bin.60.fa	/home/jshaw/scratch/2022_sketched_distance/references/SGB_genome_fastas_part4/6289/BritoIL_2016__W2.39.ST__bin.75.fa	/home/jshaw/scratch/2022_sketched_distance/references/SGB_genome_fastas_part4/6289/BritoIL_2016__W2.61.ST__bin.7.fa	/home/jshaw/scratch/2022_sketched_distance/references/SGB_genome_fastas_part4/6289/CM_madagascar__A07_01_1FE__bin.9.fa	/home/jshaw/scratch/2022_sketched_distance/references/SGB_genome_fastas_part4/6289/CosteaPI_2017__SID713A063-11-90-0__bin.85.fa	/home/jshaw/scratch/2022_sketched_distance/references/SGB_genome_fastas_part4/6289/CosteaPI_2017__SID713A084-11-0-0__bin.26.fa	/home/jshaw/scratch/2022_sketched_distance/references/SGB_genome_fastas_part4/6289/CosteaPI_2017__SID713A084-11-90-0__bin.44.fa	/home/jshaw/scratch/2022_sketched_distance/references/SGB_genome_fastas_part4/6289/CosteaPI_2017__SID713B040-11-90-0__bin.4.fa	/home/jshaw/scratch/2022_sketched_distance/references/SGB_genome_fastas_part4/6289/FengQ_2015__SID530867__bin.63.fa	/home/jshaw/scratch/2022_sketched_distance/references/SGB_genome_fastas_part4/6289/HMP_2012__SRS011529__bin.49.fa	/home/jshaw/scratch/2022_sketched_distance/references/SGB_genome_fastas_part4/6289/KarlssonFH_2013__S378__bin.20.fa	/home/jshaw/scratch/2022_sketched_distance/references/SGB_genome_fastas_part4/6289/KarlssonFH_2013__S60__bin.4.fa	/home/jshaw/scratch/2022_sketched_distance/references/SGB_genome_fastas_part4/6289/LeChatelierE_2013__MH0177__bin.3.fa	/home/jshaw/scratch/2022_sketched_distance/references/SGB_genome_fastas_part4/6289/LeChatelierE_2013__MH0454__bin.26.fa	/home/jshaw/scratch/2022_sketched_distance/references/SGB_genome_fastas_part4/6289/LiJ_2014__MH0340__bin.28.fa	/home/jshaw/scratch/2022_sketched_distance/references/SGB_genome_fastas_part4/6289/LiJ_2014__O2.UC28-0__bin.26.fa	/home/jshaw/scratch/2022_sketched_distance/references/SGB_genome_fastas_part4/6289/LiJ_2014__V1.FI26__bin.8.fa	/home/jshaw/scratch/2022_sketched_distance/references/SGB_genome_fastas_part4/6289/NielsenHB_2014__MH0115__bin.39.fa	/home/jshaw/scratch/2022_sketched_distance/references/SGB_genome_fastas_part4/6289/NielsenHB_2014__V1_CD22_0__bin.3.fa	/home/jshaw/scratch/2022_sketched_distance/references/SGB_genome_fastas_part4/6289/QinN_2014__HD-60__bin.82.fa	/home/jshaw/scratch/2022_sketched_distance/references/SGB_genome_fastas_part4/6289/RampelliS_2015__H10__bin.44.fa	/home/jshaw/scratch/2022_sketched_distance/references/SGB_genome_fastas_part4/6289/RampelliS_2015__H11__bin.13.fa	/home/jshaw/scratch/2022_sketched_distance/references/SGB_genome_fastas_part4/6289/RaymondF_2016__P19E0__bin.81.fa	/home/jshaw/scratch/2022_sketched_distance/references/SGB_genome_fastas_part4/6289/WenC_2017__N277__bin.7.fa	/home/jshaw/scratch/2022_sketched_distance/references/SGB_genome_fastas_part4/6289/XieH_2016__YSZC12003_37255__bin.30.fa	/home/jshaw/scratch/2022_sketched_distance/references/SGB_genome_fastas_part4/6289/XieH_2016__YSZC12003_37315__bin.109.fa	/home/jshaw/scratch/2022_sketched_distance/references/SGB_genome_fastas_part4/6289/XieH_2016__YSZC12003_37797__bin.39.fa	/home/jshaw/scratch/2022_sketched_distance/references/SGB_genome_fastas_part4/6289/ZeeviD_2015__PNP_Main_107__bin.35.fa	/home/jshaw/scratch/2022_sketched_distance/references/SGB_genome_fastas_part4/6289/ZeeviD_2015__PNP_Main_133__bin.40.fa	/home/jshaw/scratch/2022_sketched_distance/references/SGB_genome_fastas_part4/6289/ZeeviD_2015__PNP_Main_137__bin.17.fa	/home/jshaw/scratch/2022_sketched_distance/references/SGB_genome_fastas_part4/6289/ZeeviD_2015__PNP_Main_25__bin.85.fa	/home/jshaw/scratch/2022_sketched_distance/references/SGB_genome_fastas_part4/6289/ZeeviD_2015__PNP_Main_310__bin.41.fa	/home/jshaw/scratch/2022_sketched_distance/references/SGB_genome_fastas_part4/6289/ZeeviD_2015__PNP_Main_325__bin.40.fa	/home/jshaw/scratch/2022_sketched_distance/references/SGB_genome_fastas_part4/6289/ZeeviD_2015__PNP_Main_438__bin.40.fa	/home/jshaw/scratch/2022_sketched_distance/references/SGB_genome_fastas_part4/6289/ZeeviD_2015__PNP_Main_93__bin.29.fa	/home/jshaw/scratch/2022_sketched_distance/references/SGB_genome_fastas_part4/6289/ZeeviD_2015__PNP_Validation_18__bin.12.fa	/home/jshaw/scratch/2022_sketched_distance/references/SGB_genome_fastas_part4/6289/ZeeviD_2015__PNP_Validation_93__bin.6.fa	/home/jshaw/scratch/2022_sketched_distance/references/SGB_genome_fastas_part4/6289/ZellerG_2014__CCIS90164298ST-4-0__bin.73.fa
1.0	0.992464171191361	0.9881694654168498	0.9906352045270739	0.992093024658176	0.9897074895383103	0.9924765015627518	0.9914565844992932	0.9870056455892898	0.9915723500668974	0.989983733825259	0.9914192913898207	0.9914091528009813	0.9909050733741133	0.9951253008659492	0.9910293549161742	0.9888160049871999	0.9912969558915917	0.9923745904694482	0.9923016712575087	0.988657078345722	0.9901152099575975	0.9864164827612136	0.9915447165799627	0.9907907124017329	0.9682130160512179	0.9684485123747351	0.9907267272182635	0.9898657322206719	0.9864781348043857	0.9809373947845332	0.9925977954195546	0.9911557967014152	0.9773778117599945	0.9917111287798177	0.9913993950150642	0.9917111287798177	0.9911200241564916	0.9813867054169962	0.990772605540386	0.9784118191541183	0.9865008301800432	0.9894175042552005
0.992464171191361	1.0	0.984943504621892	0.9903585663294883	0.9918671459029638	0.9916605462346813	0.9975677762265243	0.9951706350821236	0.9877819166019666	0.9911057895896452	0.9908504659014876	0.9922284266226672	0.9937284076706494	0.9920854576277897	0.9921002671420422	0.991652590037755	0.9907718187971754	0.9915608006829264	0.9933052251891281	0.9921032420369954	0.9897968617883075	0.9905628844719665	0.9872505917384555	0.9932262809536333	0.9921720225921218	0.9688271406328103	0.9694568751659787	0.9925551338837834	0.9916149708490432	0.987019413854958	0.9830588465070234	0.9945699719768452	0.9910030112097227	0.9796155955514604	0.9898820591626046	0.9919676122555268	0.9886211587324533	0.9911988722492484	0.979489126757644	0.9926292862235128	0.9786974416751809	0.9867261496448505	0.9899316363574138
0.9881694654168498	0.984943504621892	1.0	0.9947381614964563	0.9958151613353174	0.9879132921308784	0.9883531030940779	0.9880568220834283	0.9864777665447284	0.9850214155434253	0.9861797272071919	0.9871681026355564	0.9884441600993737	0.9876363407178146	0.9886088936384183	0.9873737980059866	0.9860823590551674	0.987954473652524	0.9889813666518337	0.9899232178497912	0.9850231784113567	0.9856841278934207	0.9859437807250938	0.9869643776299458	0.988405030635139	0.9666245281170665	0.967195365227261	0.9879760446342591	0.9875400938639327	0.9832609644660576	0.9791062514839893	0.9888199412440762	0.9877463961358854	0.9767279364993106	0.9856031531030416	0.9870783232378252	0.9831317905657905	0.9876696640926889	0.9735006231320142	0.9871509732524792	0.9747378174088372	0.9836074307710296	0.9852308001080601
0.9906352045270739	0.9903585663294883	0.9947381614964563	1.0	0.9963000142901778	0.9889808855132278	0.9900795903142684	0.9870877080454444	0.9851751605943642	0.9897578459138473	0.9853538603880814	0.988522553161385	0.9875709216687889	0.9897982359557885	0.9890635382597155	0.9867081285369309	0.9876725264611312	0.9875863044507733	0.9881427123294363	0.9887547046520699	0.9866670671825901	0.9885644841346808	0.9844336291764451	0.9883964391268883	0.9892282247238203	0.9653244030759538	0.9662224703633427	0.9895957894310291	0.9872496531222618	0.9840821449729534	0.9774723109123555	0.9873078937778744	0.9870202876350548	0.9747664094764523	0.9903982282715547	0.9862651062223944	0.9902392937824526	0.9867812946037618	0.9806952991789691	0.9863548564962661	0.978775970939858	0.9827316117788905	0.9871080033347859
0.992093024658176	0.9918671459029638	0.9958151613353174	0.9963000142901778	1.0	0.9905178340324703	0.9916397133386605	0.988175980063606	0.9866370217494588	0.9912571464921298	0.9864167408646152	0.9899222434850732	0.9892107628867169	0.9913340149829478	0.9907921414017229	0.9886237984024787	0.9893972239505363	0.9894379080805492	0.9896714206349487	0.9905549430211151	0.9883214205637386	0.9899222434850732	0.9863695172485889	0.9900821214370272	0.9911028709281423	0.9667955570366685	0.9673016738994926	0.9912186450835176	0.9883963527297122	0.9864167408646152	0.9796806916161575	0.989126402391563	0.9887393567766571	0.9767279364993106	0.9920554851872249	0.9878554826656991	0.9929082947130728	0.9889166635057808	0.9819861946202085	0.9887808603444759	0.9800422017267528	0.9845205521398847	0.9889050583986059
0.9897074895383103	0.9916605462346813	0.9879132921308784	0.9889808855132278	0.9905178340324703	1.0	0.9903838268122122	0.9890561878965004	0.9871623715147133	0.9894406793745646	0.9875831447375311	0.9890169958072985	0.9900421492537663	0.9900849423446473	0.9891308528693901	0.9891274806588932	0.9883117297776185	0.9903370688383503	0.9907215421314501	0.9896242226346945	0.9880732460452802	0.9893256681286112	0.9863695172485889	0.9892763162258987	0.9898494007570557	0.9681354224053175	0.9686527194293976	0.989478927501576	0.9880185390134598	0.9847986700747968	0.9810058148010327	0.9911954386503847	0.9878308045253201	0.9778251317536244	0.9898211794449878	0.9878956995350694	0.9906800295600616	0.9891688751376948	0.9810754454560261	0.9885561252166387	0.9787215391277652	0.9842189937158945	0.9877122509087728
0.9924765015627518	0.9975677762265243	0.9883531030940779	0.9900795903142684	0.9916397133386605	0.9903838268122122	1.0	0.9951706350821236	0.9869532372704761	0.9939322938443754	0.991005638152652	0.9924418722327369	0.9935073572108918	0.9932631351354261	0.9916604507311582	0.9913034677633594	0.9894711767602531	0.9917106288200838	0.9941731891400716	0.991702775347474	0.9899976631597559	0.9920935702558357	0.9867433764805974	0.9920440657746787	0.9911598498081804	0.9692801890710512	0.9699494955397738	0.9928892509223557	0.9905326021083938	0.9874298055483944	0.982279323592384	0.9939958149862522	0.9911557967014152	0.9788251004609098	0.9928208158926637	0.9910537154337676	0.9930256979283555	0.991395173192338	0.9835026020599894	0.9922587459443558	0.9805060940205907	0.9869499360505898	0.991492904796298
0.9914565844992932	0.9951706350821236	0.9880568220834283	0.9870877080454444	0.988175980063606	0.9890561878965004	0.9951706350821236	1.0	0.979824382250371	0.9926203941330178	0.9878172048962144	0.9901943973365436	0.989344443581907	0.9923594651907817	0.9908589441055821	0.989229443522272	0.989171792743537	0.9882353977935002	0.9890561878965004	0.9863416698797003	0.9906389112729781	0.9916177186906413	0.9826168783629855	0.9911862691927613	0.9891140409883704	0.9648990514027936	0.9570910832212302	0.990804073179278	0.9853846658166293	0.989286993682919	0.9719674480753697	0.9863926884605411	0.9922019141535635	0.9745931306222484	0.9916177186906413	0.988353912698431	0.9916712559949239	0.9882353977935002	0.9830368062398968	0.9898570387786265	0.9799774561911974	0.9746830875905748	0.9916712559949239
0.9870056455892898	0.9877819166019666	0.9864777665447284	0.9851751605943642	0.9866370217494588	0.9871623715147133	0.9869532372704761	0.979824382250371	1.0	0.987730730876565	0.9840487421076674	0.9862106150646928	0.9840487421076674	0.9869532372704761	0.9858871408053588	0.9842771401539743	0.9866370217494588	0.9851197482871512	0.984616783533735	0.9842201895433293	0.9841059908719086	0.986264219306901	0.9875251884453865	0.9869007453302239	0.9876281200741859	0.9686723554644857	0.9649920239099213	0.9869532372704761	0.9828228336411606	0.9833538464888045	0.9751851000987093	0.9837718556843319	0.9846730505798955	0.9736065599436621	0.987730730876565	0.9834706899960649	0.9872664422805343	0.9842771401539743	0.9811760920474891	0.9840487421076674	0.9792435358240076	0.9722854336174458	0.9852857054948201
0.9915723500668974	0.9911057895896452	0.9850214155434253	0.9897578459138473	0.9912571464921298	0.9894406793745646	0.9939322938443754	0.9926203941330178	0.987730730876565	1.0	0.9906163319477038	0.9917735251382013	0.992910571660507	0.9921536234813219	0.9912894133686024	0.9916911547383078	0.9890055500936642	0.9915232372888086	0.9937986047302491	0.9916624605823835	0.9891558289713266	0.9907368448752363	0.9868824852604754	0.9926752021002628	0.991306357562093	0.9689788639185882	0.969851570220592	0.9915126609049265	0.9900895226392267	0.9872252494504563	0.9820153039709729	0.9934115328292539	0.9914214829407576	0.9781409285788283	0.9896431539527337	0.9923781850532943	0.9903831391268906	0.9908823444000111	0.9797311017416461	0.9909669133760034	0.9778637080059053	0.9859881439945564	0.9900400745857609
0.989983733825259	0.9908504659014876	0.9861797272071919	0.9853538603880814	0.9864167408646152	0.9875831447375311	0.991005638152652	0.9878172048962144	0.9840487421076674	0.9906163319477038	1.0	0.9974874755846469	0.9890419407913124	0.9905771477201832	0.9880097160409098	0.987723391703184	0.9879248427225232	0.9880097160409098	0.9894573257259727	0.9882665088657693	0.9882630315467217	0.9899437909621258	0.9831630261059857	0.9892164242082782	0.9885561252166387	0.9660803784593408	0.9668743194565392	0.990772605540386	0.9870056455892898	0.9851326845008337	0.9773960590372639	0.989187354246558	0.9877971211758159	0.9749749015575795	0.9899437909621258	0.9871944466803391	0.9905771477201832	0.9870949593429879	0.9798758604009788	0.9870202072756441	0.9773355165813846	0.9835456424839957	0.9898637598930781
0.9914192913898207	0.9922284266226672	0.9871681026355564	0.988522553161385	0.9899222434850732	0.9890169958072985	0.9924418722327369	0.9901943973365436	0.9862106150646928	0.9917735251382013	0.9974874755846469	1.0	0.9923028272958226	0.9917382721034951	0.9909518797924874	0.9907529484829147	0.9890575206954606	0.9908396902368843	0.9923745904694482	0.9912157219384036	0.9896264173312325	0.9909891369786586	0.9861336780106194	0.990670733733022	0.9904549239410183	0.9686747011615457	0.9689566287620293	0.9920192494423539	0.9898657322206719	0.9860981147454235	0.9805238402542801	0.9926526714720822	0.9906179267005268	0.9779518178253656	0.9914548860975226	0.9900740657058883	0.9919492286451176	0.9907628600762322	0.9813792705847071	0.9902223810736875	0.978554008566564	0.9866136828784269	0.9906992237414535
0.9914091528009813	0.9937284076706494	0.9884441600993737	0.9875709216687889	0.9892107628867169	0.9900421492537663	0.9935073572108918	0.989344443581907	0.9840487421076674	0.992910571660507	0.9890419407913124	0.9923028272958226	1.0	0.9934333446360551	0.9897535413261573	0.9910925578010916	0.9916837070060789	0.9902875343365993	0.9910506474045924	0.9902195281288394	0.9903282550762799	0.9939114961639166	0.9840827939542532	0.992379408681128	0.9909730481289893	0.9675839247900404	0.9669816903919398	0.9955500894521817	0.9891392272680057	0.9890842274254321	0.9800346517724748	0.9914238519811944	0.990409546173253	0.9765304175645717	0.992721847901363	0.9908531045064282	0.9930607796540634	0.9883578707268066	0.9820425883271863	0.9905715303357318	0.9807066415451667	0.9841583480018842	0.9928352112545067
0.9909050733741133	0.9920854576277897	0.9876363407178146	0.9897982359557885	0.9913340149829478	0.9900849423446473	0.9932631351354261	0.9923594651907817	0.9869532372704761	0.9921536234813219	0.9905771477201832	0.9917382721034951	0.9934333446360551	1.0	0.992136655800123	0.9922642915015394	0.9902663492847368	0.992008263206	0.9935718040579364	0.9926167027019804	0.9906083654753538	0.9920171509743966	0.9868361810020851	0.992640453078685	0.9919218698950389	0.9687510108497497	0.9690572996675321	0.9924523528974127	0.9912724556080215	0.9884734813417713	0.9823449971682915	0.9945181849324449	0.9911938829261993	0.9790092291048417	0.9913611005216493	0.9920051484013581	0.9921195581176462	0.9916292054366749	0.9817514759010014	0.9914286415624722	0.9793786351608874	0.985815456056475	0.9913262081804283
0.9951253008659492	0.9921002671420422	0.9886088936384183	0.9890635382597155	0.9907921414017229	0.9891308528693901	0.9916604507311582	0.9908589441055821	0.9858871408053588	0.9912894133686024	0.9880097160409098	0.9909518797924874	0.9897535413261573	0.992136655800123	1.0	0.9896645910757437	0.9896054356040577	0.9898266761513966	0.991859348328704	0.9903876615547293	0.9892104258041041	0.9912520794756432	0.9854641803510997	0.9906869482403972	0.9902277752561741	0.9671894435056809	0.9673016738994926	0.9912147033513559	0.9893223593095632	0.9861301401463278	0.980384817793305	0.9914807094746183	0.9896749739187608	0.9765304175645717	0.993210110021655	0.9890234088072577	0.992136655800123	0.9910013980451711	0.9819969030733171	0.9901827261736788	0.9786650296312552	0.9842189937158945	0.9902662845466408
0.9910293549161742	0.991652590037755	0.9873737980059866	0.9867081285369309	0.9886237984024787	0.9891274806588932	0.9913034677633594	0.989229443522272	0.9842771401539743	0.9916911547383078	0.987723391703184	0.9907529484829147	0.9910925578010916	0.9922642915015394	0.9896645910757437	1.0	0.9909506173914141	0.9897055472389066	0.9904308598209931	0.9894089831792725	0.9897464526194599	0.9925283937600847	0.983981862300699	0.9915753253938917	0.9904742091010107	0.9659258606422662	0.9658915313726446	0.9919598552936919	0.9889550723747588	0.9892106845654001	0.980384817793305	0.9915374693194441	0.9899095688656872	0.9763980692752683	0.9913424417594414	0.9901930963800717	0.9915366252359715	0.9890430105039693	0.982043465068514	0.9895825258876761	0.9799632469778669	0.9834217154517082	0.991497879710343
0.9888160049871999	0.9907718187971754	0.9860823590551674	0.9876725264611312	0.9893972239505363	0.9883117297776185	0.9894711767602531	0.989171792743537	0.9866370217494588	0.9890055500936642	0.9879248427225232	0.9890575206954606	0.9916837070060789	0.9902663492847368	0.9896054356040577	0.9909506173914141	1.0	0.989308263886603	0.9905557514337412	0.9905549430211151	0.9875964426621604	0.9907000808901192	0.9865569781441375	0.9898865518838317	0.9919218698950389	0.9683676459308832	0.9690572996675321	0.9895490849338253	0.9925389911806982	0.9869780917603312	0.9826063822705141	0.9922666137579351	0.9899132499661392	0.9776341745640587	0.9896790297063051	0.9899545299017584	0.9899005013594805	0.9898731743640126	0.9813346886930197	0.9890114979941662	0.977915056067327	0.9831098324028821	0.9890055500936642
0.9912969558915917	0.9915608006829264	0.987954473652524	0.9875863044507733	0.9894379080805492	0.9903370688383503	0.9917106288200838	0.9882353977935002	0.9851197482871512	0.9915232372888086	0.9880097160409098	0.9908396902368843	0.9902875343365993	0.992008263206	0.9898266761513966	0.9897055472389066	0.989308263886603	1.0	0.9915785483625884	0.9903037018878091	0.9896282498305958	0.9917852889931217	0.9846324350209947	0.9909546014116533	0.9909163420888631	0.9690544591234335	0.9696548251625751	0.9912211831096874	0.9891392272680057	0.9872775062620823	0.9799641659369351	0.9901475696159424	0.988990358079929	0.9767935107382285	0.9919341054197462	0.9882759076442197	0.9921191889865483	0.9901182037858659	0.9825500589777849	0.9878397500929722	0.9802494313978029	0.9844002611351799	0.9912590912211715
0.9923745904694482	0.9933052251891281	0.9889813666518337	0.9881427123294363	0.9896714206349487	0.9907215421314501	0.9941731891400716	0.9890561878965004	0.984616783533735	0.9937986047302491	0.9894573257259727	0.9923745904694482	0.9910506474045924	0.9935718040579364	0.991859348328704	0.9904308598209931	0.9905557514337412	0.9915785483625884	1.0	0.9894521435846902	0.9907215421314501	0.9946905946699408	0.9837999504909167	0.9922563989116259	0.9915382386475813	0.9681205138977537	0.9665500434292025	0.9928819300955525	0.9882079875432163	0.9889813666518337	0.9789610478692284	0.9913098426779646	0.9903473354978912	0.9741327828456356	0.9936853985140691	0.9893712971276043	0.9929979120689844	0.9900111085520197	0.9831819014769743	0.9908865046655795	0.9807544385609488	0.98373065911803	0.9940612577960769
0.9923016712575087	0.9921032420369954	0.9899232178497912	0.9887547046520699	0.9905549430211151	0.9896242226346945	0.991702775347474	0.9863416698797003	0.9842201895433293	0.9916624605823835	0.9882665088657693	0.9912157219384036	0.9902195281288394	0.9926167027019804	0.9903876615547293	0.9894089831792725	0.9905549430211151	0.9903037018878091	0.9894521435846902	1.0	0.9888426956933677	0.9919436369378439	0.9840251006422611	0.9911748082529682	0.9909694763397411	0.9686523233907463	0.9677234381822528	0.9921430232379115	0.9879234045209583	0.9877255481190055	0.9801049858513876	0.988881461821905	0.9897526953799641	0.9767935107382285	0.9923016712575087	0.9895812869597559	0.991702775347474	0.9879971392069187	0.982886420061733	0.9906382670035954	0.9809332637042935	0.9815042550919911	0.9914195338959203
0.988657078345722	0.9897968617883075	0.9850231784113567	0.9866670671825901	0.9883214205637386	0.9880732460452802	0.9899976631597559	0.9906389112729781	0.9841059908719086	0.9891558289713266	0.9882630315467217	0.9896264173312325	0.9903282550762799	0.9906083654753538	0.9892104258041041	0.9897464526194599	0.9875964426621604	0.9896282498305958	0.9907215421314501	0.9888426956933677	1.0	0.9894590440111317	0.9838298800517546	0.9898865518838317	0.988998233105713	0.9685982107016294	0.9692577051302357	0.9890414006111649	0.9884901329910657	0.9854980981156095	0.9790337304350876	0.9911954386503847	0.9886631999530971	0.9772488699166284	0.9892698615825463	0.9887761208073018	0.9899458997942486	0.9895849877389923	0.9806909475863944	0.9881788093202191	0.9780759231369868	0.98373065911803	0.9888113454030896
0.9901152099575975	0.9905628844719665	0.9856841278934207	0.9885644841346808	0.9899222434850732	0.9893256681286112	0.9920935702558357	0.9916177186906413	0.986264219306901	0.9907368448752363	0.9899437909621258	0.9909891369786586	0.9939114961639166	0.9920171509743966	0.9912520794756432	0.9925283937600847	0.9907000808901192	0.9917852889931217	0.9946905946699408	0.9919436369378439	0.9894590440111317	1.0	0.986275384478063	0.9921500950210697	0.9915611934484044	0.9677446304280399	0.9687543406602274	0.9924523528974127	0.9912724556080215	0.9891384329611338	0.9831869826100688	0.9946733040112137	0.9916099594909135	0.9785779679499605	0.9906325786446776	0.9918924118864613	0.9900708616886896	0.9908823444000111	0.9806671629651232	0.9916191402884657	0.9781696581472622	0.9844604617562446	0.9926747417055878
0.9864164827612136	0.9872505917384555	0.9859437807250938	0.9844336291764451	0.9863695172485889	0.9863695172485889	0.9867433764805974	0.9826168783629855	0.9875251884453865	0.9868824852604754	0.9831630261059857	0.9861336780106194	0.9840827939542532	0.9868361810020851	0.9854641803510997	0.983981862300699	0.9865569781441375	0.9846324350209947	0.9837999504909167	0.9840251006422611	0.9838298800517546	0.986275384478063	1.0	0.9853674143514404	0.9880194101154014	0.9673319835363253	0.9664412221025152	0.9864633812854915	0.9834390934644316	0.9804636608381454	0.9769347610837745	0.9838435748848822	0.9834724912673227	0.9753879157747283	0.9873419785077288	0.9831111632983169	0.9866036768639603	0.9833181239105816	0.9812421989139587	0.9835237859371861	0.9792014877750327	0.9752873123275071	0.9848300438930832
0.9915447165799627	0.9932262809536333	0.9869643776299458	0.9883964391268883	0.9900821214370272	0.9892763162258987	0.9920440657746787	0.9911862691927613	0.9869007453302239	0.9926752021002628	0.9892164242082782	0.990670733733022	0.992379408681128	0.992640453078685	0.9906869482403972	0.9915753253938917	0.9898865518838317	0.9909546014116533	0.9922563989116259	0.9911748082529682	0.9898865518838317	0.9921500950210697	0.9853674143514404	1.0	0.9911598498081804	0.9683676459308832	0.9691576578004124	0.9912196763621826	0.9905326021083938	0.988035956041864	0.9828010612034737	0.9985171926538803	0.9913836583023086	0.9787634926178407	0.9923961826421561	0.9922294749093689	0.9916523567809411	0.9909617611551272	0.9820276632138626	0.9904986394859441	0.9796386221362154	0.98481936475566	0.9907812545451972
0.9907907124017329	0.9921720225921218	0.988405030635139	0.9892282247238203	0.9911028709281423	0.9898494007570557	0.9911598498081804	0.9891140409883704	0.9876281200741859	0.991306357562093	0.9885561252166387	0.9904549239410183	0.9909730481289893	0.9919218698950389	0.9902277752561741	0.9904742091010107	0.9919218698950389	0.9909163420888631	0.9915382386475813	0.9909694763397411	0.988998233105713	0.9915611934484044	0.9880194101154014	0.9911598498081804	1.0	0.9695787299331555	0.9697533473761448	0.9907163872707577	0.9922477756222332	0.986684864997386	0.9824105392917899	0.9915374693194441	0.9896350933939991	0.9789479682616039	0.9917059365888518	0.9899145882169156	0.9913428832240394	0.9908425643015661	0.9831362684543254	0.9890936213889603	0.9811071969949464	0.9847598194595243	0.9896578732686152
0.9682130160512179	0.9688271406328103	0.9666245281170665	0.9653244030759538	0.9667955570366685	0.9681354224053175	0.9692801890710512	0.9648990514027936	0.9686723554644857	0.9689788639185882	0.9660803784593408	0.9686747011615457	0.9675839247900404	0.9687510108497497	0.9671894435056809	0.9659258606422662	0.9683676459308832	0.9690544591234335	0.9681205138977537	0.9686523233907463	0.9685982107016294	0.9677446304280399	0.9673319835363253	0.9683676459308832	0.9695787299331555	1.0	0.9968833329882577	0.9682904235912821	0.9686304764683047	0.9637301481721983	0.9742736484335742	0.9661014305494511	0.9652098754568083	0.9763316927674318	0.9695043528860251	0.9668723532177702	0.9695043528860251	0.9673786976333435	0.9772203562900834	0.9647224750110859	0.9760246170414325	0.9590857490045415	0.9671894435056809
0.9684485123747351	0.9694568751659787	0.967195365227261	0.9662224703633427	0.9673016738994926	0.9686527194293976	0.9699494955397738	0.9570910832212302	0.9649920239099213	0.969851570220592	0.9668743194565392	0.9689566287620293	0.9669816903919398	0.9690572996675321	0.9673016738994926	0.9658915313726446	0.9690572996675321	0.9696548251625751	0.9665500434292025	0.9677234381822528	0.9692577051302357	0.9687543406602274	0.9664412221025152	0.9691576578004124	0.9697533473761448	0.9968833329882577	1.0	0.9686527194293976	0.9656690004123083	0.9644167857934501	0.9670887048494199	0.9583009878909905	0.9662224703633427	0.9729362155493729	0.9702415045294435	0.9665500434292025	0.9700471251604731	0.9666584984355915	0.9776580280733874	0.9647631619707165	0.9762396374053541	0.9531207551775146	0.9681397590096865
0.9907267272182635	0.9925551338837834	0.9879760446342591	0.9895957894310291	0.9912186450835176	0.989478927501576	0.9928892509223557	0.990804073179278	0.9869532372704761	0.9915126609049265	0.990772605540386	0.9920192494423539	0.9955500894521817	0.9924523528974127	0.9912147033513559	0.9919598552936919	0.9895490849338253	0.9912211831096874	0.9928819300955525	0.9921430232379115	0.9890414006111649	0.9924523528974127	0.9864633812854915	0.9912196763621826	0.9907163872707577	0.9682904235912821	0.9686527194293976	1.0	0.9909698143423183	0.9875925399970684	0.981815882348266	0.9930342767681766	0.9905015202350663	0.9785158911748406	0.9915479448009215	0.9910537154337676	0.9913356741517715	0.990562753820442	0.9813355788706832	0.9916950334160446	0.9796575207019276	0.9866699643353418	0.9907267272182635
0.9898657322206719	0.9916149708490432	0.9875400938639327	0.9872496531222618	0.9883963527297122	0.9880185390134598	0.9905326021083938	0.9853846658166293	0.9828228336411606	0.9900895226392267	0.9870056455892898	0.9898657322206719	0.9891392272680057	0.9912724556080215	0.9893223593095632	0.9889550723747588	0.9925389911806982	0.9891392272680057	0.9882079875432163	0.9879234045209583	0.9884901329910657	0.9912724556080215	0.9834390934644316	0.9905326021083938	0.9922477756222332	0.9686304764683047	0.9656690004123083	0.9909698143423183	1.0	0.9869075336185301	0.9773196282789596	0.986126454064343	0.9887698829460083	0.9768029828610296	0.9904003015853725	0.9883963527297122	0.9910565665459319	0.9885836470954784	0.9818160875070081	0.9884901329910657	0.9802892270329925	0.9788306954097118	0.9899106118858424
0.9864781348043857	0.987019413854958	0.9832609644660576	0.9840821449729534	0.9864167408646152	0.9847986700747968	0.9874298055483944	0.989286993682919	0.9833538464888045	0.9872252494504563	0.9851326845008337	0.9860981147454235	0.9890842274254321	0.9884734813417713	0.9861301401463278	0.9892106845654001	0.9869780917603312	0.9872775062620823	0.9889813666518337	0.9877255481190055	0.9854980981156095	0.9891384329611338	0.9804636608381454	0.988035956041864	0.986684864997386	0.9637301481721983	0.9644167857934501	0.9875925399970684	0.9869075336185301	1.0	0.97917861174408	0.9919880732038736	0.9875769273664919	0.9742037993359041	0.9872252494504563	0.9876825605105347	0.9875112733379449	0.9867362402042014	0.9780518538299842	0.9866689353471042	0.9760358360743241	0.9802290533467525	0.9885524108730943
0.9809373947845332	0.9830588465070234	0.9791062514839893	0.9774723109123555	0.9796806916161575	0.9810058148010327	0.982279323592384	0.9719674480753697	0.9751851000987093	0.9820153039709729	0.9773960590372639	0.9805238402542801	0.9800346517724748	0.9823449971682915	0.980384817793305	0.980384817793305	0.9826063822705141	0.9799641659369351	0.9789610478692284	0.9801049858513876	0.9790337304350876	0.9831869826100688	0.9769347610837745	0.9828010612034737	0.9824105392917899	0.9742736484335742	0.9670887048494199	0.981815882348266	0.9773196282789596	0.97917861174408	1.0	0.9784847236928508	0.9806622738846211	0.9857683016250942	0.981815882348266	0.9804544029457571	0.9812780723070902	0.9800346517724748	0.9897703677822729	0.9790337304350876	0.9872702193516177	0.9630331645377738	0.9823449971682915
0.9925977954195546	0.9945699719768452	0.9888199412440762	0.9873078937778744	0.989126402391563	0.9911954386503847	0.9939958149862522	0.9863926884605411	0.9837718556843319	0.9934115328292539	0.989187354246558	0.9926526714720822	0.9914238519811944	0.9945181849324449	0.9914807094746183	0.9915374693194441	0.9922666137579351	0.9901475696159424	0.9913098426779646	0.988881461821905	0.9911954386503847	0.9946733040112137	0.9838435748848822	0.9985171926538803	0.9915374693194441	0.9661014305494511	0.9583009878909905	0.9930342767681766	0.986126454064343	0.9919880732038736	0.9784847236928508	1.0	0.993943122236122	0.9752953412231837	0.9947248495114313	0.9917635389939404	0.9928712701336482	0.9899101230630627	0.9851772725649882	0.9910230863922747	0.9828987595102535	0.9755733897878108	0.9938903455491136
0.9911557967014152	0.9910030112097227	0.9877463961358854	0.9870202876350548	0.9887393567766571	0.9878308045253201	0.9911557967014152	0.9922019141535635	0.9846730505798955	0.9914214829407576	0.9877971211758159	0.9906179267005268	0.990409546173253	0.9911938829261993	0.9896749739187608	0.9899095688656872	0.9899132499661392	0.988990358079929	0.9903473354978912	0.9897526953799641	0.9886631999530971	0.9916099594909135	0.9834724912673227	0.9913836583023086	0.9896350933939991	0.9652098754568083	0.9662224703633427	0.9905015202350663	0.9887698829460083	0.9875769273664919	0.9806622738846211	0.993943122236122	1.0	0.975997764033852	0.9919837189525208	0.9897944722460846	0.9910412738788112	0.9907628600762322	0.9802821535246214	0.9896224952877641	0.9771669224395	0.9830470980430664	0.9913457903201076
0.9773778117599945	0.9796155955514604	0.9767279364993106	0.9747664094764523	0.9767279364993106	0.9778251317536244	0.9788251004609098	0.9745931306222484	0.9736065599436621	0.9781409285788283	0.9749749015575795	0.9779518178253656	0.9765304175645717	0.9790092291048417	0.9765304175645717	0.9763980692752683	0.9776341745640587	0.9767935107382285	0.9741327828456356	0.9767935107382285	0.9772488699166284	0.9785779679499605	0.9753879157747283	0.9787634926178407	0.9789479682616039	0.9763316927674318	0.9729362155493729	0.9785158911748406	0.9768029828610296	0.9742037993359041	0.9857683016250942	0.9752953412231837	0.975997764033852	1.0	0.9783913820567993	0.9763316927674318	0.9782037225218895	0.9750441027283142	0.987481686878475	0.9757957491774698	0.9860323834525621	0.9664620508844666	0.9767935107382285
0.9917111287798177	0.9898820591626046	0.9856031531030416	0.9903982282715547	0.9920554851872249	0.9898211794449878	0.9928208158926637	0.9916177186906413	0.987730730876565	0.9896431539527337	0.9899437909621258	0.9914548860975226	0.992721847901363	0.9913611005216493	0.993210110021655	0.9913424417594414	0.9896790297063051	0.9919341054197462	0.9936853985140691	0.9923016712575087	0.9892698615825463	0.9906325786446776	0.9873419785077288	0.9923961826421561	0.9917059365888518	0.9695043528860251	0.9702415045294435	0.9915479448009215	0.9904003015853725	0.9872252494504563	0.981815882348266	0.9947248495114313	0.9919837189525208	0.9783913820567993	1.0	0.991854747465489	0.9900854672387656	0.9921689223355096	0.9800460291601343	0.9927028988693604	0.9771099231576477	0.9863308215907299	0.9894575748615154
0.9913993950150642	0.9919676122555268	0.9870783232378252	0.9862651062223944	0.9878554826656991	0.9878956995350694	0.9910537154337676	0.988353912698431	0.9834706899960649	0.9923781850532943	0.9871944466803391	0.9900740657058883	0.9908531045064282	0.9920051484013581	0.9890234088072577	0.9901930963800717	0.9899545299017584	0.9882759076442197	0.9893712971276043	0.9895812869597559	0.9887761208073018	0.9918924118864613	0.9831111632983169	0.9922294749093689	0.9899145882169156	0.9668723532177702	0.9665500434292025	0.9910537154337676	0.9883963527297122	0.9876825605105347	0.9804544029457571	0.9917635389939404	0.9897944722460846	0.9763316927674318	0.991854747465489	1.0	0.9910923033649138	0.9890430105039693	0.9811250508183937	0.9894606663171548	0.9787984217645763	0.9836074307710296	0.9905086966655646
0.9917111287798177	0.9886211587324533	0.9831317905657905	0.9902392937824526	0.9929082947130728	0.9906800295600616	0.9930256979283555	0.9916712559949239	0.9872664422805343	0.9903831391268906	0.9905771477201832	0.9919492286451176	0.9930607796540634	0.9921195581176462	0.992136655800123	0.9915366252359715	0.9899005013594805	0.9921191889865483	0.9929979120689844	0.991702775347474	0.9899458997942486	0.9900708616886896	0.9866036768639603	0.9916523567809411	0.9913428832240394	0.9695043528860251	0.9700471251604731	0.9913356741517715	0.9910565665459319	0.9875112733379449	0.9812780723070902	0.9928712701336482	0.9910412738788112	0.9782037225218895	0.9900854672387656	0.9910923033649138	1.0	0.992586891585683	0.9779113703283107	0.9917707527025921	0.97756428334332	0.987392993497004	0.9896772192749324
0.9911200241564916	0.9911988722492484	0.9876696640926889	0.9867812946037618	0.9889166635057808	0.9891688751376948	0.991395173192338	0.9882353977935002	0.9842771401539743	0.9908823444000111	0.9870949593429879	0.9907628600762322	0.9883578707268066	0.9916292054366749	0.9910013980451711	0.9890430105039693	0.9898731743640126	0.9901182037858659	0.9900111085520197	0.9879971392069187	0.9895849877389923	0.9908823444000111	0.9833181239105816	0.9909617611551272	0.9908425643015661	0.9673786976333435	0.9666584984355915	0.990562753820442	0.9885836470954784	0.9867362402042014	0.9800346517724748	0.9899101230630627	0.9907628600762322	0.9750441027283142	0.9921689223355096	0.9890430105039693	0.992586891585683	1.0	0.9821469001021558	0.9885346903621525	0.9797819019120323	0.9831098324028821	0.9899959164974178
0.9813867054169962	0.979489126757644	0.9735006231320142	0.9806952991789691	0.9819861946202085	0.9810754454560261	0.9835026020599894	0.9830368062398968	0.9811760920474891	0.9797311017416461	0.9798758604009788	0.9813792705847071	0.9820425883271863	0.9817514759010014	0.9819969030733171	0.982043465068514	0.9813346886930197	0.9825500589777849	0.9831819014769743	0.982886420061733	0.9806909475863944	0.9806671629651232	0.9812421989139587	0.9820276632138626	0.9831362684543254	0.9772203562900834	0.9776580280733874	0.9813355788706832	0.9818160875070081	0.9780518538299842	0.9897703677822729	0.9851772725649882	0.9802821535246214	0.987481686878475	0.9800460291601343	0.9811250508183937	0.9779113703283107	0.9821469001021558	1.0	0.9799301261206894	0.9849379457527232	0.9755253819680649	0.979445023878188
0.990772605540386	0.9926292862235128	0.9871509732524792	0.9863548564962661	0.9887808603444759	0.9885561252166387	0.9922587459443558	0.9898570387786265	0.9840487421076674	0.9909669133760034	0.9870202072756441	0.9902223810736875	0.9905715303357318	0.9914286415624722	0.9901827261736788	0.9895825258876761	0.9890114979941662	0.9878397500929722	0.9908865046655795	0.9906382670035954	0.9881788093202191	0.9916191402884657	0.9835237859371861	0.9904986394859441	0.9890936213889603	0.9647224750110859	0.9647631619707165	0.9916950334160446	0.9884901329910657	0.9866689353471042	0.9790337304350876	0.9910230863922747	0.9896224952877641	0.9757957491774698	0.9927028988693604	0.9894606663171548	0.9917707527025921	0.9885346903621525	0.9799301261206894	1.0	0.9776858824401395	0.9831724468956804	0.9902223810736875
0.9784118191541183	0.9786974416751809	0.9747378174088372	0.978775970939858	0.9800422017267528	0.9787215391277652	0.9805060940205907	0.9799774561911974	0.9792435358240076	0.9778637080059053	0.9773355165813846	0.978554008566564	0.9807066415451667	0.9793786351608874	0.9786650296312552	0.9799632469778669	0.977915056067327	0.9802494313978029	0.9807544385609488	0.9809332637042935	0.9780759231369868	0.9781696581472622	0.9792014877750327	0.9796386221362154	0.9811071969949464	0.9760246170414325	0.9762396374053541	0.9796575207019276	0.9802892270329925	0.9760358360743241	0.9872702193516177	0.9828987595102535	0.9771669224395	0.9860323834525621	0.9771099231576477	0.9787984217645763	0.97756428334332	0.9797819019120323	0.9849379457527232	0.9776858824401395	1.0	0.9730623348675576	0.9773881519909768
0.9865008301800432	0.9867261496448505	0.9836074307710296	0.9827316117788905	0.9845205521398847	0.9842189937158945	0.9869499360505898	0.9746830875905748	0.9722854336174458	0.9859881439945564	0.9835456424839957	0.9866136828784269	0.9841583480018842	0.985815456056475	0.9842189937158945	0.9834217154517082	0.9831098324028821	0.9844002611351799	0.98373065911803	0.9815042550919911	0.98373065911803	0.9844604617562446	0.9752873123275071	0.98481936475566	0.9847598194595243	0.9590857490045415	0.9531207551775146	0.9866699643353418	0.9788306954097118	0.9802290533467525	0.9630331645377738	0.9755733897878108	0.9830470980430664	0.9664620508844666	0.9863308215907299	0.9836074307710296	0.987392993497004	0.9831098324028821	0.9755253819680649	0.9831724468956804	0.9730623348675576	1.0	0.9841583480018842
0.9894175042552005	0.9899316363574138	0.9852308001080601	0.9871080033347859	0.9889050583986059	0.9877122509087728	0.991492904796298	0.9916712559949239	0.9852857054948201	0.9900400745857609	0.9898637598930781	0.9906992237414535	0.9928352112545067	0.9913262081804283	0.9902662845466408	0.991497879710343	0.9890055500936642	0.9912590912211715	0.9940612577960769	0.9914195338959203	0.9888113454030896	0.9926747417055878	0.9848300438930832	0.9907812545451972	0.9896578732686152	0.9671894435056809	0.9681397590096865	0.9907267272182635	0.9899106118858424	0.9885524108730943	0.9823449971682915	0.9938903455491136	0.9913457903201076	0.9767935107382285	0.9894575748615154	0.9905086966655646	0.9896772192749324	0.9899959164974178	0.979445023878188	0.9902223810736875	0.9773881519909768	0.9841583480018842	1.0
