/home/jshaw/scratch/2022_sketched_distance/references/SGB_genome_fastas_part5/15049/Bengtsson-PalmeJ_2015__TRAVELRES19__bin.8.fa	/home/jshaw/scratch/2022_sketched_distance/references/SGB_genome_fastas_part5/15049/Bengtsson-PalmeJ_2015__TRAVELRES31__bin.89.fa	/home/jshaw/scratch/2022_sketched_distance/references/SGB_genome_fastas_part5/15049/Bengtsson-PalmeJ_2015__TRAVELRES32__bin.14.fa	/home/jshaw/scratch/2022_sketched_distance/references/SGB_genome_fastas_part5/15049/Bengtsson-PalmeJ_2015__TRAVELRES38__bin.55.fa	/home/jshaw/scratch/2022_sketched_distance/references/SGB_genome_fastas_part5/15049/Bengtsson-PalmeJ_2015__TRAVELRES66__bin.82.fa	/home/jshaw/scratch/2022_sketched_distance/references/SGB_genome_fastas_part5/15049/ChengpingW_2017__AS42raw__bin.92.fa	/home/jshaw/scratch/2022_sketched_distance/references/SGB_genome_fastas_part5/15049/ChengpingW_2017__AS68raw__bin.70.fa	/home/jshaw/scratch/2022_sketched_distance/references/SGB_genome_fastas_part5/15049/ChengpingW_2017__AS71raw__bin.15.fa	/home/jshaw/scratch/2022_sketched_distance/references/SGB_genome_fastas_part5/15049/FerrettiP_2018__CA_C10055MS2958FE_t0M16__bin.33.fa	/home/jshaw/scratch/2022_sketched_distance/references/SGB_genome_fastas_part5/15049/LiJ_2014__MH0327__bin.22.fa	/home/jshaw/scratch/2022_sketched_distance/references/SGB_genome_fastas_part5/15049/LiJ_2014__O2.UC32-1__bin.49.fa	/home/jshaw/scratch/2022_sketched_distance/references/SGB_genome_fastas_part5/15049/LiJ_2014__V1.FI20__bin.60.fa	/home/jshaw/scratch/2022_sketched_distance/references/SGB_genome_fastas_part5/15049/LiJ_2017__H1M412743__bin.8.fa	/home/jshaw/scratch/2022_sketched_distance/references/SGB_genome_fastas_part5/15049/LiJ_2017__H1M512854__bin.8.fa	/home/jshaw/scratch/2022_sketched_distance/references/SGB_genome_fastas_part5/15049/LiJ_2017__H2F514923__bin.31.fa	/home/jshaw/scratch/2022_sketched_distance/references/SGB_genome_fastas_part5/15049/LiJ_2017__H2M411920__bin.37.fa	/home/jshaw/scratch/2022_sketched_distance/references/SGB_genome_fastas_part5/15049/LiJ_2017__nHF512818__bin.30.fa	/home/jshaw/scratch/2022_sketched_distance/references/SGB_genome_fastas_part5/15049/LiJ_2017__nHM511615__bin.9.fa	/home/jshaw/scratch/2022_sketched_distance/references/SGB_genome_fastas_part5/15049/LiJ_2017__nHM512834__bin.36.fa	/home/jshaw/scratch/2022_sketched_distance/references/SGB_genome_fastas_part5/15049/LiJ_2017__nHM612836__bin.3.fa	/home/jshaw/scratch/2022_sketched_distance/references/SGB_genome_fastas_part5/15049/LiuW_2016__SRR3993026__bin.33.fa	/home/jshaw/scratch/2022_sketched_distance/references/SGB_genome_fastas_part5/15049/LouisS_2016__AS53_12__bin.8.fa	/home/jshaw/scratch/2022_sketched_distance/references/SGB_genome_fastas_part5/15049/QinJ_2012__T2D-048__bin.26.fa	/home/jshaw/scratch/2022_sketched_distance/references/SGB_genome_fastas_part5/15049/QinN_2014__HD-6__bin.17.fa	/home/jshaw/scratch/2022_sketched_distance/references/SGB_genome_fastas_part5/15049/QinN_2014__LD-11__bin.70.fa	/home/jshaw/scratch/2022_sketched_distance/references/SGB_genome_fastas_part5/15049/RaymondF_2016__P15E90__bin.53.fa	/home/jshaw/scratch/2022_sketched_distance/references/SGB_genome_fastas_part5/15049/WenC_2017__N274__bin.13.fa	/home/jshaw/scratch/2022_sketched_distance/references/SGB_genome_fastas_part5/15049/WenC_2017__N310__bin.77.fa	/home/jshaw/scratch/2022_sketched_distance/references/SGB_genome_fastas_part5/15049/WenC_2017__RA040__bin.13.fa	/home/jshaw/scratch/2022_sketched_distance/references/SGB_genome_fastas_part5/15049/WenC_2017__RA051__bin.40.fa	/home/jshaw/scratch/2022_sketched_distance/references/SGB_genome_fastas_part5/15049/WenC_2017__RA070__bin.15.fa	/home/jshaw/scratch/2022_sketched_distance/references/SGB_genome_fastas_part5/15049/WenC_2017__RA070__bin.9.fa	/home/jshaw/scratch/2022_sketched_distance/references/SGB_genome_fastas_part5/15049/ZeeviD_2015__PNP_Main_716__bin.31.fa
1.0	0.9836690670331328	0.9882491235454361	0.9875919915706741	0.9858668923779929	0.9862098357415527	0.9801712578905906	0.9884356465064335	0.9832434272723111	0.980578889767375	0.9747217056071584	0.9856362589986384	0.980912420194543	0.9813592820429977	0.985111336505886	0.9845057820443932	0.9855120609496145	0.987737457075286	0.9843680692009215	0.9866335444525534	0.9844835159575688	0.9814808345562251	0.9860673772735752	0.9845778862444402	0.9889104842441893	0.9862098357415527	0.986968624312244	0.9852579918210475	0.9817587002646808	0.9842036563598561	0.9760760546615658	0.9856648723251001	0.9802395506367001
0.9836690670331328	1.0	0.9962483066776638	0.986659627937535	0.984355596767826	0.984355596767826	0.9791728515415411	0.9872459695060884	0.9834655129762317	0.9809583548964689	0.9771196834663938	0.9858325520984562	0.9795019233547116	0.9815512768559105	0.984353246553668	0.9833066140878038	0.9839863849017755	0.9863013480843188	0.9810896278899466	0.9849315453667427	0.9830677494030647	0.9804998246061271	0.985328780438142	0.9849273591908249	0.9874845510869165	0.9847885029002297	0.9857769574105713	0.9842683259880127	0.9798809078960877	0.9835263981042802	0.9786354786012648	0.9839617984959803	0.9786236661798423
0.9882491235454361	0.9962483066776638	1.0	0.9896203955057402	0.9873960696280026	0.9827137642673288	0.9836211457023728	0.9853192758727679	0.9867618681661896	0.9847360927836304	0.9799292305158284	0.982651209431413	0.984324768867645	0.9861849283051596	0.9884004743363846	0.9873885568245272	0.9887398522802956	0.988667423929451	0.9840678465013019	0.987314204537957	0.9875559446673597	0.9847173958125633	0.9877586602271736	0.9884999862546141	0.98820099723251	0.9855483220975353	0.9865642550647931	0.9858861216708553	0.9847713814732181	0.9879977465930755	0.9844287530390268	0.9878201079751379	0.9821831347276081
0.9875919915706741	0.986659627937535	0.9896203955057402	1.0	0.9888361638931764	0.9886831877085676	0.9820830727960399	0.9903864150678368	0.9840142334515122	0.9828244412261978	0.9754785503301726	0.9884369391170579	0.9800331293619442	0.9790456067573449	0.9862659563603716	0.9820830727960399	0.9814295101401659	0.9895905750854608	0.9862659563603716	0.9886217978611496	0.9817512723708124	0.9803801004422384	0.9890794586069139	0.98771854525177	0.9913620430467541	0.9889884333787892	0.9884369391170579	0.988529498123751	0.9791067429357406	0.9857336185118538	0.9768652162138686	0.9807249774639353	0.9861998837194871
0.9858668923779929	0.984355596767826	0.9873960696280026	0.9888361638931764	1.0	0.9861031436374554	0.9800460291601343	0.9880112727999101	0.9840504904279427	0.9811854520926991	0.9788932718576645	0.9857514145139226	0.9819493425527455	0.9835200625498496	0.9860605944976532	0.9857961347533318	0.9862126553044533	0.9864777665447284	0.9831483627139639	0.9858057723211027	0.9844460446512826	0.9817119625883198	0.9852581041342757	0.985964034794915	0.9881126983978278	0.9860762207881245	0.9861569232719598	0.9853683706731337	0.9819104231060705	0.9858090652915368	0.979961982810079	0.9856648723251001	0.9795079119701059
0.9862098357415527	0.984355596767826	0.9827137642673288	0.9886831877085676	0.9861031436374554	1.0	0.9829306051943484	0.9845687419003829	0.9858484190345396	0.9822666129832973	0.9790193368377775	0.9808525122501054	0.984390172529872	0.9841626747290474	0.9877104460186221	0.9868447746202619	0.9886044268130589	0.988078797931265	0.9838115329430417	0.9860449626307399	0.9882645281060044	0.9834317351687205	0.9866482530793443	0.9877030887123802	0.9870919230449114	0.9844564899314595	0.9858289497851926	0.9843168630543065	0.983785686242264	0.9873950237184792	0.9823539662623628	0.9866119518956684	0.9808918637414031
0.9801712578905906	0.9791728515415411	0.9836211457023728	0.9820830727960399	0.9800460291601343	0.9829306051943484	1.0	0.9857212685023375	0.9806152031282989	0.9787009276247528	0.9717151880423813	0.9819136933190904	0.9795776981113972	0.9814362152324392	0.982646164120653	0.982763297469476	0.9831560694225208	0.9835914227634566	0.9803100694967216	0.9837101531940038	0.9835721759050327	0.9782319446782763	0.9824106862646936	0.9820231916113894	0.9850170726452671	0.9820698156326674	0.9837101531940038	0.982564462148572	0.9787752045541273	0.9823548349326734	0.9732253668468327	0.9833113760751567	0.9753492016701373
0.9884356465064335	0.9872459695060884	0.9853192758727679	0.9903864150678368	0.9880112727999101	0.9845687419003829	0.9857212685023375	1.0	0.9876181408068657	0.9850249160330021	0.9810123526467425	0.9831304335244276	0.9863556491527674	0.9871996077328671	0.9913144289541765	0.9889377549959485	0.9917412704682937	0.9911934753832016	0.9858618516761583	0.9883679191659258	0.9894448757795586	0.9856496332108899	0.9891911741609488	0.9897615176672492	0.9893178992591836	0.9870851864118005	0.9899254534616349	0.9874318167129685	0.9863291255382803	0.9930706771678129	0.9897480029235658	0.9942651826960955	0.983829243587117
0.9832434272723111	0.9834655129762317	0.9867618681661896	0.9840142334515122	0.9840504904279427	0.9858484190345396	0.9806152031282989	0.9876181408068657	1.0	0.9810946135163162	0.9708856505000206	0.9855035566594441	0.9779322584445591	0.976685301564893	0.9849441333971635	0.979551706482697	0.9795173355256219	0.9874878479947258	0.9827570155036313	0.9863590206349043	0.9793883727363416	0.9768663876847247	0.9853645916473672	0.9840504904279427	0.9879738098932768	0.9858484190345396	0.9873242533463776	0.9857109081437775	0.9763659566355104	0.9839779363530038	0.9722665949629002	0.9779162197404556	0.9859853569017648
0.980578889767375	0.9809583548964689	0.9847360927836304	0.9828244412261978	0.9811854520926991	0.9822666129832973	0.9787009276247528	0.9850249160330021	0.9810946135163162	1.0	0.9731529640708129	0.9837047106937238	0.9786565804418713	0.9792516442747474	0.9823001363643371	0.9814213390510343	0.9816818069777286	0.9842980359839598	0.9794254119435148	0.9837645285716005	0.9821155926105548	0.9782746175143257	0.9827016222611467	0.9813449282980017	0.9849673542982972	0.982639830710035	0.9834643418702652	0.9821098413070289	0.9778028204974673	0.9815057589489197	0.9741566140710356	0.982933828378788	0.9767234708652922
0.9747217056071584	0.9771196834663938	0.9799292305158284	0.9754785503301726	0.9788932718576645	0.9790193368377775	0.9717151880423813	0.9810123526467425	0.9708856505000206	0.9731529640708129	1.0	0.978341290234278	0.9649665092747682	0.9654163549709326	0.9767620714417496	0.9691482775487952	0.9675961694978317	0.9800919760242564	0.9753849028219319	0.9770751961305029	0.9659853662437139	0.9676950200717149	0.9805754045485346	0.9775173588601881	0.9819075320183879	0.9785121277383684	0.9799292305158284	0.9776488459391036	0.9646412951742498	0.9742395664227141	0.973442654019733	0.9642102523635838	0.9724420471195017
0.9856362589986384	0.9858325520984562	0.982651209431413	0.9884369391170579	0.9857514145139226	0.9808525122501054	0.9819136933190904	0.9831304335244276	0.9855035566594441	0.9837047106937238	0.978341290234278	1.0	0.9827489896608285	0.9846887331496784	0.9872513267806384	0.9866831130493587	0.9875005015141798	0.9870992563523808	0.9832928158508416	0.9857590300224147	0.9864459852078982	0.9826578053909638	0.9854192023856423	0.9868864230404781	0.9859927887157041	0.9842232974538987	0.9845913937585471	0.9846054440760487	0.9834624595912682	0.986724669716642	0.9797842383308459	0.9868655809875115	0.9811728876394922
0.980912420194543	0.9795019233547116	0.984324768867645	0.9800331293619442	0.9819493425527455	0.984390172529872	0.9795776981113972	0.9863556491527674	0.9779322584445591	0.9786565804418713	0.9649665092747682	0.9827489896608285	1.0	0.9793336964926257	0.9845205900649427	0.981038594615082	0.9845668555076302	0.9860464830911997	0.9816310418726492	0.9856716036511681	0.9827534291790655	0.9757022863022284	0.9833951546678089	0.982019657607908	0.9862940481062438	0.983830040437706	0.9850371389976413	0.9840288280962464	0.9786500039632633	0.9833951546678089	0.9661909105350581	0.9832644197905731	0.9773054619004607
0.9813592820429977	0.9815512768559105	0.9861849283051596	0.9790456067573449	0.9835200625498496	0.9841626747290474	0.9814362152324392	0.9871996077328671	0.976685301564893	0.9792516442747474	0.9654163549709326	0.9846887331496784	0.9793336964926257	1.0	0.9840564432759351	0.9846539237311407	0.9812602247850433	0.9863507186282439	0.9829380817091926	0.9909719372773881	0.981134910524888	0.9745753805558749	0.9836639574652324	0.9836639574652324	0.9871350806431775	0.9851379284122257	0.9853431947026088	0.9884332472859213	0.9773051313571933	0.9833393011602949	0.9670818802056215	0.9802131858085373	0.9786295874865776
0.985111336505886	0.984353246553668	0.9884004743363846	0.9862659563603716	0.9860605944976532	0.9877104460186221	0.982646164120653	0.9913144289541765	0.9849441333971635	0.9823001363643371	0.9767620714417496	0.9872513267806384	0.9845205900649427	0.9840564432759351	1.0	0.9873250468944031	0.9962347045955685	0.9901646005609785	0.98534794901122	0.9889732642024396	0.988197697006111	0.9826204916290977	0.9875491341529006	0.9866096336324471	0.9901894865731078	0.9878175498328798	0.9940585559846746	0.9888180334359076	0.9831724468956804	0.9881872313618348	0.9786354786012648	0.9896499798259747	0.9814998363034497
0.9845057820443932	0.9833066140878038	0.9873885568245272	0.9820830727960399	0.9857961347533318	0.9868447746202619	0.982763297469476	0.9889377549959485	0.979551706482697	0.9814213390510343	0.9691482775487952	0.9866831130493587	0.981038594615082	0.9846539237311407	0.9873250468944031	1.0	0.9843745041103494	0.9890284306052356	0.9857294705778176	0.9919719028158976	0.9831848464647459	0.9773665430967541	0.9855622159726363	0.985862663958254	0.9895376014527045	0.9872614141685078	0.9878922727327714	0.9897449965109216	0.9802811096445803	0.9865857333195877	0.9702594866172779	0.9832644197905731	0.9813451476208448
0.9855120609496145	0.9839863849017755	0.9887398522802956	0.9814295101401659	0.9862126553044533	0.9886044268130589	0.9831560694225208	0.9917412704682937	0.9795173355256219	0.9816818069777286	0.9675961694978317	0.9875005015141798	0.9845668555076302	0.9812602247850433	0.9962347045955685	0.9843745041103494	1.0	0.9901292156561845	0.9861396078940273	0.9898363818581914	0.9835540813069749	0.9779590300596873	0.9869343404269063	0.9870056455892898	0.9904194740906507	0.9887736218743578	0.9943789519110563	0.9899016809792435	0.9800940339710312	0.9886044268130589	0.9683738034305335	0.9825998672881439	0.982509020953965
0.987737457075286	0.9863013480843188	0.988667423929451	0.9895905750854608	0.9864777665447284	0.988078797931265	0.9835914227634566	0.9911934753832016	0.9874878479947258	0.9842980359839598	0.9800919760242564	0.9870992563523808	0.9860464830911997	0.9863507186282439	0.9901646005609785	0.9890284306052356	0.9901292156561845	1.0	0.9858080881332537	0.988667423929451	0.9888927526912626	0.9844006732794924	0.9878303983650984	0.9893036872631188	0.9911934753832016	0.9874542496106257	0.9895311092457265	0.9875298239801585	0.9857283387427455	0.9889608326728558	0.9816321059062866	0.990678573259614	0.982513071574811
0.9843680692009215	0.9810896278899466	0.9840678465013019	0.9862659563603716	0.9831483627139639	0.9838115329430417	0.9803100694967216	0.9858618516761583	0.9827570155036313	0.9794254119435148	0.9753849028219319	0.9832928158508416	0.9816310418726492	0.9829380817091926	0.98534794901122	0.9857294705778176	0.9861396078940273	0.9858080881332537	1.0	0.9846303624707721	0.98676196508938	0.9804599652641116	0.9842940114596328	0.9869690077246527	0.9889367356742523	0.9842376162225766	0.9847417177672065	0.9833798406700277	0.9825103786505508	0.9851052223966686	0.9766042824461586	0.9842366498757565	0.9780770868330511
0.9866335444525534	0.9849315453667427	0.987314204537957	0.9886217978611496	0.9858057723211027	0.9860449626307399	0.9837101531940038	0.9883679191659258	0.9863590206349043	0.9837645285716005	0.9770751961305029	0.9857590300224147	0.9856716036511681	0.9909719372773881	0.9889732642024396	0.9919719028158976	0.9898363818581914	0.988667423929451	0.9846303624707721	1.0	0.9892834441109877	0.9840808638408505	0.9863387948402086	0.9878104624340787	0.9891543259104748	0.9867870760681955	0.9875375572480022	0.9901973414171242	0.9862960350154383	0.9881332039996701	0.97936569986675	0.9886681068598584	0.981727794129446
0.9844835159575688	0.9830677494030647	0.9875559446673597	0.9817512723708124	0.9844460446512826	0.9882645281060044	0.9835721759050327	0.9894448757795586	0.9793883727363416	0.9821155926105548	0.9659853662437139	0.9864459852078982	0.9827534291790655	0.981134910524888	0.988197697006111	0.9831848464647459	0.9835540813069749	0.9888927526912626	0.98676196508938	0.9892834441109877	1.0	0.9770767155819392	0.9876240895970336	0.9885636016066134	0.9928392928816906	0.9876581092375332	0.9888271849217031	0.9875559446673597	0.9795193830954583	0.9860556178370774	0.9673444379202105	0.9802131858085373	0.9821155926105548
0.9814808345562251	0.9804998246061271	0.9847173958125633	0.9803801004422384	0.9817119625883198	0.9834317351687205	0.9782319446782763	0.9856496332108899	0.9768663876847247	0.9782746175143257	0.9676950200717149	0.9826578053909638	0.9757022863022284	0.9745753805558749	0.9826204916290977	0.9773665430967541	0.9779590300596873	0.9844006732794924	0.9804599652641116	0.9840808638408505	0.9770767155819392	1.0	0.9833952928711142	0.9828807997600836	0.9860892245890445	0.9835771005955725	0.9846823549793284	0.9830286238807381	0.9740455242440547	0.9818269172767724	0.9691248403498323	0.9771320541270598	0.9794473416743343
0.9860673772735752	0.985328780438142	0.9877586602271736	0.9890794586069139	0.9852581041342757	0.9866482530793443	0.9824106862646936	0.9891911741609488	0.9853645916473672	0.9827016222611467	0.9805754045485346	0.9854192023856423	0.9833951546678089	0.9836639574652324	0.9875491341529006	0.9855622159726363	0.9869343404269063	0.9878303983650984	0.9842940114596328	0.9863387948402086	0.9876240895970336	0.9833952928711142	1.0	0.9890465635927416	0.9910841218117766	0.9861569232719598	0.9877586602271736	0.9858427829740906	0.9830264724803457	0.986355775339876	0.9815196235942565	0.9878609878064288	0.9810170615003674
0.9845778862444402	0.9849273591908249	0.9884999862546141	0.98771854525177	0.985964034794915	0.9877030887123802	0.9820231916113894	0.9897615176672492	0.9840504904279427	0.9813449282980017	0.9775173588601881	0.9868864230404781	0.982019657607908	0.9836639574652324	0.9866096336324471	0.985862663958254	0.9870056455892898	0.9893036872631188	0.9869690077246527	0.9878104624340787	0.9885636016066134	0.9828807997600836	0.9890465635927416	1.0	0.9963368607691817	0.9878372512424681	0.9887353444614595	0.9875143379118795	0.9823987211696218	0.9858959948067044	0.9799028420576136	0.9859258848772381	0.9807853677471281
0.9889104842441893	0.9874845510869165	0.98820099723251	0.9913620430467541	0.9881126983978278	0.9870919230449114	0.9850170726452671	0.9893178992591836	0.9879738098932768	0.9849673542982972	0.9819075320183879	0.9859927887157041	0.9862940481062438	0.9871350806431775	0.9901894865731078	0.9895376014527045	0.9904194740906507	0.9911934753832016	0.9889367356742523	0.9891543259104748	0.9928392928816906	0.9860892245890445	0.9910841218117766	0.9963368607691817	1.0	0.9871566091174637	0.9883795831702668	0.987765661331957	0.9863952068380062	0.9894060228395767	0.9839091443090349	0.9908655860200661	0.9835123599050006
0.9862098357415527	0.9847885029002297	0.9855483220975353	0.9889884333787892	0.9860762207881245	0.9844564899314595	0.9820698156326674	0.9870851864118005	0.9858484190345396	0.982639830710035	0.9785121277383684	0.9842232974538987	0.983830040437706	0.9851379284122257	0.9878175498328798	0.9872614141685078	0.9887736218743578	0.9874542496106257	0.9842376162225766	0.9867870760681955	0.9876581092375332	0.9835771005955725	0.9861569232719598	0.9878372512424681	0.9871566091174637	1.0	0.9854299547699086	0.9851237235072046	0.9845975221749503	0.9876977643860813	0.9812367141147771	0.9872423954545128	0.981819370430943
0.986968624312244	0.9857769574105713	0.9865642550647931	0.9884369391170579	0.9861569232719598	0.9858289497851926	0.9837101531940038	0.9899254534616349	0.9873242533463776	0.9834643418702652	0.9799292305158284	0.9845913937585471	0.9850371389976413	0.9853431947026088	0.9940585559846746	0.9878922727327714	0.9943789519110563	0.9895311092457265	0.9847417177672065	0.9875375572480022	0.9888271849217031	0.9846823549793284	0.9877586602271736	0.9887353444614595	0.9883795831702668	0.9854299547699086	1.0	0.9874557753644758	0.984492762803346	0.9898709410770621	0.9832745477927171	0.9910144375429215	0.9823635122706127
0.9852579918210475	0.9842683259880127	0.9858861216708553	0.988529498123751	0.9853683706731337	0.9843168630543065	0.982564462148572	0.9874318167129685	0.9857109081437775	0.9821098413070289	0.9776488459391036	0.9846054440760487	0.9840288280962464	0.9884332472859213	0.9888180334359076	0.9897449965109216	0.9899016809792435	0.9875298239801585	0.9833798406700277	0.9901973414171242	0.9875559446673597	0.9830286238807381	0.9858427829740906	0.9875143379118795	0.987765661331957	0.9851237235072046	0.9874557753644758	1.0	0.984387667938702	0.9876703572651192	0.9804894865321672	0.988387858986194	0.9807031636032524
0.9817587002646808	0.9798809078960877	0.9847713814732181	0.9791067429357406	0.9819104231060705	0.983785686242264	0.9787752045541273	0.9863291255382803	0.9763659566355104	0.9778028204974673	0.9646412951742498	0.9834624595912682	0.9786500039632633	0.9773051313571933	0.9831724468956804	0.9802811096445803	0.9800940339710312	0.9857283387427455	0.9825103786505508	0.9862960350154383	0.9795193830954583	0.9740455242440547	0.9830264724803457	0.9823987211696218	0.9863952068380062	0.9845975221749503	0.984492762803346	0.984387667938702	1.0	0.9829532406921433	0.9677773386329793	0.9784650080963981	0.9784402625143905
0.9842036563598561	0.9835263981042802	0.9879977465930755	0.9857336185118538	0.9858090652915368	0.9873950237184792	0.9823548349326734	0.9930706771678129	0.9839779363530038	0.9815057589489197	0.9742395664227141	0.986724669716642	0.9833951546678089	0.9833393011602949	0.9881872313618348	0.9865857333195877	0.9886044268130589	0.9889608326728558	0.9851052223966686	0.9881332039996701	0.9860556178370774	0.9818269172767724	0.986355775339876	0.9858959948067044	0.9894060228395767	0.9876977643860813	0.9898709410770621	0.9876703572651192	0.9829532406921433	1.0	0.9804894865321672	0.9916760931116991	0.9813731542010866
0.9760760546615658	0.9786354786012648	0.9844287530390268	0.9768652162138686	0.979961982810079	0.9823539662623628	0.9732253668468327	0.9897480029235658	0.9722665949629002	0.9741566140710356	0.973442654019733	0.9797842383308459	0.9661909105350581	0.9670818802056215	0.9786354786012648	0.9702594866172779	0.9683738034305335	0.9816321059062866	0.9766042824461586	0.97936569986675	0.9673444379202105	0.9691248403498323	0.9815196235942565	0.9799028420576136	0.9839091443090349	0.9812367141147771	0.9832745477927171	0.9804894865321672	0.9677773386329793	0.9804894865321672	1.0	0.8001986519915532	0.9748552133384649
0.9856648723251001	0.9839617984959803	0.9878201079751379	0.9807249774639353	0.9856648723251001	0.9866119518956684	0.9833113760751567	0.9942651826960955	0.9779162197404556	0.982933828378788	0.9642102523635838	0.9868655809875115	0.9832644197905731	0.9802131858085373	0.9896499798259747	0.9832644197905731	0.9825998672881439	0.990678573259614	0.9842366498757565	0.9886681068598584	0.9802131858085373	0.9771320541270598	0.9878609878064288	0.9859258848772381	0.9908655860200661	0.9872423954545128	0.9910144375429215	0.988387858986194	0.9784650080963981	0.9916760931116991	0.8001986519915532	1.0	0.9812788459276662
0.9802395506367001	0.9786236661798423	0.9821831347276081	0.9861998837194871	0.9795079119701059	0.9808918637414031	0.9753492016701373	0.983829243587117	0.9859853569017648	0.9767234708652922	0.9724420471195017	0.9811728876394922	0.9773054619004607	0.9786295874865776	0.9814998363034497	0.9813451476208448	0.982509020953965	0.982513071574811	0.9780770868330511	0.981727794129446	0.9821155926105548	0.9794473416743343	0.9810170615003674	0.9807853677471281	0.9835123599050006	0.981819370430943	0.9823635122706127	0.9807031636032524	0.9784402625143905	0.9813731542010866	0.9748552133384649	0.9812788459276662	1.0
