/home/jshaw/scratch/2022_sketched_distance/references/SGB_genome_fastas_part5/14844/FengQ_2015__SID31285__bin.2.fa	/home/jshaw/scratch/2022_sketched_distance/references/SGB_genome_fastas_part5/14844/FengQ_2015__SID31877__bin.4.fa	/home/jshaw/scratch/2022_sketched_distance/references/SGB_genome_fastas_part5/14844/FengQ_2015__SID530373__bin.42.fa	/home/jshaw/scratch/2022_sketched_distance/references/SGB_genome_fastas_part5/14844/FengQ_2015__SID531663__bin.6.fa	/home/jshaw/scratch/2022_sketched_distance/references/SGB_genome_fastas_part5/14844/KarlssonFH_2013__S312__bin.88.fa	/home/jshaw/scratch/2022_sketched_distance/references/SGB_genome_fastas_part5/14844/KarlssonFH_2013__S487__bin.70.fa	/home/jshaw/scratch/2022_sketched_distance/references/SGB_genome_fastas_part5/14844/KarlssonFH_2013__S552__bin.21.fa	/home/jshaw/scratch/2022_sketched_distance/references/SGB_genome_fastas_part5/14844/LeChatelierE_2013__MH0131__bin.16.fa	/home/jshaw/scratch/2022_sketched_distance/references/SGB_genome_fastas_part5/14844/LeChatelierE_2013__MH0203__bin.20.fa	/home/jshaw/scratch/2022_sketched_distance/references/SGB_genome_fastas_part5/14844/LeChatelierE_2013__MH0441__bin.21.fa	/home/jshaw/scratch/2022_sketched_distance/references/SGB_genome_fastas_part5/14844/LiJ_2014__O2.UC8-0__bin.56.fa	/home/jshaw/scratch/2022_sketched_distance/references/SGB_genome_fastas_part5/14844/LiSS_2016__FAT_015-22-42-0__bin.65.fa	/home/jshaw/scratch/2022_sketched_distance/references/SGB_genome_fastas_part5/14844/LiSS_2016__FAT_023-22-42-0__bin.3.fa	/home/jshaw/scratch/2022_sketched_distance/references/SGB_genome_fastas_part5/14844/LiSS_2016__FAT_023-22-84-0__bin.45.fa	/home/jshaw/scratch/2022_sketched_distance/references/SGB_genome_fastas_part5/14844/NielsenHB_2014__O2_UC19_2__bin.13.fa	/home/jshaw/scratch/2022_sketched_distance/references/SGB_genome_fastas_part5/14844/NielsenHB_2014__V1_UC17_2__bin.49.fa	/home/jshaw/scratch/2022_sketched_distance/references/SGB_genome_fastas_part5/14844/NielsenHB_2014__V1_UC31_4__bin.2.fa	/home/jshaw/scratch/2022_sketched_distance/references/SGB_genome_fastas_part5/14844/RaymondF_2016__P1E0__bin.56.fa	/home/jshaw/scratch/2022_sketched_distance/references/SGB_genome_fastas_part5/14844/RaymondF_2016__P1E7__bin.49.fa	/home/jshaw/scratch/2022_sketched_distance/references/SGB_genome_fastas_part5/14844/XieH_2016__YSZC12003_35519__bin.81.fa	/home/jshaw/scratch/2022_sketched_distance/references/SGB_genome_fastas_part5/14844/XieH_2016__YSZC12003_35703__bin.62.fa	/home/jshaw/scratch/2022_sketched_distance/references/SGB_genome_fastas_part5/14844/XieH_2016__YSZC12003_35705__bin.70.fa	/home/jshaw/scratch/2022_sketched_distance/references/SGB_genome_fastas_part5/14844/XieH_2016__YSZC12003_37172__bin.63.fa	/home/jshaw/scratch/2022_sketched_distance/references/SGB_genome_fastas_part5/14844/XieH_2016__YSZC12003_37191R1__bin.4.fa	/home/jshaw/scratch/2022_sketched_distance/references/SGB_genome_fastas_part5/14844/XieH_2016__YSZC12003_37255__bin.59.fa	/home/jshaw/scratch/2022_sketched_distance/references/SGB_genome_fastas_part5/14844/ZeeviD_2015__PNP_Main_295__bin.23.fa	/home/jshaw/scratch/2022_sketched_distance/references/SGB_genome_fastas_part5/14844/ZellerG_2014__CCMD63399960ST-21-0__bin.3.fa
1.0	0.9730081160940193	0.9791271558429734	0.9814720578841256	0.9848281123140749	0.9832342138668555	0.9860134420534695	0.9767279364993106	0.9840453283874511	0.9789064588819896	0.976134919798525	0.9845676206135057	0.9828526786492425	0.9822958331412025	0.9776910303312502	0.9846771638960867	0.9777210261720045	0.9833904150266394	0.976936276029133	0.9792170826389863	0.9791844779842004	0.9785993870407479	0.9856244072951054	0.9830242039867338	0.9788866227962768	0.9843921111344053	0.9836420569250109
0.9730081160940193	1.0	0.9711637840158183	0.9709743801101618	0.9727040911131611	0.9716355444820098	0.9737054903523354	0.9682996775402862	0.971843060175909	0.9698144072427202	0.9688201486732994	0.973685375378807	0.9715152216799816	0.9702996552660713	0.9684736300441791	0.9722855747561228	0.9703591098317457	0.9727300572507583	0.9693592404669686	0.9703349548159851	0.9726106845083232	0.9673432425799728	0.972432824302783	0.971933996348247	0.9694067582426094	0.9712460009324592	0.972496588872098
0.9791271558429734	0.9711637840158183	1.0	0.975604910370118	0.9817003945742051	0.97614461696119	0.9781362297383803	0.9726372312425513	0.9770797741181985	0.9740037980543439	0.9710513104031648	0.9774588916890911	0.9761580377636595	0.9747460511269138	0.9731787891535822	0.9773347825255998	0.9736924274723727	0.9769310677683529	0.9732242544990113	0.972408572631916	0.9743331973816052	0.9732242544990113	0.9780853427483895	0.9777009394471793	0.9735960367425267	0.9774815858204983	0.9768801580896217
0.9814720578841256	0.9709743801101618	0.975604910370118	1.0	0.9815331906776028	0.9800429144937446	0.9820034517075499	0.9754734340886493	0.9799998832799672	0.9754610821019374	0.9731409746814053	0.9813113533258031	0.9800787379997202	0.9783309895426697	0.975478159803695	0.980912152839056	0.9747409613518838	0.9797345154616032	0.9741758709367143	0.97529286287495	0.9753103668616351	0.9748609457179189	0.9815924241637167	0.9796577113162824	0.9747736782133686	0.9804162001630671	0.9808198891266777
0.9848281123140749	0.9727040911131611	0.9817003945742051	0.9815331906776028	1.0	0.9831162965005273	0.9852810462065754	0.9766357391350559	0.9827602679895184	0.9781069809315484	0.9751373663538071	0.9837360323366798	0.9823509030042957	0.9812562264791823	0.9773113382972476	0.9837198092636183	0.9769442650699675	0.9822632722957413	0.976732975941766	0.9786154746570758	0.9786616744112593	0.9778296152007533	0.9847399814964086	0.9833002429349662	0.9782693749904227	0.9831938539442487	0.9838126681099414
0.9832342138668555	0.9716355444820098	0.97614461696119	0.9800429144937446	0.9831162965005273	1.0	0.9837805928972853	0.9754590773747599	0.9813000605562716	0.9765266289045897	0.9743502022026335	0.9825605166507115	0.9816601923089909	0.9807567262428657	0.9757010851801962	0.9830041435352677	0.9769799708626742	0.9814657980436026	0.9744408309984153	0.9772308653089091	0.9763690892221129	0.9770123897678359	0.9831378125342604	0.9818135231213274	0.9767833378732924	0.9816216542306817	0.9823811278205341
0.9860134420534695	0.9737054903523354	0.9781362297383803	0.9820034517075499	0.9852810462065754	0.9837805928972853	1.0	0.9767454618369958	0.9835748647639712	0.9780715187466829	0.9765973620323782	0.9850029457045173	0.9828390197954974	0.9820039761831437	0.9769357706110279	0.9840520825491366	0.9779542568831441	0.9836373913827249	0.9774613798998096	0.9796852379695051	0.9784600346436763	0.9787507372414103	0.9854277964850836	0.9834257685857144	0.9785096083651235	0.9842728641316467	0.9836906296970735
0.9767279364993106	0.9682996775402862	0.9726372312425513	0.9754734340886493	0.9766357391350559	0.9754590773747599	0.9767454618369958	1.0	0.9765541474067104	0.9742431664858198	0.9719220390355289	0.9767732730045172	0.9744302835518759	0.9738838505411076	0.973183234649165	0.9763626958803185	0.9737235172424431	0.9745724302374611	0.9696761207125142	0.9727443742292081	0.9716191109044373	0.9724559742339205	0.9765555949453458	0.9754463641495481	0.9709102518597388	0.9756075893440198	0.9757779574266502
0.9840453283874511	0.971843060175909	0.9770797741181985	0.9799998832799672	0.9827602679895184	0.9813000605562716	0.9835748647639712	0.9765541474067104	1.0	0.9780661747689635	0.9749564229993313	0.9825183131560195	0.9807937860307724	0.9802576243892804	0.9775557887576208	0.9824505773306528	0.9773745031797018	0.9811042896087625	0.9757555725610132	0.9769487601055601	0.9769110115995528	0.9765763012903393	0.983930032687186	0.9814552864062144	0.9762437324618939	0.9821336887656316	0.9822089468908204
0.9789064588819896	0.9698144072427202	0.9740037980543439	0.9754610821019374	0.9781069809315484	0.9765266289045897	0.9780715187466829	0.9742431664858198	0.9780661747689635	1.0	0.9736366521216796	0.9775009351933409	0.9765203289105918	0.9756442586888594	0.9740400251384004	0.9772396590263658	0.9768089436776031	0.9762159188881505	0.9720594299890997	0.9722996527122197	0.9720544121985473	0.9724115380057263	0.978506320456844	0.9769260792341589	0.9729706728644792	0.9771284825941647	0.9770825108982935
0.976134919798525	0.9688201486732994	0.9710513104031648	0.9731409746814053	0.9751373663538071	0.9743502022026335	0.9765973620323782	0.9719220390355289	0.9749564229993313	0.9736366521216796	1.0	0.9756046771444457	0.974688316072212	0.9724677968663982	0.9726221210195275	0.9747890439173555	0.9747632238632377	0.9745614648925751	0.970145410391173	0.9720959175168211	0.9728102542951911	0.9709184738746112	0.9754175026423075	0.9751742197115211	0.9709244667398719	0.9740178826410255	0.9752693536864557
0.9845676206135057	0.973685375378807	0.9774588916890911	0.9813113533258031	0.9837360323366798	0.9825605166507115	0.9850029457045173	0.9767732730045172	0.9825183131560195	0.9775009351933409	0.9756046771444457	1.0	0.9820989024384656	0.981091735298192	0.9769640256248966	0.9832189520462757	0.9777892918149167	0.9820369303735211	0.9761817028912289	0.9787677614056742	0.9783647471333756	0.9784929051453423	0.9839476397534118	0.9828766092309722	0.977268725690999	0.9825455370793502	0.9830242557382535
0.9828526786492425	0.9715152216799816	0.9761580377636595	0.9800787379997202	0.9823509030042957	0.9816601923089909	0.9828390197954974	0.9744302835518759	0.9807937860307724	0.9765203289105918	0.974688316072212	0.9820989024384656	1.0	0.9906638686988145	0.976426080402702	0.9819936522439928	0.9759714707364596	0.9816356868104062	0.9762178451220356	0.9765903629855411	0.9782801562683586	0.9772088245792979	0.9833950785302353	0.9814798442758337	0.976686150990316	0.9816831521416631	0.9814536369450332
0.9822958331412025	0.9702996552660713	0.9747460511269138	0.9783309895426697	0.9812562264791823	0.9807567262428657	0.9820039761831437	0.9738838505411076	0.9802576243892804	0.9756442586888594	0.9724677968663982	0.981091735298192	0.9906638686988145	1.0	0.9750524680469759	0.9811913346658092	0.9747798352064178	0.9804123298158499	0.9746059768254944	0.9747559400915443	0.9770002955454865	0.9752877468800203	0.982294372631446	0.9803930694005247	0.9750429820833239	0.9815571449476833	0.9803430584483334
0.9776910303312502	0.9684736300441791	0.9731787891535822	0.975478159803695	0.9773113382972476	0.9757010851801962	0.9769357706110279	0.973183234649165	0.9775557887576208	0.9740400251384004	0.9726221210195275	0.9769640256248966	0.976426080402702	0.9750524680469759	1.0	0.9769846818149197	0.9741279327127962	0.9753368290845186	0.9705085590941298	0.9720697001064328	0.9722015000324877	0.9708460299409136	0.9779267315302458	0.9755220890689964	0.9707245530249464	0.9751885726987437	0.9764731808256195
0.9846771638960867	0.9722855747561228	0.9773347825255998	0.980912152839056	0.9837198092636183	0.9830041435352677	0.9840520825491366	0.9763626958803185	0.9824505773306528	0.9772396590263658	0.9747890439173555	0.9832189520462757	0.9819936522439928	0.9811913346658092	0.9769846818149197	1.0	0.9776500102870579	0.9822289895579706	0.9753482099982496	0.9777107042104013	0.9775375661645019	0.9772002657029049	0.9844885911381733	0.9820641596468913	0.9778212071625323	0.9833262890081071	0.9830328348453136
0.9777210261720045	0.9703591098317457	0.9736924274723727	0.9747409613518838	0.9769442650699675	0.9769799708626742	0.9779542568831441	0.9737235172424431	0.9773745031797018	0.9768089436776031	0.9747632238632377	0.9777892918149167	0.9759714707364596	0.9747798352064178	0.9741279327127962	0.9776500102870579	1.0	0.976406398100385	0.969731522676655	0.9729362155493729	0.971249093957555	0.9724928748063516	0.9779693616297387	0.9762319011441994	0.9721861909971673	0.9766295014520924	0.9774322272016766
0.9833904150266394	0.9727300572507583	0.9769310677683529	0.9797345154616032	0.9822632722957413	0.9814657980436026	0.9836373913827249	0.9745724302374611	0.9811042896087625	0.9762159188881505	0.9745614648925751	0.9820369303735211	0.9816356868104062	0.9804123298158499	0.9753368290845186	0.9822289895579706	0.976406398100385	1.0	0.9894133029723349	0.9764773189416983	0.9785805805662134	0.9765810598521569	0.9832868458847397	0.9813321647016531	0.9766112001363676	0.9817479170460285	0.9815244560824855
0.976936276029133	0.9693592404669686	0.9732242544990113	0.9741758709367143	0.976732975941766	0.9744408309984153	0.9774613798998096	0.9696761207125142	0.9757555725610132	0.9720594299890997	0.970145410391173	0.9761817028912289	0.9762178451220356	0.9746059768254944	0.9705085590941298	0.9753482099982496	0.969731522676655	0.9894133029723349	1.0	0.9722575580713843	0.9744586956590102	0.9734959909799755	0.9766112001363676	0.9758830200929638	0.971927554816875	0.9754978969881246	0.9758964519417861
0.9792170826389863	0.9703349548159851	0.972408572631916	0.97529286287495	0.9786154746570758	0.9772308653089091	0.9796852379695051	0.9727443742292081	0.9769487601055601	0.9722996527122197	0.9720959175168211	0.9787677614056742	0.9765903629855411	0.9747559400915443	0.9720697001064328	0.9777107042104013	0.9729362155493729	0.9764773189416983	0.9722575580713843	1.0	0.9749162029333833	0.9740651413285828	0.9786433560843906	0.9773243153868102	0.9744400622510698	0.9767523246492562	0.9774370801463396
0.9791844779842004	0.9726106845083232	0.9743331973816052	0.9753103668616351	0.9786616744112593	0.9763690892221129	0.9784600346436763	0.9716191109044373	0.9769110115995528	0.9720544121985473	0.9728102542951911	0.9783647471333756	0.9782801562683586	0.9770002955454865	0.9722015000324877	0.9775375661645019	0.971249093957555	0.9785805805662134	0.9744586956590102	0.9749162029333833	1.0	0.9745510177239431	0.979035260033932	0.9773684273526411	0.9731355911181074	0.9773980867564379	0.9778710746633267
0.9785993870407479	0.9673432425799728	0.9732242544990113	0.9748609457179189	0.9778296152007533	0.9770123897678359	0.9787507372414103	0.9724559742339205	0.9765763012903393	0.9724115380057263	0.9709184738746112	0.9784929051453423	0.9772088245792979	0.9752877468800203	0.9708460299409136	0.9772002657029049	0.9724928748063516	0.9765810598521569	0.9734959909799755	0.9740651413285828	0.9745510177239431	1.0	0.9779457955253132	0.9773177409477664	0.9745897778078145	0.9759458231860454	0.976966778632004
0.9856244072951054	0.972432824302783	0.9780853427483895	0.9815924241637167	0.9847399814964086	0.9831378125342604	0.9854277964850836	0.9765555949453458	0.983930032687186	0.978506320456844	0.9754175026423075	0.9839476397534118	0.9833950785302353	0.982294372631446	0.9779267315302458	0.9844885911381733	0.9779693616297387	0.9832868458847397	0.9766112001363676	0.9786433560843906	0.979035260033932	0.9779457955253132	1.0	0.9837736396306465	0.9784554566245102	0.9842083288057487	0.9838185864023298
0.9830242039867338	0.971933996348247	0.9777009394471793	0.9796577113162824	0.9833002429349662	0.9818135231213274	0.9834257685857144	0.9754463641495481	0.9814552864062144	0.9769260792341589	0.9751742197115211	0.9828766092309722	0.9814798442758337	0.9803930694005247	0.9755220890689964	0.9820641596468913	0.9762319011441994	0.9813321647016531	0.9758830200929638	0.9773243153868102	0.9773684273526411	0.9773177409477664	0.9837736396306465	1.0	0.977790117522148	0.9817299872277959	0.9815048738238549
0.9788866227962768	0.9694067582426094	0.9735960367425267	0.9747736782133686	0.9782693749904227	0.9767833378732924	0.9785096083651235	0.9709102518597388	0.9762437324618939	0.9729706728644792	0.9709244667398719	0.977268725690999	0.976686150990316	0.9750429820833239	0.9707245530249464	0.9778212071625323	0.9721861909971673	0.9766112001363676	0.971927554816875	0.9744400622510698	0.9731355911181074	0.9745897778078145	0.9784554566245102	0.977790117522148	1.0	0.9769586563943418	0.976562181252306
0.9843921111344053	0.9712460009324592	0.9774815858204983	0.9804162001630671	0.9831938539442487	0.9816216542306817	0.9842728641316467	0.9756075893440198	0.9821336887656316	0.9771284825941647	0.9740178826410255	0.9825455370793502	0.9816831521416631	0.9815571449476833	0.9751885726987437	0.9833262890081071	0.9766295014520924	0.9817479170460285	0.9754978969881246	0.9767523246492562	0.9773980867564379	0.9759458231860454	0.9842083288057487	0.9817299872277959	0.9769586563943418	1.0	0.9823730818816521
0.9836420569250109	0.972496588872098	0.9768801580896217	0.9808198891266777	0.9838126681099414	0.9823811278205341	0.9836906296970735	0.9757779574266502	0.9822089468908204	0.9770825108982935	0.9752693536864557	0.9830242557382535	0.9814536369450332	0.9803430584483334	0.9764731808256195	0.9830328348453136	0.9774322272016766	0.9815244560824855	0.9758964519417861	0.9774370801463396	0.9778710746633267	0.976966778632004	0.9838185864023298	0.9815048738238549	0.976562181252306	0.9823730818816521	1.0
