/home/jshaw/scratch/2022_sketched_distance/references/SGB_genome_fastas_part1_redo/1673/CosteaPI_2017__SID713B044-11-0-0__bin.44.fa	/home/jshaw/scratch/2022_sketched_distance/references/SGB_genome_fastas_part1_redo/1673/CosteaPI_2017__SID713B044-11-90-0__bin.58.fa	/home/jshaw/scratch/2022_sketched_distance/references/SGB_genome_fastas_part1_redo/1673/LiJ_2014__MH0357__bin.54.fa	/home/jshaw/scratch/2022_sketched_distance/references/SGB_genome_fastas_part1_redo/1673/LiJ_2014__MH0400__bin.45.fa	/home/jshaw/scratch/2022_sketched_distance/references/SGB_genome_fastas_part1_redo/1673/LiuW_2016__SRR3992956__bin.43.fa	/home/jshaw/scratch/2022_sketched_distance/references/SGB_genome_fastas_part1_redo/1673/LiuW_2016__SRR3992961__bin.41.fa	/home/jshaw/scratch/2022_sketched_distance/references/SGB_genome_fastas_part1_redo/1673/LiuW_2016__SRR3992966__bin.11.fa	/home/jshaw/scratch/2022_sketched_distance/references/SGB_genome_fastas_part1_redo/1673/LiuW_2016__SRR3992978__bin.42.fa	/home/jshaw/scratch/2022_sketched_distance/references/SGB_genome_fastas_part1_redo/1673/LiuW_2016__SRR3992980__bin.37.fa	/home/jshaw/scratch/2022_sketched_distance/references/SGB_genome_fastas_part1_redo/1673/LiuW_2016__SRR3993001__bin.60.fa	/home/jshaw/scratch/2022_sketched_distance/references/SGB_genome_fastas_part1_redo/1673/LiuW_2016__SRR3993034__bin.53.fa	/home/jshaw/scratch/2022_sketched_distance/references/SGB_genome_fastas_part1_redo/1673/LiuW_2016__SRR3993043__bin.20.fa	/home/jshaw/scratch/2022_sketched_distance/references/SGB_genome_fastas_part1_redo/1673/LiuW_2016__SRR3993054__bin.15.fa	/home/jshaw/scratch/2022_sketched_distance/references/SGB_genome_fastas_part1_redo/1673/NielsenHB_2014__O2_UC12_2__bin.35.fa	/home/jshaw/scratch/2022_sketched_distance/references/SGB_genome_fastas_part1_redo/1673/Obregon-TitoAJ_2015__SM01__bin.37.fa	/home/jshaw/scratch/2022_sketched_distance/references/SGB_genome_fastas_part1_redo/1673/Obregon-TitoAJ_2015__SM11__bin.23.fa	/home/jshaw/scratch/2022_sketched_distance/references/SGB_genome_fastas_part1_redo/1673/Obregon-TitoAJ_2015__SM25__bin.54.fa	/home/jshaw/scratch/2022_sketched_distance/references/SGB_genome_fastas_part1_redo/1673/Obregon-TitoAJ_2015__SM42__bin.24.fa	/home/jshaw/scratch/2022_sketched_distance/references/SGB_genome_fastas_part1_redo/1673/QinN_2014__LV-11__bin.4.fa	/home/jshaw/scratch/2022_sketched_distance/references/SGB_genome_fastas_part1_redo/1673/RampelliS_2015__H21__bin.9.fa	/home/jshaw/scratch/2022_sketched_distance/references/SGB_genome_fastas_part1_redo/1673/WenC_2017__N021__bin.24.fa	/home/jshaw/scratch/2022_sketched_distance/references/SGB_genome_fastas_part1_redo/1673/YuJ_2015__SZAXPI015220-136__bin.34.fa	/home/jshaw/scratch/2022_sketched_distance/references/SGB_genome_fastas_part1_redo/1673/ZeeviD_2015__PNP_Main_293__bin.1.fa	/home/jshaw/scratch/2022_sketched_distance/references/SGB_genome_fastas_part1_redo/1673/ZeeviD_2015__PNP_Main_364__bin.14.fa	/home/jshaw/scratch/2022_sketched_distance/references/SGB_genome_fastas_part1_redo/1673/ZeeviD_2015__PNP_Main_538__bin.7.fa	/home/jshaw/scratch/2022_sketched_distance/references/SGB_genome_fastas_part1_redo/1673/ZeeviD_2015__PNP_Main_634__bin.23.fa
1.0	0.9957192606410924	0.975073803473401	0.9791300405875514	0.9828294145075079	0.9766248489544941	0.9799195798596516	0.9844885871274499	0.98127059310115	0.976471243059334	0.9784193089431229	0.9851486017345191	0.9792445740718613	0.9779119117855698	0.9800998766773602	0.9785677023260144	0.9757136263462634	0.9727740251813682	0.9719415339465101	0.9801789109374527	0.9698771888008801	0.970409294557834	0.9733394499984368	0.9826883759424564	0.979117838821382	0.9788356461179682
0.9957192606410924	1.0	0.9758612565111798	0.9790984939754596	0.9819530946518272	0.9742761458091159	0.9790923476097775	0.9845308191864851	0.9796138274343085	0.9741075596819225	0.9770593962662414	0.9851581661189	0.9769635325928422	0.9780273024147423	0.9805914765910086	0.9780799295112178	0.9746257319076179	0.9703946312702828	0.9714876993669357	0.9804131071518558	0.9689466326077266	0.9700761193031681	0.9719654131082539	0.9825303052566199	0.9797535196796088	0.9790160053991066
0.975073803473401	0.9758612565111798	1.0	0.9866003670818638	0.9700019156205251	0.9608188158427682	0.9654299755021936	0.9742112805300674	0.9696457561821086	0.9614408978916472	0.9665577522825463	0.9746025568184848	0.967324700506752	0.9871182897230456	0.9758288807632127	0.9722642862265135	0.9666792195375593	0.9616802406137827	0.9690975575825572	0.9735046679266681	0.9636052393649174	0.9775708838752082	0.9620440375940617	0.9784698469934264	0.9757487725124602	0.9825339887182035
0.9791300405875514	0.9790984939754596	0.9866003670818638	1.0	0.9747775200997358	0.9684470627964813	0.9719973628103974	0.9784802147084775	0.9732619074632085	0.9669194926794797	0.9715387322749842	0.9784930798269122	0.9711995265295902	0.9917227160934112	0.9790177223057025	0.9761252576493537	0.9712830459446983	0.9684757112847231	0.9738029600400603	0.976408809058306	0.9718415574984766	0.9761158619878896	0.9716012682839046	0.9825908830047374	0.979422112472614	0.9855075834885004
0.9828294145075079	0.9819530946518272	0.9700019156205251	0.9747775200997358	1.0	0.9784330674075903	0.993738638104359	0.9811105574159552	0.9812362980998028	0.9791823918655072	0.9826478532957987	0.9828400620164544	0.9792142272693454	0.9746439985578458	0.9760045042199231	0.975259484749606	0.9748193316404887	0.9727758102829415	0.9719602880729725	0.9764700839183434	0.9712947607653875	0.9655094573961615	0.9746245875593986	0.9793433746983448	0.9753452801311675	0.9759665337684588
0.9766248489544941	0.9742761458091159	0.9608188158427682	0.9684470627964813	0.9784330674075903	1.0	0.978646492346247	0.9763691926088219	0.9763768413116529	0.9749713701115938	0.9757484531494838	0.9771199460462414	0.9888982629656685	0.968391650328672	0.970874792910441	0.9701825564599388	0.9749642535906582	0.9714547824581161	0.9714473791693532	0.9695577233281787	0.9720244342361868	0.9561733214630309	0.9758922535353277	0.9728145755628437	0.9710034785765764	0.9706121976096999
0.9799195798596516	0.9790923476097775	0.9654299755021936	0.9719973628103974	0.993738638104359	0.978646492346247	1.0	0.9776992582966486	0.9792224659535892	0.9768996994702408	0.9821933990969393	0.9794346320436293	0.9770986670570393	0.9714345226383703	0.9724288151643242	0.9716575066739368	0.975608274458513	0.9722206631425664	0.9723468863352579	0.9724424607470538	0.9718296072272453	0.9606140911578336	0.9745378723315558	0.9758731072299203	0.9719585481053558	0.9725374107558894
0.9844885871274499	0.9845308191864851	0.9742112805300674	0.9784802147084775	0.9811105574159552	0.9763691926088219	0.9776992582966486	1.0	0.9798739991931841	0.9738351075958768	0.9758723714549132	0.9858005116457297	0.9780152440139285	0.9771070654008256	0.9804149978079842	0.9787222543989935	0.9742785684122701	0.9699090908793341	0.9705831978960241	0.9801991245141177	0.9688870202795103	0.9711255861361107	0.9725887715136973	0.9830980497423872	0.9789399299579342	0.9789118605229828
0.98127059310115	0.9796138274343085	0.9696457561821086	0.9732619074632085	0.9812362980998028	0.9763768413116529	0.9792224659535892	0.9798739991931841	1.0	0.9760416384165437	0.9782288537067992	0.9814388751308538	0.9777105614445228	0.9728505798072745	0.9761852111270204	0.9746770390556819	0.9739498332506809	0.9712935165361501	0.9696193773201767	0.9748841364027246	0.9688529264746493	0.9659047800998014	0.9715379558761232	0.9779643267296373	0.9740609168441893	0.975625724976228
0.976471243059334	0.9741075596819225	0.9614408978916472	0.9669194926794797	0.9791823918655072	0.9749713701115938	0.9768996994702408	0.9738351075958768	0.9760416384165437	1.0	0.9755227684407352	0.9755198538717251	0.9751004054358677	0.9659591907528894	0.9684743628957645	0.969088962217778	0.9710690495718847	0.9695844823333181	0.967828078503473	0.9687252661648431	0.967288139844453	0.9597147912870905	0.9687471557372253	0.9717090197031336	0.9704979663075045	0.967439555424994
0.9784193089431229	0.9770593962662414	0.9665577522825463	0.9715387322749842	0.9826478532957987	0.9757484531494838	0.9821933990969393	0.9758723714549132	0.9782288537067992	0.9755227684407352	1.0	0.9787908537121724	0.9756035869504577	0.9710306516877448	0.9728757989985618	0.9708198375897856	0.974310883306469	0.9711379754801254	0.9707159625791417	0.9734011529903525	0.9713714870427745	0.9647373177897771	0.9722748771382599	0.9743609392587386	0.971802002926909	0.972401792323685
0.9851486017345191	0.9851581661189	0.9746025568184848	0.9784930798269122	0.9828400620164544	0.9771199460462414	0.9794346320436293	0.9858005116457297	0.9814388751308538	0.9755198538717251	0.9787908537121724	1.0	0.9795173164929012	0.9775829654009209	0.9803288883385282	0.9786664496784424	0.9742493326817704	0.9710895732202212	0.9718819780385245	0.9807321989058436	0.9701701550492223	0.9714744257521218	0.9739038491574703	0.9824563384130757	0.9794249329857548	0.9788809682133206
0.9792445740718613	0.9769635325928422	0.967324700506752	0.9711995265295902	0.9792142272693454	0.9888982629656685	0.9770986670570393	0.9780152440139285	0.9777105614445228	0.9751004054358677	0.9756035869504577	0.9795173164929012	1.0	0.9711632462954874	0.973198984250998	0.9731028764394117	0.972224200740838	0.970006506693591	0.9677798581161872	0.9724244083810082	0.9666455710873532	0.9637207631267448	0.9705507194934013	0.9757680171954584	0.9729953866576678	0.9731240476473241
0.9779119117855698	0.9780273024147423	0.9871182897230456	0.9917227160934112	0.9746439985578458	0.968391650328672	0.9714345226383703	0.9771070654008256	0.9728505798072745	0.9659591907528894	0.9710306516877448	0.9775829654009209	0.9711632462954874	1.0	0.9783372690878477	0.975224127603642	0.9711853780706153	0.9687255424634843	0.9740158559460014	0.9755715826183466	0.9713001815284428	0.973391953111958	0.971707365730295	0.9812539601453323	0.9783525908786959	0.9850960418981859
0.9800998766773602	0.9805914765910086	0.9758288807632127	0.9790177223057025	0.9760045042199231	0.970874792910441	0.9724288151643242	0.9804149978079842	0.9761852111270204	0.9684743628957645	0.9728757989985618	0.9803288883385282	0.973198984250998	0.9783372690878477	1.0	0.980858712768633	0.9781057151652534	0.9710614164119117	0.9720144428505341	0.9791760580427841	0.9693952910847456	0.9727073661618982	0.9689947118491662	0.9807514785113824	0.9796301694894377	0.9796109512722145
0.9785677023260144	0.9780799295112178	0.9722642862265135	0.9761252576493537	0.975259484749606	0.9701825564599388	0.9716575066739368	0.9787222543989935	0.9746770390556819	0.969088962217778	0.9708198375897856	0.9786664496784424	0.9731028764394117	0.975224127603642	0.980858712768633	1.0	0.9753553835496396	0.9733703517892879	0.9704537654158246	0.9761067202638012	0.9678944010569384	0.9698241396441452	0.968216916198864	0.9792095862122073	0.9764867709235233	0.9767306851829595
0.9757136263462634	0.9746257319076179	0.9666792195375593	0.9712830459446983	0.9748193316404887	0.9749642535906582	0.975608274458513	0.9742785684122701	0.9739498332506809	0.9710690495718847	0.974310883306469	0.9742493326817704	0.972224200740838	0.9711853780706153	0.9781057151652534	0.9753553835496396	1.0	0.9749855922288005	0.9739144752915313	0.9707781168316931	0.9731120746003842	0.9618372982844612	0.9749979966857456	0.9743206697483895	0.9729316949786507	0.9730267584283457
0.9727740251813682	0.9703946312702828	0.9616802406137827	0.9684757112847231	0.9727758102829415	0.9714547824581161	0.9722206631425664	0.9699090908793341	0.9712935165361501	0.9695844823333181	0.9711379754801254	0.9710895732202212	0.970006506693591	0.9687255424634843	0.9710614164119117	0.9733703517892879	0.9749855922288005	1.0	0.9714291296448766	0.966262337413856	0.97226718634749	0.958045003833963	0.9700962418538587	0.970007534288455	0.9699578044021633	0.9705874059439925
0.9719415339465101	0.9714876993669357	0.9690975575825572	0.9738029600400603	0.9719602880729725	0.9714473791693532	0.9723468863352579	0.9705831978960241	0.9696193773201767	0.967828078503473	0.9707159625791417	0.9718819780385245	0.9677798581161872	0.9740158559460014	0.9720144428505341	0.9704537654158246	0.9739144752915313	0.9714291296448766	1.0	0.9675964641290037	0.9866873849201232	0.972388735253552	0.9737868140317588	0.9733203321766299	0.9772858315843881	0.9749263466019588
0.9801789109374527	0.9804131071518558	0.9735046679266681	0.976408809058306	0.9764700839183434	0.9695577233281787	0.9724424607470538	0.9801991245141177	0.9748841364027246	0.9687252661648431	0.9734011529903525	0.9807321989058436	0.9724244083810082	0.9755715826183466	0.9791760580427841	0.9761067202638012	0.9707781168316931	0.966262337413856	0.9675964641290037	1.0	0.9662893569881541	0.9705314988993021	0.9679036682000697	0.9787642590433904	0.9765602862695134	0.9762316659178683
0.9698771888008801	0.9689466326077266	0.9636052393649174	0.9718415574984766	0.9712947607653875	0.9720244342361868	0.9718296072272453	0.9688870202795103	0.9688529264746493	0.967288139844453	0.9713714870427745	0.9701701550492223	0.9666455710873532	0.9713001815284428	0.9693952910847456	0.9678944010569384	0.9731120746003842	0.97226718634749	0.9866873849201232	0.9662893569881541	1.0	0.968122169191177	0.9755370842292787	0.9715558963861952	0.9751264762351247	0.9731920971205074
0.970409294557834	0.9700761193031681	0.9775708838752082	0.9761158619878896	0.9655094573961615	0.9561733214630309	0.9606140911578336	0.9711255861361107	0.9659047800998014	0.9597147912870905	0.9647373177897771	0.9714744257521218	0.9637207631267448	0.973391953111958	0.9727073661618982	0.9698241396441452	0.9618372982844612	0.958045003833963	0.972388735253552	0.9705314988993021	0.968122169191177	1.0	0.9577907409322627	0.9730266568628552	0.9754899101781804	0.9761920592760229
0.9733394499984368	0.9719654131082539	0.9620440375940617	0.9716012682839046	0.9746245875593986	0.9758922535353277	0.9745378723315558	0.9725887715136973	0.9715379558761232	0.9687471557372253	0.9722748771382599	0.9739038491574703	0.9705507194934013	0.971707365730295	0.9689947118491662	0.968216916198864	0.9749979966857456	0.9700962418538587	0.9737868140317588	0.9679036682000697	0.9755370842292787	0.9577907409322627	1.0	0.9761213380654145	0.9700745172167885	0.9716930784966843
0.9826883759424564	0.9825303052566199	0.9784698469934264	0.9825908830047374	0.9793433746983448	0.9728145755628437	0.9758731072299203	0.9830980497423872	0.9779643267296373	0.9717090197031336	0.9743609392587386	0.9824563384130757	0.9757680171954584	0.9812539601453323	0.9807514785113824	0.9792095862122073	0.9743206697483895	0.970007534288455	0.9733203321766299	0.9787642590433904	0.9715558963861952	0.9730266568628552	0.9761213380654145	1.0	0.9806963770994632	0.9824622838440226
0.979117838821382	0.9797535196796088	0.9757487725124602	0.979422112472614	0.9753452801311675	0.9710034785765764	0.9719585481053558	0.9789399299579342	0.9740609168441893	0.9704979663075045	0.971802002926909	0.9794249329857548	0.9729953866576678	0.9783525908786959	0.9796301694894377	0.9764867709235233	0.9729316949786507	0.9699578044021633	0.9772858315843881	0.9765602862695134	0.9751264762351247	0.9754899101781804	0.9700745172167885	0.9806963770994632	1.0	0.9799161172147626
0.9788356461179682	0.9790160053991066	0.9825339887182035	0.9855075834885004	0.9759665337684588	0.9706121976096999	0.9725374107558894	0.9789118605229828	0.975625724976228	0.967439555424994	0.972401792323685	0.9788809682133206	0.9731240476473241	0.9850960418981859	0.9796109512722145	0.9767306851829595	0.9730267584283457	0.9705874059439925	0.9749263466019588	0.9762316659178683	0.9731920971205074	0.9761920592760229	0.9716930784966843	0.9824622838440226	0.9799161172147626	1.0
