/home/jshaw/scratch/2022_sketched_distance/references/SGB_genome_fastas_part2/4274/BackhedF_2015__SID39_M__bin.6.fa	/home/jshaw/scratch/2022_sketched_distance/references/SGB_genome_fastas_part2/4274/BackhedF_2015__SID640_M__bin.38.fa	/home/jshaw/scratch/2022_sketched_distance/references/SGB_genome_fastas_part2/4274/Bengtsson-PalmeJ_2015__TRAVELRES11__bin.129.fa	/home/jshaw/scratch/2022_sketched_distance/references/SGB_genome_fastas_part2/4274/BritoIL_2016__WL.37.ST__bin.73.fa	/home/jshaw/scratch/2022_sketched_distance/references/SGB_genome_fastas_part2/4274/BritoIL_2016__WL.43.ST__bin.5.fa	/home/jshaw/scratch/2022_sketched_distance/references/SGB_genome_fastas_part2/4274/CosteaPI_2017__mickey3-11-7-0__bin.38.fa	/home/jshaw/scratch/2022_sketched_distance/references/SGB_genome_fastas_part2/4274/FengQ_2015__SID31160__bin.56.fa	/home/jshaw/scratch/2022_sketched_distance/references/SGB_genome_fastas_part2/4274/HMP_2012__SRS014613__bin.25.fa	/home/jshaw/scratch/2022_sketched_distance/references/SGB_genome_fastas_part2/4274/LeChatelierE_2013__MH0098__bin.1.fa	/home/jshaw/scratch/2022_sketched_distance/references/SGB_genome_fastas_part2/4274/LeChatelierE_2013__MH0193__bin.54.fa	/home/jshaw/scratch/2022_sketched_distance/references/SGB_genome_fastas_part2/4274/LeChatelierE_2013__MH0275__bin.19.fa	/home/jshaw/scratch/2022_sketched_distance/references/SGB_genome_fastas_part2/4274/LeChatelierE_2013__MH0322__bin.16.fa	/home/jshaw/scratch/2022_sketched_distance/references/SGB_genome_fastas_part2/4274/LeChatelierE_2013__MH0408__bin.18.fa	/home/jshaw/scratch/2022_sketched_distance/references/SGB_genome_fastas_part2/4274/LeChatelierE_2013__MH0415__bin.73.fa	/home/jshaw/scratch/2022_sketched_distance/references/SGB_genome_fastas_part2/4274/LiJ_2014__MH0339__bin.62.fa	/home/jshaw/scratch/2022_sketched_distance/references/SGB_genome_fastas_part2/4274/LiJ_2014__V1.UC64-0__bin.18.fa	/home/jshaw/scratch/2022_sketched_distance/references/SGB_genome_fastas_part2/4274/LiSS_2016__FAT_008-22-0-0__bin.12.fa	/home/jshaw/scratch/2022_sketched_distance/references/SGB_genome_fastas_part2/4274/LiSS_2016__FAT_DON_11-22-0-6__bin.56.fa	/home/jshaw/scratch/2022_sketched_distance/references/SGB_genome_fastas_part2/4274/LoombaR_2017__SID5443_cul__bin.35.fa	/home/jshaw/scratch/2022_sketched_distance/references/SGB_genome_fastas_part2/4274/NielsenHB_2014__MH0098__bin.13.fa	/home/jshaw/scratch/2022_sketched_distance/references/SGB_genome_fastas_part2/4274/NielsenHB_2014__V1_CD6_4__bin.23.fa	/home/jshaw/scratch/2022_sketched_distance/references/SGB_genome_fastas_part2/4274/NielsenHB_2014__V1_UC37_0__bin.20.fa	/home/jshaw/scratch/2022_sketched_distance/references/SGB_genome_fastas_part2/4274/RaymondF_2016__P7C7__bin.65.fa	/home/jshaw/scratch/2022_sketched_distance/references/SGB_genome_fastas_part2/4274/SchirmerM_2016__G88846__bin.13.fa	/home/jshaw/scratch/2022_sketched_distance/references/SGB_genome_fastas_part2/4274/SchirmerM_2016__G89113__bin.3.fa	/home/jshaw/scratch/2022_sketched_distance/references/SGB_genome_fastas_part2/4274/SchirmerM_2016__G89150__bin.3.fa	/home/jshaw/scratch/2022_sketched_distance/references/SGB_genome_fastas_part2/4274/VogtmannE_2016__MMRS38954404ST-27-0-0__bin.26.fa	/home/jshaw/scratch/2022_sketched_distance/references/SGB_genome_fastas_part2/4274/VogtmannE_2016__MMRS84159866ST-27-0-0__bin.3.fa	/home/jshaw/scratch/2022_sketched_distance/references/SGB_genome_fastas_part2/4274/VogtmannE_2016__MMRS86178473ST-27-0-0__bin.45.fa	/home/jshaw/scratch/2022_sketched_distance/references/SGB_genome_fastas_part2/4274/XieH_2016__YSZC12003_35387__bin.3.fa	/home/jshaw/scratch/2022_sketched_distance/references/SGB_genome_fastas_part2/4274/XieH_2016__YSZC12003_36055__bin.38.fa	/home/jshaw/scratch/2022_sketched_distance/references/SGB_genome_fastas_part2/4274/XieH_2016__YSZC12003_36533__bin.98.fa	/home/jshaw/scratch/2022_sketched_distance/references/SGB_genome_fastas_part2/4274/XieH_2016__YSZC12003_37194__bin.23.fa	/home/jshaw/scratch/2022_sketched_distance/references/SGB_genome_fastas_part2/4274/XieH_2016__YSZC12003_37546__bin.46.fa	/home/jshaw/scratch/2022_sketched_distance/references/SGB_genome_fastas_part2/4274/ZeeviD_2015__PNP_Main_287__bin.47.fa	/home/jshaw/scratch/2022_sketched_distance/references/SGB_genome_fastas_part2/4274/ZeeviD_2015__PNP_Main_313__bin.32.fa	/home/jshaw/scratch/2022_sketched_distance/references/SGB_genome_fastas_part2/4274/ZeeviD_2015__PNP_Main_38__bin.52.fa	/home/jshaw/scratch/2022_sketched_distance/references/SGB_genome_fastas_part2/4274/ZeeviD_2015__PNP_Main_410__bin.16.fa	/home/jshaw/scratch/2022_sketched_distance/references/SGB_genome_fastas_part2/4274/ZeeviD_2015__PNP_Main_463__bin.42.fa	/home/jshaw/scratch/2022_sketched_distance/references/SGB_genome_fastas_part2/4274/ZeeviD_2015__PNP_Main_47__bin.42.fa	/home/jshaw/scratch/2022_sketched_distance/references/SGB_genome_fastas_part2/4274/ZeeviD_2015__PNP_Validation_23__bin.3.fa	/home/jshaw/scratch/2022_sketched_distance/references/SGB_genome_fastas_part2/4274/ZellerG_2014__CCIS35100175ST-4-0__bin.18.fa	/home/jshaw/scratch/2022_sketched_distance/references/SGB_genome_fastas_part2/4274/ZellerG_2014__CCIS63468405ST-4-0__bin.18.fa
1.0	0.987298828433963	0.9864452693297489	0.9859087310849871	0.9853759498626096	0.9862080489326487	0.9882438058107239	0.9899102926732106	0.9983457480809793	0.9903748874672103	0.9901240985257975	0.9904192217552021	0.9907012224523143	0.98977303263957	0.9902581270303794	0.9898042840287158	0.9899835068294395	0.9903741901915772	0.9883574140509594	0.998544935892101	0.9871580697682693	0.9905153895458081	0.990400531534202	0.9902952373830018	0.9877908510398566	0.9902851271728272	0.9881529539298003	0.9888116819318098	0.989056703357285	0.9878200647349215	0.988089835224154	0.9887831566756464	0.98967256639564	0.9871128531684047	0.988238823093036	0.9893488048858103	0.9891595353418564	0.9886037432486914	0.9893488048858103	0.9877159920629976	0.9873987499619253	0.9878290923423554	0.9889231401931627
0.987298828433963	1.0	0.9857277372373845	0.9850829655201389	0.9847473204453195	0.985576090096061	0.9867766628493966	0.9883814768932715	0.9876826360244167	0.9893914550339457	0.9891554445846129	0.9899935094520961	0.9894436656510949	0.9884401912069178	0.9893031300768694	0.9879273375353849	0.9895913021425183	0.9899997250073392	0.986988936786862	0.9878577419574831	0.985696600555299	0.9903843930669036	0.9890271478396007	0.9890240389495552	0.98773908273274	0.9898754203278213	0.9869715391675103	0.9880111987605174	0.988842956445142	0.9869639233727969	0.987063967946895	0.9878134298480129	0.9879534430705568	0.9859693563906606	0.9873761894320787	0.9886710897113961	0.9890537964990601	0.9871740310034339	0.9891936410070158	0.9872755052058075	0.9860418742416458	0.9876042725503398	0.9869879328733374
0.9864452693297489	0.9857277372373845	1.0	0.985647035754244	0.9841171316104801	0.987301508861441	0.9771895550972027	0.9784470252251665	0.9843280899703846	0.9851586186575864	0.9849941853899894	0.9834327994320862	0.9775218010865134	0.9861282983151781	0.9819293391023767	0.9834327994320862	0.9765012740528123	0.9763261839702718	0.9867592139568053	0.9829100094763867	0.9773203114904071	0.9853630091162352	0.9774755475019316	0.98386217761661	0.9861282983151781	0.9769570941106701	0.9871860528792495	0.9849116589153076	0.9850765049533796	0.9868372340957611	0.986992721422951	0.9860086417717492	0.9860485757060231	0.9846628273799675	0.9866026162655114	0.9854444104831962	0.9849941853899894	0.986326763033697	0.9854444104831962	0.970874792910441	0.9864058146702985	0.986876174880112	0.984828924469096
0.9859087310849871	0.9850829655201389	0.985647035754244	1.0	0.9877187803205786	0.9872585122508251	0.98313539947968	0.9848033553577085	0.9839850750353859	0.9867662833266402	0.9871000435662804	0.9865965249759757	0.986355115535371	0.9856863032255375	0.9863967818935431	0.9844556056187989	0.9862733550953887	0.9864231287611058	0.9861887330991045	0.9843300521862545	0.9808389131219947	0.9871024545820887	0.9864346318414543	0.9854446600236438	0.9849094942693339	0.9864004062336639	0.9857113005076921	0.9846888142946901	0.9853689096441498	0.9860210182925401	0.9860210182925401	0.9849239191107344	0.9862166025614938	0.9849094942693339	0.9866043146561256	0.9856098013591311	0.986665783893112	0.9854271828352176	0.986125988895069	0.9840148818003989	0.9850252435445084	0.9862444484170281	0.9852268281024599
0.9853759498626096	0.9847473204453195	0.9841171316104801	0.9877187803205786	1.0	0.9857782000066689	0.9795478500503038	0.9810325108893153	0.9826168783629855	0.9834514635246088	0.985344802561161	0.9830203161870109	0.9833084828351494	0.9852511830348718	0.9833210555325461	0.9818285782586178	0.9829357562823232	0.9822190921901155	0.985344802561161	0.981499938467974	0.9774210081131256	0.9841387609284825	0.9832970478977259	0.982549078925145	0.9842678200216325	0.9829334626255191	0.985031693961408	0.9836173857275082	0.9839442152304319	0.985031693961408	0.9849687123746991	0.9840091920882863	0.9849371762176488	0.9852199171278392	0.9855622159726363	0.983976719749646	0.9848107277823053	0.9847155707870032	0.9848107277823053	0.9796902612532877	0.9840416323110682	0.9851259404052272	0.9845882641434925
0.9862080489326487	0.985576090096061	0.987301508861441	0.9872585122508251	0.9857782000066689	1.0	0.9848993247604622	0.9858056370218562	0.9851654481851179	0.988061739737399	0.9873254998930501	0.9878699226724822	0.987598404101205	0.9868870379944568	0.987504563440731	0.9859670687333828	0.9870573334666498	0.9873747464399322	0.9859622059077665	0.9854854964239641	0.9827719889519262	0.9878762860162914	0.9868950039237501	0.986533187626135	0.9853254548863312	0.9880255329287736	0.9859073235002902	0.9856893875755756	0.9869678328984947	0.9862080489326487	0.9859896127810633	0.9863726289120224	0.9853064375656007	0.9854386974662748	0.9859622059077665	0.9859262116083172	0.9863511283994946	0.9859073235002902	0.9865500381053689	0.9847631162784742	0.9859622059077665	0.986452067074916	0.9845045877891793
0.9882438058107239	0.9867766628493966	0.9771895550972027	0.98313539947968	0.9795478500503038	0.9848993247604622	1.0	0.9809336408108909	0.9845540455281786	0.9863275638342023	0.9865732869185483	0.9846407064432157	0.9784907397931244	0.9862452463485183	0.9826791802964527	0.9849422304225962	0.978416195811877	0.9779973176363234	0.9873793538726091	0.9835406359731255	0.9766967063994966	0.9856212048134028	0.9779158837429365	0.9856631782972546	0.986368645416139	0.9776717568228559	0.9864915830818402	0.9846839512435311	0.9860799904065335	0.9888585476742574	0.9877357407498979	0.9862864308553013	0.9861213823441317	0.9844236235613275	0.9874191434951014	0.9862040101824322	0.9851984936107597	0.9872996300236899	0.9858722451800223	0.9639113543975162	0.986654788267208	0.9868576624139141	0.9862040101824322
0.9899102926732106	0.9883814768932715	0.9784470252251665	0.9848033553577085	0.9810325108893153	0.9858056370218562	0.9809336408108909	1.0	0.9883488602690758	0.9873886471428271	0.987722927628726	0.9859463560631615	0.9835138100250568	0.9888347517046046	0.9827019957345308	0.9924263327113713	0.984058143154845	0.9832986096517751	0.9900345519514901	0.9862955401712835	0.9813167405852975	0.9879218787768099	0.9911760509581156	0.9871864370342106	0.988218069883661	0.9825141958030918	0.9894085220871659	0.9872202251209256	0.9872539785508162	0.9891547449200915	0.990618478067294	0.9879879296046531	0.9939482264091729	0.9863649341015411	0.9885440774290354	0.9884466134307892	0.9874557753644758	0.9990923301933805	0.9881524794400831	0.9783417639998876	0.9888347517046046	0.9892818776303325	0.9886735826115745
0.9983457480809793	0.9876826360244167	0.9843280899703846	0.9839850750353859	0.9826168783629855	0.9851654481851179	0.9845540455281786	0.9883488602690758	1.0	0.9874792086543356	0.9872692804558564	0.9874714716107951	0.9880917646496108	0.9876826360244167	0.9876034458194543	0.9871222785875896	0.9867459809892073	0.9874968658274658	0.9890315039025479	0.9986298173536019	0.9834258856806326	0.9876203581429932	0.9876347152893517	0.9877878501289064	0.9867894291080985	0.987666812383936	0.9879568645071607	0.9862761335062572	0.9866255484070847	0.9880931271089357	0.9883909352403876	0.9868459705599409	0.9882288282952383	0.985402417428362	0.9876826360244167	0.9871272292547594	0.9863798581908072	0.9891897197334907	0.9870150141469266	0.9851094100302222	0.9877376647388659	0.9879295442006248	0.9869869004669046
0.9903748874672103	0.9893914550339457	0.9851586186575864	0.9867662833266402	0.9834514635246088	0.988061739737399	0.9863275638342023	0.9873886471428271	0.9874792086543356	1.0	0.9891129946118811	0.9897066194087925	0.9895290103920739	0.9893637145663503	0.9892718586389773	0.9878299625640884	0.9894475182015717	0.9891606293078463	0.9904017910569618	0.9860483240677046	0.9826675386514598	0.9896400748706475	0.9891826005650324	0.9884349332986014	0.9895574096365698	0.9902480905493704	0.9898047864824867	0.9882632153172938	0.9886908438359157	0.9898868349473451	0.990158865729906	0.9887474439677594	0.9898047864824867	0.9879750143491134	0.9897499739324083	0.9888603534659208	0.9895849877389923	0.9902940448941193	0.9900503223532519	0.9847195715837884	0.9894191721876086	0.9900231306371821	0.9888603534659208
0.9901240985257975	0.9891554445846129	0.9849941853899894	0.9871000435662804	0.985344802561161	0.9873254998930501	0.9865732869185483	0.987722927628726	0.9872692804558564	0.9891129946118811	1.0	0.989879052597002	0.9892293325386361	0.9890490007051375	0.9881258608140724	0.9877279110016911	0.9889758431021747	0.9894682304212816	0.9904577964550361	0.9871758418208924	0.9837985794383414	0.9898284592311031	0.9888317954189995	0.9901623080875915	0.9892085379354388	0.9892320571359294	0.9898910844742308	0.9881300732152904	0.9878272000400851	0.991265120094074	0.990046609841085	0.9882668274761436	0.9893673069871007	0.98779952748323	0.9888618929047727	0.9892085379354388	0.9895515766328657	0.9896040365702625	0.9895778170304235	0.9858754730542549	0.9888618929047727	0.9900207397949934	0.9887006650793295
0.9904192217552021	0.9899935094520961	0.9834327994320862	0.9865965249759757	0.9830203161870109	0.9878699226724822	0.9846407064432157	0.9859463560631615	0.9874714716107951	0.9897066194087925	0.989879052597002	1.0	0.9879132148942766	0.9895332802094804	0.9873059030361735	0.9876559715134736	0.9869797711673359	0.9961973477441958	0.990531823892126	0.9855018084622834	0.9817604679528107	0.9980423245853244	0.9877158885653436	0.9886526477895948	0.9901360245171063	0.9966315000368792	0.9906720386890838	0.9889488133112465	0.9890371465453383	0.990447408313513	0.9909229347718225	0.9893298930534176	0.9909229347718225	0.9889782840292358	0.9900505893513539	0.9892423416805933	0.997885123961161	0.9905879812795789	0.9983767025286714	0.9834309602223558	0.9896200636651239	0.9903062342466618	0.9890077284246794
0.9907012224523143	0.9894436656510949	0.9775218010865134	0.986355115535371	0.9833084828351494	0.987598404101205	0.9784907397931244	0.9835138100250568	0.9880917646496108	0.9895290103920739	0.9892293325386361	0.9879132148942766	1.0	0.9896141348788213	0.9851117329901811	0.9877336917569044	0.9797203018090537	0.9800063534827381	0.990494928795116	0.986355115535371	0.9807385748245505	0.9894009103225383	0.9790820258619857	0.9886654567245835	0.9893580994939927	0.9796051759119752	0.9894863656257654	0.9884459865250841	0.9883135992660387	0.9902039348645765	0.9899103526411371	0.988621679465825	0.9896990402640574	0.9880026107735651	0.9889702801398017	0.9892723107496069	0.9891432076968787	0.9898681982955998	0.9895290103920739	0.9738147999257497	0.9892723107496069	0.9903289607733737	0.9888399865663764
0.98977303263957	0.9884401912069178	0.9861282983151781	0.9856863032255375	0.9852511830348718	0.9868870379944568	0.9862452463485183	0.9888347517046046	0.9876826360244167	0.9893637145663503	0.9890490007051375	0.9895332802094804	0.9896141348788213	1.0	0.9893343718885603	0.9889893625298917	0.9897344620642324	0.9891606293078463	0.994033023192872	0.9878870717817645	0.9883820191873283	0.99017371144298	0.9899490593977015	0.989435087534957	0.9888560650657611	0.9896120239999876	0.9935435833568247	0.9918324360490396	0.9880288264224995	0.9892412382928945	0.9924730759050413	0.9889849568031179	0.9891389646217412	0.987565504377567	0.9890106747854428	0.9930082974189284	0.9891595353418564	0.9900731100432762	0.9889334007821051	0.9876761904785208	0.9892922564181539	0.9945153384478627	0.9889849568031179
0.9902581270303794	0.9893031300768694	0.9819293391023767	0.9863967818935431	0.9833210555325461	0.987504563440731	0.9826791802964527	0.9827019957345308	0.9876034458194543	0.9892718586389773	0.9881258608140724	0.9873059030361735	0.9851117329901811	0.9893343718885603	1.0	0.9864990451858687	0.9841005539762636	0.9846995472126528	0.9896451730263297	0.9857416205516327	0.9807884894285739	0.9889259010192061	0.9841213163812867	0.987669202780375	0.9901669065802946	0.9849529480826333	0.9899837058121249	0.9882228977013474	0.9880934515534914	0.990075433317132	0.9898302577358769	0.9882874305145397	0.9893967668612322	0.9875375572480022	0.9896142243679048	0.9881582382165327	0.9886401190843385	0.9897994823003053	0.9890836046475746	0.9805427843081821	0.9888626077154139	0.9897686781312839	0.9882551799103525
0.9898042840287158	0.9879273375353849	0.9834327994320862	0.9844556056187989	0.9818285782586178	0.9859670687333828	0.9849422304225962	0.9924263327113713	0.9871222785875896	0.9878299625640884	0.9877279110016911	0.9876559715134736	0.9877336917569044	0.9889893625298917	0.9864990451858687	1.0	0.9899480438831557	0.9876993967328628	0.9894264917302498	0.986141198610782	0.9838658891638369	0.9874120651902564	0.9926745394074196	0.9872684514585368	0.9876420713283572	0.9879461542798512	0.9893993402648307	0.9872384996240535	0.986623706993321	0.9891813200066725	0.9910160044244833	0.9874985059387938	0.9943353820929266	0.9868885976490465	0.9882383023344891	0.9881255636263014	0.987267490860295	0.9948461299162455	0.9878704816652588	0.9836117384610482	0.9881537844987555	0.9891813200066725	0.9879273375353849
0.9899835068294395	0.9895913021425183	0.9765012740528123	0.9862733550953887	0.9829357562823232	0.9870573334666498	0.978416195811877	0.984058143154845	0.9867459809892073	0.9894475182015717	0.9889758431021747	0.9869797711673359	0.9797203018090537	0.9897344620642324	0.9841005539762636	0.9899480438831557	1.0	0.9820756255020485	0.9906848799614953	0.9844798042201842	0.9821355671529849	0.9896271504093551	0.9839853690378864	0.9875570806493542	0.9893031046856205	0.9822316728386778	0.9907542047064684	0.9886453000932539	0.988902675027882	0.9897701551856951	0.9913376635064295	0.9893031046856205	0.9916761226755516	0.9871733351617996	0.9894835229911723	0.9891216938655476	0.9892306600803848	0.992408756219931	0.9898414257934885	0.9741667692599064	0.9893031046856205	0.9899835068294395	0.9891216938655476
0.9903741901915772	0.9899997250073392	0.9763261839702718	0.9864231287611058	0.9822190921901155	0.9873747464399322	0.9779973176363234	0.9832986096517751	0.9874968658274658	0.9891606293078463	0.9894682304212816	0.9961973477441958	0.9800063534827381	0.9891606293078463	0.9846995472126528	0.9876993967328628	0.9820756255020485	1.0	0.9907076151165733	0.9855295323209956	0.9812013619899969	0.9978720583772517	0.9795161321918066	0.9881406275150606	0.9894682304212816	0.9881406275150606	0.9904114041209372	0.9888501314885736	0.98892803054501	0.9902249135331501	0.991436724676797	0.9895446845012537	0.9905227948841868	0.9881406275150606	0.989620961781363	0.9893915987061922	0.9972425417014359	0.9907444553562249	0.998167691210143	0.9730198798257208	0.9896590343808689	0.9902996362440318	0.9888111128145941
0.9883574140509594	0.986988936786862	0.9867592139568053	0.9861887330991045	0.985344802561161	0.9859622059077665	0.9873793538726091	0.9900345519514901	0.9890315039025479	0.9904017910569618	0.9904577964550361	0.990531823892126	0.990494928795116	0.994033023192872	0.9896451730263297	0.9894264917302498	0.9906848799614953	0.9907076151165733	1.0	0.9891523956498695	0.9895903842090072	0.9909052894324328	0.9906239730601757	0.9911335418875187	0.988329560918868	0.9902110123226276	0.9928619378429114	0.992874319018541	0.988842956445142	0.9872386822301169	0.9913939820162295	0.9890147831064704	0.9891761813575933	0.9870860840047099	0.9891038445475562	0.9988386113205633	0.9898386955391442	0.9889397449064378	0.9897845126364052	0.9884632234203273	0.9876383196158378	0.9931724910896024	0.9888729830484508
0.998544935892101	0.9878577419574831	0.9829100094763867	0.9843300521862545	0.981499938467974	0.9854854964239641	0.9835406359731255	0.9862955401712835	0.9986298173536019	0.9860483240677046	0.9871758418208924	0.9855018084622834	0.986355115535371	0.9878870717817645	0.9857416205516327	0.986141198610782	0.9844798042201842	0.9855295323209956	0.9891523956498695	1.0	0.9810227772674184	0.9865406503408152	0.9854072295096559	0.9865100949864605	0.9869051173392288	0.9858967876249074	0.9882079875432163	0.986141198610782	0.986479511213803	0.9883528311051748	0.9888405902034051	0.9871758418208924	0.9885258069683288	0.9860173074780371	0.9879456531764739	0.9874146300680069	0.9863568908619527	0.9896007313451309	0.9871158730371686	0.983066384958384	0.988323913295508	0.988323913295508	0.9868143785070741
0.9871580697682693	0.985696600555299	0.9773203114904071	0.9808389131219947	0.9774210081131256	0.9827719889519262	0.9766967063994966	0.9813167405852975	0.9834258856806326	0.9826675386514598	0.9837985794383414	0.9817604679528107	0.9807385748245505	0.9883820191873283	0.9807884894285739	0.9838658891638369	0.9821355671529849	0.9812013619899969	0.9895903842090072	0.9810227772674184	1.0	0.9839665954363573	0.9809918813089572	0.9838658891638369	0.9850868395611864	0.9808799944026545	0.9902891766435219	0.9878800372573582	0.9832207980630414	0.9864199056453676	0.9975377538140449	0.9845644258478008	0.985696600555299	0.9828761072771045	0.984761306549372	0.987218842284603	0.9835619013634292	0.9876411364599902	0.9844325128228669	0.9877557455895234	0.9859184267619032	0.9898156119722235	0.9861073790071225
0.9905153895458081	0.9903843930669036	0.9853630091162352	0.9871024545820887	0.9841387609284825	0.9878762860162914	0.9856212048134028	0.9879218787768099	0.9876203581429932	0.9896400748706475	0.9898284592311031	0.9980423245853244	0.9894009103225383	0.99017371144298	0.9889259010192061	0.9874120651902564	0.9896271504093551	0.9978720583772517	0.9909052894324328	0.9865406503408152	0.9839665954363573	1.0	0.9892600529461704	0.9884117420134216	0.9898284592311031	0.9976842572123732	0.9910599696448728	0.9887980328883593	0.988715295160407	0.9905415265868593	0.9912139289773243	0.9898017511412812	0.9910342398556032	0.988853076212675	0.9907758336106139	0.9892358273589928	0.9986570400384968	0.9908276768449096	0.9994453332012287	0.986706220822363	0.9898551457188437	0.990567642954231	0.9891541824967033
0.990400531534202	0.9890271478396007	0.9774755475019316	0.9864346318414543	0.9832970478977259	0.9868950039237501	0.9779158837429365	0.9911760509581156	0.9876347152893517	0.9891826005650324	0.9888317954189995	0.9877158885653436	0.9790820258619857	0.9899490593977015	0.9841213163812867	0.9926745394074196	0.9839853690378864	0.9795161321918066	0.9906239730601757	0.9854072295096559	0.9809918813089572	0.9892600529461704	1.0	0.9881187801598463	0.9894144140898691	0.9811903026462739	0.9897971856703168	0.9885168030405809	0.9884375822270716	0.9899490593977015	0.9905124413130825	0.9886352782839504	0.9940077312106045	0.9879179505094479	0.9890271478396007	0.9891049658212401	0.9892987110225204	0.9989484121023648	0.9897591077560727	0.9730923559867295	0.98922134949648	0.9904751801855404	0.9899111564504813
0.9902952373830018	0.9890240389495552	0.98386217761661	0.9854446600236438	0.982549078925145	0.986533187626135	0.9856631782972546	0.9871864370342106	0.9877878501289064	0.9884349332986014	0.9901623080875915	0.9886526477895948	0.9886654567245835	0.989435087534957	0.987669202780375	0.9872684514585368	0.9875570806493542	0.9881406275150606	0.9911335418875187	0.9865100949864605	0.9838658891638369	0.9884117420134216	0.9881187801598463	1.0	0.989543840672324	0.9887702406914498	0.9898141651403503	0.9884678778644544	0.9876156262159851	0.9898410761602701	0.9901623080875915	0.9883273584916491	0.9899216777780869	0.9866519398778503	0.9889412106936868	0.9901623080875915	0.9881579402272048	0.9901623080875915	0.9886914697831429	0.9853667545410639	0.9889688432420246	0.9897872321528459	0.9890240389495552
0.9877908510398566	0.98773908273274	0.9861282983151781	0.9849094942693339	0.9842678200216325	0.9853254548863312	0.986368645416139	0.988218069883661	0.9867894291080985	0.9895574096365698	0.9892085379354388	0.9901360245171063	0.9893580994939927	0.9888560650657611	0.9901669065802946	0.9876420713283572	0.9893031046856205	0.9894682304212816	0.988329560918868	0.9869051173392288	0.9850868395611864	0.9898284592311031	0.9894144140898691	0.989543840672324	1.0	0.9893465075543321	0.9879456694075625	0.9880651737091459	0.9879187395358416	0.9882531397089858	0.9888596032655109	0.9881837185770033	0.9879274805052491	0.9858305380818609	0.9883804100825655	0.9879522387639054	0.9886542273987899	0.9884818735747569	0.9886183760372971	0.9867881527965441	0.9877131680236458	0.9881509681933692	0.9870144983724916
0.9902851271728272	0.9898754203278213	0.9769570941106701	0.9864004062336639	0.9829334626255191	0.9880255329287736	0.9776717568228559	0.9825141958030918	0.987666812383936	0.9902480905493704	0.9892320571359294	0.9966315000368792	0.9796051759119752	0.9896120239999876	0.9849529480826333	0.9879461542798512	0.9822316728386778	0.9881406275150606	0.9902110123226276	0.9858967876249074	0.9808799944026545	0.9976842572123732	0.9811903026462739	0.9887702406914498	0.9893465075543321	1.0	0.9904696895477172	0.9886537684904513	0.9887314623416827	0.9900995270696975	0.9909810425698334	0.9893084015332646	0.990579933751088	0.9886148527694893	0.9898003785663586	0.989193818551647	0.9977729613397028	0.990543226568009	0.9983002753296174	0.9753039468237992	0.9895742236890819	0.9899502918105652	0.989040419199585
0.9881529539298003	0.9869715391675103	0.9871860528792495	0.9857113005076921	0.985031693961408	0.9859073235002902	0.9864915830818402	0.9894085220871659	0.9879568645071607	0.9898047864824867	0.9898910844742308	0.9906720386890838	0.9894863656257654	0.9935435833568247	0.9899837058121249	0.9893993402648307	0.9907542047064684	0.9904114041209372	0.9928619378429114	0.9882079875432163	0.9902891766435219	0.9910599696448728	0.9897971856703168	0.9898141651403503	0.9879456694075625	0.9904696895477172	1.0	0.9924284347742212	0.988302444502669	0.9877305114945357	0.9930753380077244	0.9884456848761365	0.9892760578709288	0.9868711429712065	0.9887358976698436	0.9929620755058535	0.9898386955391442	0.9886917232749841	0.9899115744117343	0.9877954511759395	0.9879051151679468	0.9930966025496921	0.9886463265452018
0.9888116819318098	0.9880111987605174	0.9849116589153076	0.9846888142946901	0.9836173857275082	0.9856893875755756	0.9846839512435311	0.9872202251209256	0.9862761335062572	0.9882632153172938	0.9881300732152904	0.9889488133112465	0.9884459865250841	0.9918324360490396	0.9882228977013474	0.9872384996240535	0.9886453000932539	0.9888501314885736	0.992874319018541	0.986141198610782	0.9878800372573582	0.9887980328883593	0.9885168030405809	0.9884678778644544	0.9880651737091459	0.9886537684904513	0.9924284347742212	1.0	0.9869961964901292	0.9879300701114093	0.9919045256569289	0.9877127447570789	0.9880381972919501	0.9860926910856663	0.9880381972919501	0.9907814904426876	0.9878402527597518	0.9888906710560305	0.9879300701114093	0.9853667545410639	0.9883069723648967	0.9934061579849535	0.9883069723648967
0.989056703357285	0.988842956445142	0.9850765049533796	0.9853689096441498	0.9839442152304319	0.9869678328984947	0.9860799904065335	0.9872539785508162	0.9866255484070847	0.9886908438359157	0.9878272000400851	0.9890371465453383	0.9883135992660387	0.9880288264224995	0.9880934515534914	0.986623706993321	0.988902675027882	0.98892803054501	0.988842956445142	0.986479511213803	0.9832207980630414	0.988715295160407	0.9884375822270716	0.9876156262159851	0.9879187395358416	0.9887314623416827	0.988302444502669	0.9869961964901292	1.0	0.9885467726302647	0.9888697507281531	0.9877806113676332	0.9885197143603824	0.987024535650046	0.9884926338526512	0.9875305109034085	0.9876419012949268	0.9892161089807665	0.9881385465558828	0.9852383343542321	0.988165919574726	0.9886817317071717	0.9875862532133324
0.9878200647349215	0.9869639233727969	0.9868372340957611	0.9860210182925401	0.985031693961408	0.9862080489326487	0.9888585476742574	0.9891547449200915	0.9880931271089357	0.9898868349473451	0.991265120094074	0.990447408313513	0.9902039348645765	0.9892412382928945	0.990075433317132	0.9891813200066725	0.9897701551856951	0.9902249135331501	0.9872386822301169	0.9883528311051748	0.9864199056453676	0.9905415265868593	0.9899490593977015	0.9898410761602701	0.9882531397089858	0.9900995270696975	0.9877305114945357	0.9879300701114093	0.9885467726302647	1.0	0.9868592704769752	0.9883411481970211	0.9889503468338846	0.987246373295268	0.9877086940143638	0.989400364362572	0.9897091692303807	0.9879459014441268	0.9896569596288876	0.987396223773486	0.9865826780421929	0.9876293284749238	0.9881369930106837
0.988089835224154	0.987063967946895	0.986992721422951	0.9860210182925401	0.9849687123746991	0.9859896127810633	0.9877357407498979	0.990618478067294	0.9883909352403876	0.990158865729906	0.990046609841085	0.9909229347718225	0.9899103526411371	0.9924730759050413	0.9898302577358769	0.9910160044244833	0.9913376635064295	0.991436724676797	0.9913939820162295	0.9888405902034051	0.9975377538140449	0.9912139289773243	0.9905124413130825	0.9901623080875915	0.9888596032655109	0.9909810425698334	0.9930753380077244	0.9919045256569289	0.9888697507281531	0.9868592704769752	1.0	0.9888863027460509	0.9898445513190604	0.9873528007084031	0.9882638557409367	0.9924258308302101	0.9899677153567681	0.9896250416482851	0.990214541278897	0.9875165011889245	0.9873151774385603	0.9920307432297658	0.988265066515739
0.9887831566756464	0.9878134298480129	0.9860086417717492	0.9849239191107344	0.9840091920882863	0.9863726289120224	0.9862864308553013	0.9879879296046531	0.9868459705599409	0.9887474439677594	0.9882668274761436	0.9893298930534176	0.988621679465825	0.9889849568031179	0.9882874305145397	0.9874985059387938	0.9893031046856205	0.9895446845012537	0.9890147831064704	0.9871758418208924	0.9845644258478008	0.9898017511412812	0.9886352782839504	0.9883273584916491	0.9881837185770033	0.9893084015332646	0.9884456848761365	0.9877127447570789	0.9877806113676332	0.9883411481970211	0.9888863027460509	1.0	0.9881837185770033	0.9872500693954185	0.9875195390443305	0.9879522387639054	0.9882497541403047	0.9887314623416827	0.988433211268868	0.985917512865626	0.9987620851419605	0.9889120389098113	0.9873581221510962
0.98967256639564	0.9879534430705568	0.9860485757060231	0.9862166025614938	0.9849371762176488	0.9853064375656007	0.9861213823441317	0.9939482264091729	0.9882288282952383	0.9898047864824867	0.9893673069871007	0.9909229347718225	0.9896990402640574	0.9891389646217412	0.9893967668612322	0.9943353820929266	0.9916761226755516	0.9905227948841868	0.9891761813575933	0.9885258069683288	0.985696600555299	0.9910342398556032	0.9940077312106045	0.9899216777780869	0.9879274805052491	0.990579933751088	0.9892760578709288	0.9880381972919501	0.9885197143603824	0.9889503468338846	0.9898445513190604	0.9881837185770033	1.0	0.986654788267208	0.9886722091098428	0.9890897912903933	0.9901218762136151	0.9943931925195348	0.989962262436622	0.9873560334301675	0.9879793851837718	0.9889251583463353	0.9891761813575933
0.9871128531684047	0.9859693563906606	0.9846628273799675	0.9849094942693339	0.9852199171278392	0.9854386974662748	0.9844236235613275	0.9863649341015411	0.985402417428362	0.9879750143491134	0.98779952748323	0.9889782840292358	0.9880026107735651	0.987565504377567	0.9875375572480022	0.9868885976490465	0.9871733351617996	0.9881406275150606	0.9870860840047099	0.9860173074780371	0.9828761072771045	0.988853076212675	0.9879179505094479	0.9866519398778503	0.9858305380818609	0.9886148527694893	0.9868711429712065	0.9860926910856663	0.987024535650046	0.987246373295268	0.9873528007084031	0.9872500693954185	0.986654788267208	1.0	0.9869519105130903	0.9868575685623661	0.9883581001131002	0.9869787890220113	0.9878173792657519	0.9855372041368254	0.9868711429712065	0.9870056455892898	0.986300147567113
0.988238823093036	0.9873761894320787	0.9866026162655114	0.9866043146561256	0.9855622159726363	0.9859622059077665	0.9874191434951014	0.9885440774290354	0.9876826360244167	0.9897499739324083	0.9888618929047727	0.9900505893513539	0.9889702801398017	0.9890106747854428	0.9896142243679048	0.9882383023344891	0.9894835229911723	0.989620961781363	0.9891038445475562	0.9879456531764739	0.984761306549372	0.9907758336106139	0.9890271478396007	0.9889412106936868	0.9883804100825655	0.9898003785663586	0.9887358976698436	0.9880381972919501	0.9884926338526512	0.9877086940143638	0.9882638557409367	0.9875195390443305	0.9886722091098428	0.9869519105130903	1.0	0.9885919875461485	0.9896832028333261	0.9881887006561699	0.9896058000139475	0.9869106693759784	0.9869622870200716	0.9880378740871525	0.9876717601856935
0.9893488048858103	0.9886710897113961	0.9854444104831962	0.9856098013591311	0.983976719749646	0.9859262116083172	0.9862040101824322	0.9884466134307892	0.9871272292547594	0.9888603534659208	0.9892085379354388	0.9892423416805933	0.9892723107496069	0.9930082974189284	0.9881582382165327	0.9881255636263014	0.9891216938655476	0.9893915987061922	0.9988386113205633	0.9874146300680069	0.987218842284603	0.9892358273589928	0.9891049658212401	0.9901623080875915	0.9879522387639054	0.989193818551647	0.9929620755058535	0.9907814904426876	0.9875305109034085	0.989400364362572	0.9924258308302101	0.9879522387639054	0.9890897912903933	0.9868575685623661	0.9885919875461485	1.0	0.9886274164351136	0.989860808403237	0.9884597271705815	0.9864591930741299	0.9887237192029631	0.9935125241839512	0.9885655779064192
0.9891595353418564	0.9890537964990601	0.9849941853899894	0.986665783893112	0.9848107277823053	0.9863511283994946	0.9851984936107597	0.9874557753644758	0.9863798581908072	0.9895849877389923	0.9895515766328657	0.997885123961161	0.9891432076968787	0.9891595353418564	0.9886401190843385	0.987267490860295	0.9892306600803848	0.9972425417014359	0.9898386955391442	0.9863568908619527	0.9835619013634292	0.9986570400384968	0.9892987110225204	0.9881579402272048	0.9886542273987899	0.9977729613397028	0.9898386955391442	0.9878402527597518	0.9876419012949268	0.9897091692303807	0.9899677153567681	0.9882497541403047	0.9901218762136151	0.9883581001131002	0.9896832028333261	0.9886274164351136	1.0	0.9895269737545377	0.9996748872868085	0.9863349797967644	0.9882497541403047	0.9896572159816975	0.9882497541403047
0.9886037432486914	0.9871740310034339	0.986326763033697	0.9854271828352176	0.9847155707870032	0.9859073235002902	0.9872996300236899	0.9990923301933805	0.9891897197334907	0.9902940448941193	0.9896040365702625	0.9905879812795789	0.9898681982955998	0.9900731100432762	0.9897994823003053	0.9948461299162455	0.992408756219931	0.9907444553562249	0.9889397449064378	0.9896007313451309	0.9876411364599902	0.9908276768449096	0.9989484121023648	0.9901623080875915	0.9884818735747569	0.990543226568009	0.9886917232749841	0.9888906710560305	0.9892161089807665	0.9879459014441268	0.9896250416482851	0.9887314623416827	0.9943931925195348	0.9869787890220113	0.9881887006561699	0.989860808403237	0.9895269737545377	1.0	0.9897080400268613	0.98838536097731	0.9877979127772929	0.9884212147067718	0.9891479077329295
0.9893488048858103	0.9891936410070158	0.9854444104831962	0.986125988895069	0.9848107277823053	0.9865500381053689	0.9858722451800223	0.9881524794400831	0.9870150141469266	0.9900503223532519	0.9895778170304235	0.9983767025286714	0.9895290103920739	0.9889334007821051	0.9890836046475746	0.9878704816652588	0.9898414257934885	0.998167691210143	0.9897845126364052	0.9871158730371686	0.9844325128228669	0.9994453332012287	0.9897591077560727	0.9886914697831429	0.9886183760372971	0.9983002753296174	0.9899115744117343	0.9879300701114093	0.9881385465558828	0.9896569596288876	0.990214541278897	0.988433211268868	0.989962262436622	0.9878173792657519	0.9896058000139475	0.9884597271705815	0.9996748872868085	0.9897080400268613	1.0	0.9869514070464108	0.9884066740103433	0.9894775527574926	0.988140119056169
0.9877159920629976	0.9872755052058075	0.970874792910441	0.9840148818003989	0.9796902612532877	0.9847631162784742	0.9639113543975162	0.9783417639998876	0.9851094100302222	0.9847195715837884	0.9858754730542549	0.9834309602223558	0.9738147999257497	0.9876761904785208	0.9805427843081821	0.9836117384610482	0.9741667692599064	0.9730198798257208	0.9884632234203273	0.983066384958384	0.9877557455895234	0.986706220822363	0.9730923559867295	0.9853667545410639	0.9867881527965441	0.9753039468237992	0.9877954511759395	0.9853667545410639	0.9852383343542321	0.987396223773486	0.9875165011889245	0.985917512865626	0.9873560334301675	0.9855372041368254	0.9869106693759784	0.9864591930741299	0.9863349797967644	0.98838536097731	0.9869514070464108	1.0	0.9869920943342548	0.988307314084225	0.987396223773486
0.9873987499619253	0.9860418742416458	0.9864058146702985	0.9850252435445084	0.9840416323110682	0.9859622059077665	0.986654788267208	0.9888347517046046	0.9877376647388659	0.9894191721876086	0.9888618929047727	0.9896200636651239	0.9892723107496069	0.9892922564181539	0.9888626077154139	0.9881537844987555	0.9893031046856205	0.9896590343808689	0.9876383196158378	0.988323913295508	0.9859184267619032	0.9898551457188437	0.98922134949648	0.9889688432420246	0.9877131680236458	0.9895742236890819	0.9879051151679468	0.9883069723648967	0.988165919574726	0.9865826780421929	0.9873151774385603	0.9987620851419605	0.9879793851837718	0.9868711429712065	0.9869622870200716	0.9887237192029631	0.9882497541403047	0.9877979127772929	0.9884066740103433	0.9869920943342548	1.0	0.9877543228548992	0.9874628610115728
0.9878290923423554	0.9876042725503398	0.986876174880112	0.9862444484170281	0.9851259404052272	0.986452067074916	0.9868576624139141	0.9892818776303325	0.9879295442006248	0.9900231306371821	0.9900207397949934	0.9903062342466618	0.9903289607733737	0.9945153384478627	0.9897686781312839	0.9891813200066725	0.9899835068294395	0.9902996362440318	0.9931724910896024	0.988323913295508	0.9898156119722235	0.990567642954231	0.9904751801855404	0.9897872321528459	0.9881509681933692	0.9899502918105652	0.9930966025496921	0.9934061579849535	0.9886817317071717	0.9876293284749238	0.9920307432297658	0.9889120389098113	0.9889251583463353	0.9870056455892898	0.9880378740871525	0.9935125241839512	0.9896572159816975	0.9884212147067718	0.9894775527574926	0.988307314084225	0.9877543228548992	1.0	0.9881626475799984
0.9889231401931627	0.9869879328733374	0.984828924469096	0.9852268281024599	0.9845882641434925	0.9845045877891793	0.9862040101824322	0.9886735826115745	0.9869869004669046	0.9888603534659208	0.9887006650793295	0.9890077284246794	0.9888399865663764	0.9889849568031179	0.9882551799103525	0.9879273375353849	0.9891216938655476	0.9888111128145941	0.9888729830484508	0.9868143785070741	0.9861073790071225	0.9891541824967033	0.9899111564504813	0.9890240389495552	0.9870144983724916	0.989040419199585	0.9886463265452018	0.9883069723648967	0.9875862532133324	0.9881369930106837	0.988265066515739	0.9873581221510962	0.9891761813575933	0.986300147567113	0.9876717601856935	0.9885655779064192	0.9882497541403047	0.9891479077329295	0.988140119056169	0.987396223773486	0.9874628610115728	0.9881626475799984	1.0
