/home/jshaw/scratch/2022_sketched_distance/references/SGB_genome_fastas_part3/5099/BritoIL_2016__M1.27.ST__bin.3.fa	/home/jshaw/scratch/2022_sketched_distance/references/SGB_genome_fastas_part3/5099/BritoIL_2016__M1.57.ST__bin.60.fa	/home/jshaw/scratch/2022_sketched_distance/references/SGB_genome_fastas_part3/5099/BritoIL_2016__M1.64.ST__bin.10.fa	/home/jshaw/scratch/2022_sketched_distance/references/SGB_genome_fastas_part3/5099/BritoIL_2016__M2.39.ST__bin.97.fa	/home/jshaw/scratch/2022_sketched_distance/references/SGB_genome_fastas_part3/5099/BritoIL_2016__W1.11.ST__bin.49.fa	/home/jshaw/scratch/2022_sketched_distance/references/SGB_genome_fastas_part3/5099/BritoIL_2016__W1.3.ST__bin.19.fa	/home/jshaw/scratch/2022_sketched_distance/references/SGB_genome_fastas_part3/5099/BritoIL_2016__W1.55.ST__bin.81.fa	/home/jshaw/scratch/2022_sketched_distance/references/SGB_genome_fastas_part3/5099/BritoIL_2016__W2.40.ST__bin.16.fa	/home/jshaw/scratch/2022_sketched_distance/references/SGB_genome_fastas_part3/5099/BritoIL_2016__W2.46.ST__bin.13.fa	/home/jshaw/scratch/2022_sketched_distance/references/SGB_genome_fastas_part3/5099/BritoIL_2016__W2.59.ST__bin.71.fa	/home/jshaw/scratch/2022_sketched_distance/references/SGB_genome_fastas_part3/5099/BritoIL_2016__W2.6.ST__bin.57.fa	/home/jshaw/scratch/2022_sketched_distance/references/SGB_genome_fastas_part3/5099/CM_madagascar__A32_01_1FE__bin.38.fa	/home/jshaw/scratch/2022_sketched_distance/references/SGB_genome_fastas_part3/5099/CM_madagascar__A73_01_1FE__bin.11.fa	/home/jshaw/scratch/2022_sketched_distance/references/SGB_genome_fastas_part3/5099/CM_madagascar__V07_01_2FE__bin.18.fa	/home/jshaw/scratch/2022_sketched_distance/references/SGB_genome_fastas_part3/5099/CosteaPI_2017__SID713A002-11-90-0__bin.13.fa	/home/jshaw/scratch/2022_sketched_distance/references/SGB_genome_fastas_part3/5099/CosteaPI_2017__SID713A084-11-0-0__bin.29.fa	/home/jshaw/scratch/2022_sketched_distance/references/SGB_genome_fastas_part3/5099/CosteaPI_2017__SID713B040-11-90-0__bin.117.fa	/home/jshaw/scratch/2022_sketched_distance/references/SGB_genome_fastas_part3/5099/CosteaPI_2017__SID713B051-11-90-0__bin.31.fa	/home/jshaw/scratch/2022_sketched_distance/references/SGB_genome_fastas_part3/5099/KarlssonFH_2013__S239__bin.11.fa	/home/jshaw/scratch/2022_sketched_distance/references/SGB_genome_fastas_part3/5099/LeChatelierE_2013__MH0053__bin.29.fa	/home/jshaw/scratch/2022_sketched_distance/references/SGB_genome_fastas_part3/5099/LeChatelierE_2013__MH0065__bin.24.fa	/home/jshaw/scratch/2022_sketched_distance/references/SGB_genome_fastas_part3/5099/LeChatelierE_2013__MH0318__bin.72.fa	/home/jshaw/scratch/2022_sketched_distance/references/SGB_genome_fastas_part3/5099/LiJ_2014__MH0329__bin.68.fa	/home/jshaw/scratch/2022_sketched_distance/references/SGB_genome_fastas_part3/5099/LiJ_2014__MH0357__bin.72.fa	/home/jshaw/scratch/2022_sketched_distance/references/SGB_genome_fastas_part3/5099/LiJ_2014__MH0374__bin.7.fa	/home/jshaw/scratch/2022_sketched_distance/references/SGB_genome_fastas_part3/5099/LiJ_2014__MH0390__bin.76.fa	/home/jshaw/scratch/2022_sketched_distance/references/SGB_genome_fastas_part3/5099/LiJ_2017__H3M516751__bin.15.fa	/home/jshaw/scratch/2022_sketched_distance/references/SGB_genome_fastas_part3/5099/LiuW_2016__SRR3992993__bin.100.fa	/home/jshaw/scratch/2022_sketched_distance/references/SGB_genome_fastas_part3/5099/LiuW_2016__SRR3992995__bin.82.fa	/home/jshaw/scratch/2022_sketched_distance/references/SGB_genome_fastas_part3/5099/LiuW_2016__SRR3993057__bin.3.fa	/home/jshaw/scratch/2022_sketched_distance/references/SGB_genome_fastas_part3/5099/NielsenHB_2014__MH0053__bin.26.fa	/home/jshaw/scratch/2022_sketched_distance/references/SGB_genome_fastas_part3/5099/NielsenHB_2014__MH0065__bin.3.fa	/home/jshaw/scratch/2022_sketched_distance/references/SGB_genome_fastas_part3/5099/Obregon-TitoAJ_2015__SM28__bin.26.fa	/home/jshaw/scratch/2022_sketched_distance/references/SGB_genome_fastas_part3/5099/QinJ_2012__T2D-082__bin.3.fa	/home/jshaw/scratch/2022_sketched_distance/references/SGB_genome_fastas_part3/5099/SchirmerM_2016__G88801__bin.10.fa	/home/jshaw/scratch/2022_sketched_distance/references/SGB_genome_fastas_part3/5099/ZeeviD_2015__PNP_Main_113__bin.8.fa	/home/jshaw/scratch/2022_sketched_distance/references/SGB_genome_fastas_part3/5099/ZeeviD_2015__PNP_Main_131__bin.32.fa	/home/jshaw/scratch/2022_sketched_distance/references/SGB_genome_fastas_part3/5099/ZeeviD_2015__PNP_Main_134__bin.24.fa	/home/jshaw/scratch/2022_sketched_distance/references/SGB_genome_fastas_part3/5099/ZeeviD_2015__PNP_Main_172__bin.62.fa	/home/jshaw/scratch/2022_sketched_distance/references/SGB_genome_fastas_part3/5099/ZeeviD_2015__PNP_Main_37__bin.27.fa	/home/jshaw/scratch/2022_sketched_distance/references/SGB_genome_fastas_part3/5099/ZeeviD_2015__PNP_Main_404__bin.46.fa	/home/jshaw/scratch/2022_sketched_distance/references/SGB_genome_fastas_part3/5099/ZeeviD_2015__PNP_Main_609__bin.34.fa	/home/jshaw/scratch/2022_sketched_distance/references/SGB_genome_fastas_part3/5099/ZeeviD_2015__PNP_Main_643__bin.8.fa	/home/jshaw/scratch/2022_sketched_distance/references/SGB_genome_fastas_part3/5099/ZeeviD_2015__PNP_Main_80__bin.57.fa	/home/jshaw/scratch/2022_sketched_distance/references/SGB_genome_fastas_part3/5099/ZeeviD_2015__PNP_Main_81__bin.14.fa	/home/jshaw/scratch/2022_sketched_distance/references/SGB_genome_fastas_part3/5099/ZellerG_2014__CCIS48579360ST-4-0__bin.19.fa	/home/jshaw/scratch/2022_sketched_distance/references/SGB_genome_fastas_part3/5099/ZellerG_2014__CCIS56503244ST-3-0__bin.3.fa
1.0	0.9870668761454152	0.9894769591187192	0.9887875064452255	0.9816291355944938	0.9901940473730252	0.9877174153338923	0.988748101537458	0.9893059427514571	0.9910588804354226	0.9890693376470339	0.9826541441308487	0.9803722109864559	0.983380760775863	0.986254010800424	0.9868366715715724	0.9876579783342146	0.9869979837511551	0.9864649599562758	0.9868828415371557	0.9879048996751323	0.9887221248371818	0.9824184512497264	0.9883712150851872	0.9830868053549674	0.9878153241974521	0.9850079460894815	0.9863525570367014	0.9872954812478411	0.9860653573039326	0.9865815717801265	0.9848856029404084	0.9869749875249991	0.9852755071166276	0.9859383069413044	0.9880388076861994	0.9877704449131415	0.9799265112094927	0.9881721734481929	0.9849529480826333	0.9883491586424731	0.9872270663174463	0.9877928922016999	0.9880610728486255	0.9877479823105632	0.9879048996751323	0.9877928922016999
0.9870668761454152	1.0	0.9909918608098549	0.9860478817719494	0.9899145001215707	0.9915530257447197	0.9886145838884263	0.9922695521820315	0.9933519732049741	0.9916784323622725	0.9904395676191713	0.983706931944013	0.9819051506706296	0.984360985536242	0.9885936813011332	0.9883315257067421	0.9900661718938005	0.9883908422239968	0.9880133543311098	0.988587796229582	0.9886074270369336	0.9894215386648167	0.9897594968591028	0.9889782077801	0.9900618459692362	0.9885484994962197	0.9872451430989821	0.9880276515956101	0.9882141415540994	0.9880652230059506	0.9882893115380252	0.9870777308689929	0.9876314894386816	0.9879346383088395	0.9873264171148478	0.9895743542219648	0.9892102543692417	0.9834321591263334	0.9898022583124132	0.9873864329503862	0.9899909831463899	0.988919940032358	0.9889393740607859	0.9895171313257266	0.9892680117420534	0.9892872417405303	0.9894598089824559
0.9894769591187192	0.9909918608098549	1.0	0.9888414028316542	0.992745202016786	0.990353591840733	0.9902574408121974	0.9923745904694482	0.9889775342335061	0.9911022597736542	0.9904881321078003	0.985578061456636	0.9847095082007402	0.9854035502414856	0.9905964403599888	0.9902932272916213	0.9895776012720897	0.9891460993637978	0.9906904318887458	0.9906435616793473	0.990531226706788	0.99090704182365	0.9914714737630409	0.9900553529789188	0.9922070110110947	0.9903865443987014	0.9878699599161835	0.9914112577790815	0.9910118245272885	0.9913993950150642	0.9908850860898368	0.9900304053220621	0.9888789892151393	0.990536217731911	0.9905043890730325	0.989971037902614	0.9894809545734299	0.9859790297662918	0.9899778082336985	0.9902009210776513	0.9890468522816867	0.9900019511248589	0.9899559490142104	0.9900647578189258	0.9900932593015596	0.9908287458033812	0.9894917620796023
0.9887875064452255	0.9860478817719494	0.9888414028316542	1.0	0.9852272710835168	0.9891221318110253	0.9870655512664236	0.9889522986262334	0.9880258863957272	0.9883953687758483	0.9884769162290885	0.9814679920890478	0.9806572645749301	0.9822156030668413	0.9863721449560224	0.9866560221339931	0.9880052375645934	0.9868277306179765	0.9864617724131842	0.987337543371458	0.9875267051558033	0.9886394081623424	0.9848066032853149	0.9883136189797507	0.986375087618247	0.9873586151142305	0.9855620365541564	0.9870736434550065	0.9870198373081303	0.987230425762468	0.987062375772293	0.9854617274390018	0.9866560221339931	0.9853835690248476	0.98744975213244	0.9884361677316602	0.9876313272123592	0.9813981375999012	0.9883953687758483	0.986536049676448	0.9880877553261777	0.98725312122393	0.9873164581286571	0.988067145260062	0.9879225125281328	0.987901798758114	0.987860332088453
0.9816291355944938	0.9899145001215707	0.992745202016786	0.9852272710835168	1.0	0.991482921638971	0.9751581330770837	0.9677737365965036	0.9923894394641332	0.99166622458452	0.9922101131121163	0.985041539817745	0.9783716695441813	0.98614049445256	0.9878600272171704	0.9912060467135437	0.9918788011910961	0.992059928155882	0.992359619171722	0.9907706867491002	0.9904561638210347	0.9919694886954681	0.9927252947230384	0.991757496273116	0.9878841350799106	0.9920900197598972	0.9897534804729793	0.9827266734080025	0.991113237093511	0.9893964462484316	0.9888701246308945	0.9871340602793801	0.9900747378396856	0.9915747001820849	0.9744960868430743	0.9917878642555603	0.9915441356430443	0.9790943799357191	0.9920298091443661	0.9813801583739463	0.9917271003686536	0.9918182043680907	0.9905823327264196	0.9925677989184317	0.9919392871560478	0.9912060467135437	0.9922101131121163
0.9901940473730252	0.9915530257447197	0.990353591840733	0.9891221318110253	0.991482921638971	1.0	0.9913790251920821	0.9924792962777073	0.9904830515189216	0.9918126352868606	0.9901013230708717	0.9859390518222996	0.9842419380845362	0.9857125147172048	0.9905571605881911	0.9899273694364477	0.9895083212868402	0.988931012238503	0.9905814908785029	0.9906067676045067	0.9906026717282602	0.9909941193706606	0.9913648103055559	0.9900553529789188	0.9917613762090431	0.9899486311861079	0.9874118182942713	0.9913889171229295	0.991249807590875	0.9909376804492986	0.9909226032774152	0.9897925447952661	0.9887319983957729	0.9902889200989002	0.9902792031376273	0.9901266179288762	0.9895515347654745	0.9859268477472017	0.9898036967899195	0.9900873762236542	0.9889542937637367	0.9902516196377806	0.9901180187679738	0.9907928800764482	0.9906543721506657	0.990740868925868	0.9895091520934254
0.9877174153338923	0.9886145838884263	0.9902574408121974	0.9870655512664236	0.9751581330770837	0.9913790251920821	1.0	0.980473257113519	0.9898474586052275	0.9943886072287245	0.9899024180845712	0.9836302083559926	0.9806040346226421	0.9843531346748694	0.9864919939037405	0.9879221485567622	0.9892087543999405	0.9883566232098773	0.9874523022153068	0.9880095031989272	0.9885860211168469	0.9893765689834717	0.9754070040342215	0.9893486591233355	0.9752001014465523	0.9883566232098773	0.9861553040783352	0.982583698433761	0.9880095031989272	0.9873337852842583	0.9877174153338923	0.986400510811997	0.9872446166621658	0.9861553040783352	0.9780324465152542	0.988955420151073	0.988955420151073	0.9783408332540713	0.9895712794740547	0.9822388562276725	0.9893207256227928	0.987776040553129	0.9882413224983349	0.9889836647242347	0.9887854425938435	0.9885001839528814	0.9888138331275464
0.988748101537458	0.9922695521820315	0.9923745904694482	0.9889522986262334	0.9677737365965036	0.9924792962777073	0.980473257113519	1.0	0.9916053942204643	0.9927655402446237	0.9937609122960877	0.9858118766892281	0.9833202562293296	0.9859395975158647	0.9896998619225892	0.9905141733657823	0.9913088835680247	0.9895002560225162	0.9889232049463351	0.9900392586607115	0.9910369999526872	0.991497879710343	0.9702694486103265	0.990790376682387	0.9742718246370458	0.9901235652033994	0.9883062287967032	0.9858118766892281	0.9898417017368575	0.9893856508200629	0.9890973831285034	0.9867889721437262	0.9892418319807162	0.9883654886685695	0.9795944774065312	0.9915785483625884	0.9904308598209931	0.9793626675978732	0.9922169076864148	0.9861935597362688	0.9910642892207804	0.9909549966255576	0.9908178703815772	0.9910096881227758	0.9912003984558915	0.9913629928510597	0.9912817956638061
0.9893059427514571	0.9933519732049741	0.9889775342335061	0.9880258863957272	0.9923894394641332	0.9904830515189216	0.9898474586052275	0.9916053942204643	1.0	0.990775812579417	0.9895898785667443	0.985556702707969	0.9841177778272991	0.985506861601774	0.9898018246120593	0.9895945928748898	0.9883436703159588	0.9881669572256732	0.9895094325023999	0.9895595208995631	0.9894590440111317	0.9898077576803098	0.9913648103055559	0.9891894035524275	0.9917268465289238	0.9887272326328899	0.986869132774027	0.9902058763503435	0.9902686251052778	0.9903710247319407	0.9901640392541651	0.9894727060993533	0.9881935920205587	0.9895552404155589	0.9893627719590399	0.9890574751350959	0.9891079098646541	0.9852408305335218	0.9888652421124751	0.9891412681999503	0.9883140754550369	0.9888544533763535	0.98929958945167	0.9894454724485098	0.9892876951797752	0.9896676861151513	0.9890010808696637
0.9910588804354226	0.9916784323622725	0.9911022597736542	0.9883953687758483	0.99166622458452	0.9918126352868606	0.9943886072287245	0.9927655402446237	0.990775812579417	1.0	0.9899718385953584	0.9856633578630477	0.9839931458472819	0.9856098490743473	0.9906160627372536	0.9900741996220875	0.9902712451847298	0.9895981929164006	0.9901789366036675	0.990273762654692	0.9901173900357857	0.9904858436438734	0.9922779899092417	0.9896875407592871	0.9918991354071431	0.989020562580047	0.9871028091035694	0.9904366999547088	0.9906980062132653	0.9905283173047453	0.9904124893089101	0.9896330130774079	0.9880998674574879	0.9899434202409664	0.9900240190289358	0.9902712451847298	0.9895802942707601	0.9855856297439259	0.9904461063436347	0.9894673897212815	0.9898299958852929	0.9893693875449991	0.9898836617237299	0.9897588452101402	0.9895584081889393	0.9897765885079268	0.9900778219386983
0.9890693376470339	0.9904395676191713	0.9904881321078003	0.9884769162290885	0.9922101131121163	0.9901013230708717	0.9899024180845712	0.9937609122960877	0.9895898785667443	0.9899718385953584	1.0	0.9859179265177629	0.9840679818459499	0.9858557098205816	0.9911028709281423	0.9909238815216208	0.9902963909453839	0.989288715193988	0.9912476397045871	0.9910819225670849	0.9904417024782683	0.9915973195845438	0.9928276657672302	0.9906431344194049	0.9926131039052788	0.9901595547619048	0.9881342946698516	0.9922274235857937	0.9917745965357583	0.9917792896537247	0.9913139825197103	0.9900304053220621	0.9890800372670308	0.9910999338002302	0.9905604463832489	0.9903500577620086	0.9908307542861837	0.9863677764961499	0.9902717056453773	0.9899734393752561	0.9903037018878091	0.9905522715345808	0.9906172061375823	0.9904308262250221	0.9902168203264979	0.9917119861013398	0.9901973414171242
0.9826541441308487	0.983706931944013	0.985578061456636	0.9814679920890478	0.985041539817745	0.9859390518222996	0.9836302083559926	0.9858118766892281	0.985556702707969	0.9856633578630477	0.9859179265177629	1.0	0.9855299439220302	0.9989336253793122	0.9851677506154934	0.9844927328584823	0.9860234175117125	0.9848002588147139	0.9844485643983827	0.9846730989193645	0.9856207373409064	0.9861705383944669	0.985706773912807	0.9859812617373773	0.986375087618247	0.9854068013610824	0.9830720342926276	0.9852941980925545	0.9847591463063488	0.9853799905832944	0.9854049225469711	0.9842601118015084	0.9844706560595303	0.9845235219547034	0.9842862817266832	0.9859812617373773	0.9857908887121839	0.9832909869262144	0.9860655192863207	0.9838992815007463	0.9860234175117125	0.9856420545131147	0.9854497001639279	0.9856207373409064	0.9853208353056981	0.9851049305309618	0.9857484334037151
0.9803722109864559	0.9819051506706296	0.9847095082007402	0.9806572645749301	0.9783716695441813	0.9842419380845362	0.9806040346226421	0.9833202562293296	0.9841177778272991	0.9839931458472819	0.9840679818459499	0.9855299439220302	1.0	0.9863071215243935	0.9823807864188582	0.9824332108283903	0.9840181101561036	0.9831840843037742	0.9826940814475389	0.9835405078742847	0.983515177170667	0.9842171435967275	0.9788670320762327	0.9842667138482168	0.9805666578250096	0.9833627805382973	0.9814225009047737	0.9834981075111092	0.9833627805382973	0.9824070091143822	0.9829786597654807	0.98062960068238	0.9829271017745489	0.9817717938052607	0.9827603392280573	0.9842171435967275	0.9842419380845362	0.978021786546818	0.9840679818459499	0.9813598258775406	0.9842667138482168	0.9835405078742847	0.9835911106431036	0.9840928892855784	0.9837172769341809	0.9834136581764968	0.983817861606949
0.983380760775863	0.984360985536242	0.9854035502414856	0.9822156030668413	0.98614049445256	0.9857125147172048	0.9843531346748694	0.9859395975158647	0.985506861601774	0.9856098490743473	0.9858557098205816	0.9989336253793122	0.9863071215243935	1.0	0.986058268196491	0.9851662114022749	0.9858761154203913	0.9848610288814734	0.985413615014984	0.9856503357020743	0.9857688187977025	0.9861806887743143	0.9867881527965441	0.9859982836592799	0.9877674832767411	0.9853206665584188	0.9830443249145687	0.9860648896196774	0.9860015589290284	0.9864849647011791	0.986387588847303	0.9850507416425089	0.9843948642715405	0.9856197577744922	0.985056548913562	0.9860186009540903	0.9856509538364715	0.9838242375312073	0.9860186009540903	0.9848464233975122	0.9859779537970697	0.9853621345440327	0.9855387502679245	0.9856509538364715	0.985506861601774	0.9850079763285483	0.9856509538364715
0.986254010800424	0.9885936813011332	0.9905964403599888	0.9863721449560224	0.9878600272171704	0.9905571605881911	0.9864919939037405	0.9896998619225892	0.9898018246120593	0.9906160627372536	0.9911028709281423	0.9851677506154934	0.9823807864188582	0.986058268196491	1.0	0.9914107050761353	0.9926510632035781	0.9912763803857664	0.9912763803857664	0.9905768063150066	0.9917725724111603	0.9924660943553687	0.9898714649397385	0.9918860281808418	0.9896229332281865	0.9920179030529259	0.990022257937964	0.9905285793936375	0.9912763803857664	0.9901816532666373	0.9901219701953683	0.9885519411832379	0.9906552725449637	0.9899022041669506	0.9897094235355469	0.993109011922378	0.9912186450835176	0.9839631371226578	0.9927799288924605	0.9890240101056478	0.9927615502046877	0.9922987335195039	0.9922427578706302	0.9925956810471889	0.9925216936724792	0.9921866873280684	0.9920554851872249
0.9868366715715724	0.9883315257067421	0.9902932272916213	0.9866560221339931	0.9912060467135437	0.9899273694364477	0.9879221485567622	0.9905141733657823	0.9895945928748898	0.9900741996220875	0.9909238815216208	0.9844927328584823	0.9824332108283903	0.9851662114022749	0.9914107050761353	1.0	0.9921157709103015	0.9905649838984825	0.991354409260779	0.9910092652342372	0.9912789214013462	0.992270349181847	0.993468765331839	0.9926959814210633	0.9930806643004098	0.9912259080413088	0.9895574096365698	0.9917887565322067	0.991467973205051	0.9921175018632669	0.9915907278331343	0.9902273211162249	0.9898721392408428	0.9915072964495407	0.9915263548837638	0.9926282471630985	0.9911373629802223	0.9857698026931844	0.9921157709103015	0.9904718456815995	0.9923730014662744	0.9916825562408114	0.991873870374602	0.9913670884310813	0.9915602318589912	0.9920123158658278	0.9920813218446369
0.9876579783342146	0.9900661718938005	0.9895776012720897	0.9880052375645934	0.9918788011910961	0.9895083212868402	0.9892087543999405	0.9913088835680247	0.9883436703159588	0.9902712451847298	0.9902963909453839	0.9860234175117125	0.9840181101561036	0.9858761154203913	0.9926510632035781	0.9921157709103015	1.0	0.9913404202873278	0.9922309931592129	0.9923107537579281	0.9920854576277897	0.9927386929134432	0.9939003683565826	0.9915056448728798	0.9930806643004098	0.9907843576481695	0.989352652568341	0.9927677004904013	0.9928693771319126	0.9928386420200132	0.9925682576378928	0.9913278539780728	0.9901379544649456	0.9921812832887645	0.9919049489720888	0.9915774288675998	0.9907798467182678	0.9866499641833796	0.9916206822327057	0.9910513324836774	0.9910826190534834	0.9925172540297426	0.9921217982994823	0.9913370606526646	0.9914276470681932	0.9925389228031672	0.9915157667342479
0.9869979837511551	0.9883908422239968	0.9891460993637978	0.9868277306179765	0.992059928155882	0.988931012238503	0.9883566232098773	0.9895002560225162	0.9881669572256732	0.9895981929164006	0.989288715193988	0.9848002588147139	0.9831840843037742	0.9848610288814734	0.9912763803857664	0.9905649838984825	0.9913404202873278	1.0	0.9908892284492132	0.9913349722327948	0.9912738004885767	0.991665560913813	0.993502165979202	0.9905057714370641	0.9930806643004098	0.9901595547619048	0.987964608929842	0.9920526544563135	0.9921849645729657	0.9919488281914334	0.9914249588958977	0.9907338717525171	0.989388356383263	0.9914151540056698	0.9903638279694206	0.9907841174332644	0.9892531190217924	0.9860571477796194	0.9904938383177909	0.9900418486776152	0.9905452498226073	0.9907978279749671	0.9909867056638421	0.9903787786294658	0.9903574688599083	0.9914890784828203	0.9905623692169055
0.9864649599562758	0.9880133543311098	0.9906904318887458	0.9864617724131842	0.992359619171722	0.9905814908785029	0.9874523022153068	0.9889232049463351	0.9895094325023999	0.9901789366036675	0.9912476397045871	0.9844485643983827	0.9826940814475389	0.985413615014984	0.9912763803857664	0.991354409260779	0.9922309931592129	0.9908892284492132	1.0	0.9905514995038041	0.9912298111885102	0.9922309931592129	0.9938673670464913	0.9919355549152912	0.9942214700003316	0.9910151151904383	0.9901052145468427	0.9910745515025932	0.9911401822307052	0.9917036592155457	0.9906590835709957	0.9901486957260213	0.9900682916729563	0.9915808258894654	0.9906164086837097	0.994487945760409	0.991354409260779	0.9855592348407043	0.9919530068942398	0.9892581107595206	0.9920401288899724	0.9944394262547102	0.9910868356608775	0.9921617153529547	0.9918656547374296	0.9914608349530204	0.9924207623126626
0.9868828415371557	0.988587796229582	0.9906435616793473	0.987337543371458	0.9907706867491002	0.9906067676045067	0.9880095031989272	0.9900392586607115	0.9895595208995631	0.990273762654692	0.9910819225670849	0.9846730989193645	0.9835405078742847	0.9856503357020743	0.9905768063150066	0.9910092652342372	0.9923107537579281	0.9913349722327948	0.9905514995038041	1.0	0.991190609825023	0.9926585641730236	0.9923126135209014	0.9926066251409188	0.9919334857060271	0.9916039636070115	0.9892157215672603	0.9915004696840547	0.9911218759211992	0.99158988812146	0.9984230898263154	0.9895128559435956	0.9898056105678702	0.9907440325124539	0.9916078480119542	0.9924851160437015	0.9909910759037681	0.9846760844725191	0.9921002984478617	0.9904718456815995	0.9921178876316677	0.9912628698695841	0.9911363108906441	0.9919769115051572	0.9916753264377958	0.9923456998181212	0.9919415733621549
0.9879048996751323	0.9886074270369336	0.990531226706788	0.9875267051558033	0.9904561638210347	0.9906026717282602	0.9885860211168469	0.9910369999526872	0.9894590440111317	0.9901173900357857	0.9904417024782683	0.9856207373409064	0.983515177170667	0.9857688187977025	0.9917725724111603	0.9912789214013462	0.9920854576277897	0.9912738004885767	0.9912298111885102	0.991190609825023	1.0	0.9923064848964898	0.9937350320673909	0.9920683941875134	0.9938347466501984	0.9916043208046865	0.9887306863091084	0.9921401544692645	0.9919714950315827	0.9922667151730951	0.9914434187798308	0.9977310111769396	0.9903339519734482	0.9912300947560962	0.9908948064205374	0.9927608761254391	0.9910457349713884	0.9862128290333055	0.9919144256971872	0.9903140766697675	0.992102512268093	0.9917252630538391	0.991742504453127	0.9917597368648732	0.9916043208046865	0.9916734848352874	0.9923403583736748
0.9887221248371818	0.9894215386648167	0.99090704182365	0.9886394081623424	0.9919694886954681	0.9909941193706606	0.9893765689834717	0.991497879710343	0.9898077576803098	0.9904858436438734	0.9915973195845438	0.9861705383944669	0.9842171435967275	0.9861806887743143	0.9924660943553687	0.992270349181847	0.9927386929134432	0.991665560913813	0.9922309931592129	0.9926585641730236	0.9923064848964898	1.0	0.9941304616993422	0.9932949454980637	0.99360705559691	0.9921057287420482	0.9896632098339337	0.9930026559247487	0.9929387794641662	0.9934727055518068	0.992940740986726	0.9914037248121842	0.9910288862180135	0.9923790370267179	0.9925967550857934	0.9927881518059319	0.9915973195845438	0.9867519805001859	0.9926064399814343	0.9914902752309048	0.9927386929134432	0.9919540251798841	0.9923912014594978	0.9922902040995494	0.9920552381774329	0.9931826357222113	0.9922567395678352
0.9824184512497264	0.9897594968591028	0.9914714737630409	0.9848066032853149	0.9927252947230384	0.9913648103055559	0.9754070040342215	0.9702694486103265	0.9913648103055559	0.9922779899092417	0.9928276657672302	0.985706773912807	0.9788670320762327	0.9867881527965441	0.9898714649397385	0.993468765331839	0.9939003683565826	0.993502165979202	0.9938673670464913	0.9923126135209014	0.9937350320673909	0.9941304616993422	1.0	0.9938673670464913	0.9883463606425394	0.9931666336479102	0.9902051075185442	0.9846323085069794	0.9929975836162837	0.9909707384380938	0.9902419715674369	0.9902787944917679	0.9908985812197022	0.9924162674359083	0.9766574715313209	0.9932340126844997	0.9927935772604696	0.9797917205637476	0.9938012656385723	0.9832947192890462	0.9933683607795051	0.9940320458557736	0.9936354327258121	0.9932003403075118	0.9933012548737121	0.9931666336479102	0.9939662725219527
0.9883712150851872	0.9889782077801	0.9900553529789188	0.9883136189797507	0.991757496273116	0.9900553529789188	0.9893486591233355	0.990790376682387	0.9891894035524275	0.9896875407592871	0.9906431344194049	0.9859812617373773	0.9842667138482168	0.9859982836592799	0.9918860281808418	0.9926959814210633	0.9915056448728798	0.9905057714370641	0.9919355549152912	0.9926066251409188	0.9920683941875134	0.9932949454980637	0.9938673670464913	1.0	0.9940286725223106	0.9912453226133943	0.988988185752193	0.9927033311696213	0.9925552527616451	0.9934547569559098	0.9928877850765946	0.9913468380237853	0.9902788244002413	0.9920548215624353	0.9925967550857934	0.9918378328073817	0.990950127849597	0.9863162084400955	0.9914722417217529	0.9914248043763684	0.9920519787260106	0.9918638737389568	0.9921217982994823	0.9912187847186009	0.9912914921380717	0.9932316374241666	0.9915056448728798
0.9830868053549674	0.9900618459692362	0.9922070110110947	0.986375087618247	0.9878841350799106	0.9917613762090431	0.9752001014465523	0.9742718246370458	0.9917268465289238	0.9918991354071431	0.9926131039052788	0.986375087618247	0.9805666578250096	0.9877674832767411	0.9896229332281865	0.9930806643004098	0.9930806643004098	0.9930806643004098	0.9942214700003316	0.9919334857060271	0.9938347466501984	0.99360705559691	0.9883463606425394	0.9940286725223106	1.0	0.9935417124823904	0.9924445039468764	0.9834441977743401	0.992881089567044	0.9910285671562534	0.9904231994474602	0.989952663921458	0.9916576787766244	0.992881089567044	0.9769265516896961	0.9932790430128042	0.9930474852969357	0.9803720230991648	0.9930806643004098	0.9837097080150501	0.9925120470694598	0.9929477482745012	0.9931469227083327	0.9923768226379659	0.9925794525781888	0.9933777883978628	0.9934762401886407
0.9878153241974521	0.9885484994962197	0.9903865443987014	0.9873586151142305	0.9920900197598972	0.9899486311861079	0.9883566232098773	0.9901235652033994	0.9887272326328899	0.989020562580047	0.9901595547619048	0.9854068013610824	0.9833627805382973	0.9853206665584188	0.9920179030529259	0.9912259080413088	0.9907843576481695	0.9901595547619048	0.9910151151904383	0.9916039636070115	0.9916043208046865	0.9921057287420482	0.9931666336479102	0.9912453226133943	0.9935417124823904	1.0	0.9903698200349046	0.9920088174748316	0.9920249917450632	0.992154868350949	0.9918651752472785	0.9911946593870006	0.9897117004146094	0.9939882792872434	0.9917432249951446	0.9912792136628784	0.98998387886664	0.9860050897394613	0.9908187246837759	0.9908741093586507	0.9915994568453379	0.9909721142914169	0.9908991037999403	0.9909729353468294	0.9909830765291155	0.9920181668816219	0.991211396765783
0.9850079460894815	0.9872451430989821	0.9878699599161835	0.9855620365541564	0.9897534804729793	0.9874118182942713	0.9861553040783352	0.9883062287967032	0.986869132774027	0.9871028091035694	0.9881342946698516	0.9830720342926276	0.9814225009047737	0.9830443249145687	0.990022257937964	0.9895574096365698	0.989352652568341	0.987964608929842	0.9901052145468427	0.9892157215672603	0.9887306863091084	0.9896632098339337	0.9902051075185442	0.988988185752193	0.9924445039468764	0.9903698200349046	1.0	0.989574466266347	0.9896043098180157	0.990093946312656	0.989563922196381	0.9881195606945076	0.9876416860496365	0.99527754194234	0.9889830746214615	0.9896233833527289	0.9882843960455066	0.9845674034709843	0.9888964360057626	0.9880464251835277	0.9889698562204834	0.988835913281836	0.9888359746139317	0.9893345245875594	0.9890431132790256	0.9896313052824084	0.9892619128480403
0.9863525570367014	0.9880276515956101	0.9914112577790815	0.9870736434550065	0.9827266734080025	0.9913889171229295	0.982583698433761	0.9858118766892281	0.9902058763503435	0.9904366999547088	0.9922274235857937	0.9852941980925545	0.9834981075111092	0.9860648896196774	0.9905285793936375	0.9917887565322067	0.9927677004904013	0.9920526544563135	0.9910745515025932	0.9915004696840547	0.9921401544692645	0.9930026559247487	0.9846323085069794	0.9927033311696213	0.9834441977743401	0.9920088174748316	0.989574466266347	1.0	0.9984652108297752	0.9916781743202095	0.9911196444213834	0.9892422479683263	0.9906430703130065	0.9901363133398072	0.987877821626955	0.9928747052353962	0.9919429528435019	0.97993073468478	0.9925310649328146	0.9868948484325677	0.9927033311696213	0.9920745511740356	0.9920745511740356	0.9921619933465027	0.9918549287439575	0.9925957699223218	0.9927248015253683
0.9872954812478411	0.9882141415540994	0.9910118245272885	0.9870198373081303	0.991113237093511	0.991249807590875	0.9880095031989272	0.9898417017368575	0.9902686251052778	0.9906980062132653	0.9917745965357583	0.9847591463063488	0.9833627805382973	0.9860015589290284	0.9912763803857664	0.991467973205051	0.9928693771319126	0.9921849645729657	0.9911401822307052	0.9911218759211992	0.9919714950315827	0.9929387794641662	0.9929975836162837	0.9925552527616451	0.992881089567044	0.9920249917450632	0.9896043098180157	0.9984652108297752	1.0	0.9924152583608201	0.9912769074171053	0.990109312681213	0.9907721145258481	0.9908380631819832	0.9914446603222257	0.992782419050107	0.9916847080835748	0.9851607448030638	0.992590303095418	0.9904943226907786	0.9928346213131544	0.9919893368877772	0.9920961863338735	0.9920249917450632	0.9916667010249199	0.9927126876897046	0.9926952318656805
0.9860653573039326	0.9880652230059506	0.9913993950150642	0.987230425762468	0.9893964462484316	0.9909376804492986	0.9873337852842583	0.9893856508200629	0.9903710247319407	0.9905283173047453	0.9917792896537247	0.9853799905832944	0.9824070091143822	0.9864849647011791	0.9901816532666373	0.9921175018632669	0.9928386420200132	0.9919488281914334	0.9917036592155457	0.99158988812146	0.9922667151730951	0.9934727055518068	0.9909707384380938	0.9934547569559098	0.9910285671562534	0.992154868350949	0.990093946312656	0.9916781743202095	0.9924152583608201	1.0	0.9911308462762958	0.9892280745627191	0.9908212364099132	0.9906457969266291	0.9912532506107582	0.9932024496838155	0.9920988027749268	0.9840185326687021	0.9930574060892353	0.9896753491340492	0.993002850475816	0.9928203462423809	0.9924707905362409	0.9927103586514198	0.9923596328068828	0.9929299695012535	0.9931843539494559
0.9865815717801265	0.9882893115380252	0.9908850860898368	0.987062375772293	0.9888701246308945	0.9909226032774152	0.9877174153338923	0.9890973831285034	0.9901640392541651	0.9904124893089101	0.9913139825197103	0.9854049225469711	0.9829786597654807	0.986387588847303	0.9901219701953683	0.9915907278331343	0.9925682576378928	0.9914249588958977	0.9906590835709957	0.9984230898263154	0.9914434187798308	0.992940740986726	0.9902419715674369	0.9928877850765946	0.9904231994474602	0.9918651752472785	0.989563922196381	0.9911196444213834	0.9912769074171053	0.9911308462762958	1.0	0.9897726454672243	0.9901832173302637	0.9900294797799718	0.9911158473263446	0.9928877850765946	0.9911281895876132	0.984594607479152	0.9925325633697879	0.9900646203014756	0.99229960713027	0.9914249588958977	0.9917739457034359	0.9921554296826671	0.9919924751753239	0.9926395308569615	0.9922275969687895
0.9848856029404084	0.9870777308689929	0.9900304053220621	0.9854617274390018	0.9871340602793801	0.9897925447952661	0.986400510811997	0.9867889721437262	0.9894727060993533	0.9896330130774079	0.9900304053220621	0.9842601118015084	0.98062960068238	0.9850507416425089	0.9885519411832379	0.9902273211162249	0.9913278539780728	0.9907338717525171	0.9901486957260213	0.9895128559435956	0.9977310111769396	0.9914037248121842	0.9902787944917679	0.9913468380237853	0.989952663921458	0.9911946593870006	0.9881195606945076	0.9892422479683263	0.990109312681213	0.9892280745627191	0.9897726454672243	1.0	0.9896729683892809	0.9886386733764378	0.9883603255716665	0.9917242467342677	0.9902469482341238	0.9834603207546844	0.9912327698038492	0.9876569177208626	0.9914983190574402	0.9909074212626706	0.9909266483704011	0.9910034450785553	0.9907918229775362	0.9913278539780728	0.9919672717509703
0.9869749875249991	0.9876314894386816	0.9888789892151393	0.9866560221339931	0.9900747378396856	0.9887319983957729	0.9872446166621658	0.9892418319807162	0.9881935920205587	0.9880998674574879	0.9890800372670308	0.9844706560595303	0.9829271017745489	0.9843948642715405	0.9906552725449637	0.9898721392408428	0.9901379544649456	0.989388356383263	0.9900682916729563	0.9898056105678702	0.9903339519734482	0.9910288862180135	0.9908985812197022	0.9902788244002413	0.9916576787766244	0.9897117004146094	0.9876416860496365	0.9906430703130065	0.9907721145258481	0.9908212364099132	0.9901832173302637	0.9896729683892809	1.0	0.9904982923037043	0.9901376778387456	0.9901203033734108	0.9895504246052441	0.9848654146097336	0.9894604850394586	0.9889534545391399	0.9900849728446153	0.9895150466263928	0.9899920333625395	0.9897117004146094	0.9894864350398385	0.9903692108183392	0.9902612485017382
0.9852755071166276	0.9879346383088395	0.990536217731911	0.9853835690248476	0.9915747001820849	0.9902889200989002	0.9861553040783352	0.9883654886685695	0.9895552404155589	0.9899434202409664	0.9910999338002302	0.9845235219547034	0.9817717938052607	0.9856197577744922	0.9899022041669506	0.9915072964495407	0.9921812832887645	0.9914151540056698	0.9915808258894654	0.9907440325124539	0.9912300947560962	0.9923790370267179	0.9924162674359083	0.9920548215624353	0.992881089567044	0.9939882792872434	0.99527754194234	0.9901363133398072	0.9908380631819832	0.9906457969266291	0.9900294797799718	0.9886386733764378	0.9904982923037043	1.0	0.9893917991518602	0.9926112319831868	0.9912115316990049	0.9847844068000376	0.991855113669035	0.9888355253023621	0.9920367160590315	0.9916358658215777	0.9915072964495407	0.9919278743593838	0.99165419211788	0.9921271446099929	0.9923969561517412
0.9859383069413044	0.9873264171148478	0.9905043890730325	0.98744975213244	0.9744960868430743	0.9902792031376273	0.9780324465152542	0.9795944774065312	0.9893627719590399	0.9900240190289358	0.9905604463832489	0.9842862817266832	0.9827603392280573	0.985056548913562	0.9897094235355469	0.9915263548837638	0.9919049489720888	0.9903638279694206	0.9906164086837097	0.9916078480119542	0.9908948064205374	0.9925967550857934	0.9766574715313209	0.9925967550857934	0.9769265516896961	0.9917432249951446	0.9889830746214615	0.987877821626955	0.9914446603222257	0.9912532506107582	0.9911158473263446	0.9883603255716665	0.9901376778387456	0.9893917991518602	1.0	0.9922792569897522	0.9908670720142307	0.979042312523463	0.9922792569897522	0.9863863662881897	0.9917702339900475	0.9913627633123508	0.9911433737360676	0.9913627633123508	0.9912806628314174	0.9921727434462022	0.9918780498532459
0.9880388076861994	0.9895743542219648	0.989971037902614	0.9884361677316602	0.9917878642555603	0.9901266179288762	0.988955420151073	0.9915785483625884	0.9890574751350959	0.9902712451847298	0.9903500577620086	0.9859812617373773	0.9842171435967275	0.9860186009540903	0.993109011922378	0.9926282471630985	0.9915774288675998	0.9907841174332644	0.994487945760409	0.9924851160437015	0.9927608761254391	0.9927881518059319	0.9932340126844997	0.9918378328073817	0.9932790430128042	0.9912792136628784	0.9896233833527289	0.9928747052353962	0.992782419050107	0.9932024496838155	0.9928877850765946	0.9917242467342677	0.9901203033734108	0.9926112319831868	0.9922792569897522	1.0	0.991100944083603	0.9864449772469872	0.9924527761822922	0.9924359098677084	0.9917256395996473	0.993368828610835	0.9923072484470404	0.9921698001259369	0.9921167720442874	0.9927879886294636	0.9916763098226923
0.9877704449131415	0.9892102543692417	0.9894809545734299	0.9876313272123592	0.9915441356430443	0.9895515347654745	0.988955420151073	0.9904308598209931	0.9891079098646541	0.9895802942707601	0.9908307542861837	0.9857908887121839	0.9842419380845362	0.9856509538364715	0.9912186450835176	0.9911373629802223	0.9907798467182678	0.9892531190217924	0.991354409260779	0.9909910759037681	0.9910457349713884	0.9915973195845438	0.9927935772604696	0.990950127849597	0.9930474852969357	0.98998387886664	0.9882843960455066	0.9919429528435019	0.9916847080835748	0.9920988027749268	0.9911281895876132	0.9902469482341238	0.9895504246052441	0.9912115316990049	0.9908670720142307	0.991100944083603	1.0	0.9863677764961499	0.9909661254392916	0.9912276099304799	0.9906266514723945	0.9907978279749671	0.9908991037999403	0.990517390292238	0.9901815643522488	0.9909513819466771	0.9909323346283316
0.9799265112094927	0.9834321591263334	0.9859790297662918	0.9813981375999012	0.9790943799357191	0.9859268477472017	0.9783408332540713	0.9793626675978732	0.9852408305335218	0.9855856297439259	0.9863677764961499	0.9832909869262144	0.978021786546818	0.9838242375312073	0.9839631371226578	0.9857698026931844	0.9866499641833796	0.9860571477796194	0.9855592348407043	0.9846760844725191	0.9862128290333055	0.9867519805001859	0.9797917205637476	0.9863162084400955	0.9803720230991648	0.9860050897394613	0.9845674034709843	0.97993073468478	0.9851607448030638	0.9840185326687021	0.984594607479152	0.9834603207546844	0.9848654146097336	0.9847844068000376	0.979042312523463	0.9864449772469872	0.9863677764961499	1.0	0.9867010118952726	0.9795162699027623	0.9869044141558284	0.9856383560167837	0.9859268477472017	0.9863162084400955	0.9860311290661594	0.9856909978081654	0.986264559372213
0.9881721734481929	0.9898022583124132	0.9899778082336985	0.9883953687758483	0.9920298091443661	0.9898036967899195	0.9895712794740547	0.9922169076864148	0.9888652421124751	0.9904461063436347	0.9902717056453773	0.9860655192863207	0.9840679818459499	0.9860186009540903	0.9927799288924605	0.9921157709103015	0.9916206822327057	0.9904938383177909	0.9919530068942398	0.9921002984478617	0.9919144256971872	0.9926064399814343	0.9938012656385723	0.9914722417217529	0.9930806643004098	0.9908187246837759	0.9888964360057626	0.9925310649328146	0.992590303095418	0.9930574060892353	0.9925325633697879	0.9912327698038492	0.9894604850394586	0.991855113669035	0.9922792569897522	0.9924527761822922	0.9909661254392916	0.9867010118952726	1.0	0.9978573629212146	0.9916041554964135	0.9917282363505069	0.9923912014594978	0.9921039473963844	0.9918327784478435	0.9924721873788657	0.9916537109363742
