/home/jshaw/scratch/2022_sketched_distance/references/SGB_genome_fastas_part5/15213/BritoIL_2016__M1.10.ST__bin.20.fa	/home/jshaw/scratch/2022_sketched_distance/references/SGB_genome_fastas_part5/15213/BritoIL_2016__M2.40.ST__bin.17.fa	/home/jshaw/scratch/2022_sketched_distance/references/SGB_genome_fastas_part5/15213/BritoIL_2016__M2.44.ST__bin.39.fa	/home/jshaw/scratch/2022_sketched_distance/references/SGB_genome_fastas_part5/15213/BritoIL_2016__M2.46.ST__bin.83.fa	/home/jshaw/scratch/2022_sketched_distance/references/SGB_genome_fastas_part5/15213/BritoIL_2016__W2.43.ST__bin.8.fa	/home/jshaw/scratch/2022_sketched_distance/references/SGB_genome_fastas_part5/15213/BritoIL_2016__W2.44.ST__bin.40.fa	/home/jshaw/scratch/2022_sketched_distance/references/SGB_genome_fastas_part5/15213/CosteaPI_2017__SID713A014-11-90-0__bin.25.fa	/home/jshaw/scratch/2022_sketched_distance/references/SGB_genome_fastas_part5/15213/CosteaPI_2017__SID713A084-11-90-0__bin.51.fa	/home/jshaw/scratch/2022_sketched_distance/references/SGB_genome_fastas_part5/15213/CosteaPI_2017__SID713B003-11-90-0__bin.37.fa	/home/jshaw/scratch/2022_sketched_distance/references/SGB_genome_fastas_part5/15213/CosteaPI_2017__SID713B005-11-90-0__bin.8.fa	/home/jshaw/scratch/2022_sketched_distance/references/SGB_genome_fastas_part5/15213/CosteaPI_2017__SID713B032-11-90-0__bin.40.fa	/home/jshaw/scratch/2022_sketched_distance/references/SGB_genome_fastas_part5/15213/CosteaPI_2017__SID713B040-11-90-0__bin.43.fa	/home/jshaw/scratch/2022_sketched_distance/references/SGB_genome_fastas_part5/15213/CosteaPI_2017__SID713B051-11-0-0__bin.38.fa	/home/jshaw/scratch/2022_sketched_distance/references/SGB_genome_fastas_part5/15213/FengQ_2015__SID530600__bin.86.fa	/home/jshaw/scratch/2022_sketched_distance/references/SGB_genome_fastas_part5/15213/LeChatelierE_2013__MH0200__bin.93.fa	/home/jshaw/scratch/2022_sketched_distance/references/SGB_genome_fastas_part5/15213/LiJ_2014__MH0374__bin.66.fa	/home/jshaw/scratch/2022_sketched_distance/references/SGB_genome_fastas_part5/15213/LiJ_2017__H2M614904__bin.14.fa	/home/jshaw/scratch/2022_sketched_distance/references/SGB_genome_fastas_part5/15213/LiJ_2017__H3M516113__bin.21.fa	/home/jshaw/scratch/2022_sketched_distance/references/SGB_genome_fastas_part5/15213/LiuW_2016__SRR3992955__bin.28.fa	/home/jshaw/scratch/2022_sketched_distance/references/SGB_genome_fastas_part5/15213/LiuW_2016__SRR3992969__bin.69.fa	/home/jshaw/scratch/2022_sketched_distance/references/SGB_genome_fastas_part5/15213/LiuW_2016__SRR3993013__bin.60.fa	/home/jshaw/scratch/2022_sketched_distance/references/SGB_genome_fastas_part5/15213/QinJ_2012__DLM019__bin.36.fa	/home/jshaw/scratch/2022_sketched_distance/references/SGB_genome_fastas_part5/15213/VogtmannE_2016__MMRS77487595ST-27-0-0__bin.33.fa	/home/jshaw/scratch/2022_sketched_distance/references/SGB_genome_fastas_part5/15213/YuJ_2015__SZAXPI015262-79__bin.22.fa	/home/jshaw/scratch/2022_sketched_distance/references/SGB_genome_fastas_part5/15213/ZeeviD_2015__PNP_Main_677__bin.12.fa	/home/jshaw/scratch/2022_sketched_distance/references/SGB_genome_fastas_part5/15213/ZellerG_2014__CCMD86114146ST-21-0__bin.49.fa
1.0	0.9865940841206835	0.9859702624410981	0.9864904572998822	0.9854933238562943	0.9857666852993665	0.988312801511313	0.9783139583217282	0.9864440412211173	0.988623141325362	0.9857334940513398	0.9869509478050819	0.9850809549005408	0.9885858897030007	0.9837970348369804	0.9867710985310961	0.9893722686271951	0.9827801290670736	0.9857934837138729	0.9782575550805361	0.9849139768447202	0.9864902500986927	0.9857477708220725	0.9849030130845405	0.9873913594654259	0.983423049061208
0.9865940841206835	1.0	0.9865940841206835	0.9856388393525515	0.9858449272414441	0.9860155902900625	0.98695431869774	0.9772963829978573	0.985302712961697	0.9859255857059124	0.9856487922437066	0.985991264046303	0.9857470060867295	0.981501194141543	0.9817766058689564	0.9853275541971515	0.988867132698297	0.9826645383449992	0.9849278217306088	0.9776914690397832	0.9849278217306088	0.9865701823320253	0.9856733732412946	0.9868558637005302	0.985883385641557	0.9823176080422099
0.9859702624410981	0.9865940841206835	1.0	0.9936618084880021	0.9859169755096425	0.9852244592393875	0.9889860840423031	0.9779043921021562	0.9863040768400915	0.9877214158256588	0.985293075588471	0.9869744008489578	0.9858109630307859	0.9843466737274825	0.9844208737803275	0.9869606700677889	0.9893722686271951	0.9820213921029884	0.986033150675019	0.9796932498541558	0.9857198888662773	0.9864676573382609	0.9857653067167716	0.9844292768845027	0.9877133259815949	0.9831068702160105
0.9864904572998822	0.9856388393525515	0.9936618084880021	1.0	0.9854096674004017	0.9855626261989753	0.9864261580357327	0.9772717776007257	0.9857148761229126	0.9853237820549346	0.985435210045892	0.9862422636114481	0.9859167848046856	0.9816164378996189	0.982330128513091	0.9844357965967427	0.9866877778042905	0.9803559498980379	0.9851015961080989	0.9773825314259544	0.9853585224437521	0.9862671674626152	0.9858916139594708	0.9852303105280243	0.9853522065760165	0.9814481397874878
0.9854933238562943	0.9858449272414441	0.9859169755096425	0.9854096674004017	1.0	0.9962685922290585	0.9869851244407832	0.9793311007139845	0.9861869829578359	0.9879358182434812	0.9860336936439934	0.9856589813035925	0.9858233016200887	0.9832434272723111	0.9829463470191333	0.9874697826216531	0.9894199756673694	0.9819327032566182	0.9853332433307024	0.9774710986112609	0.9847264031127426	0.988631431212746	0.987201134553524	0.9862427474755978	0.987066212220953	0.9821990456870707
0.9857666852993665	0.9860155902900625	0.9852244592393875	0.9855626261989753	0.9962685922290585	1.0	0.9873525610849153	0.9790874166103164	0.98559517322999	0.9871792200069617	0.9851530695814178	0.9857564435192238	0.9850576413052401	0.9825520266316154	0.9828023938783278	0.9865257471534873	0.9886726454934417	0.982519473944104	0.9853332433307024	0.9775594257008648	0.9840385288592919	0.9873639579003732	0.985508476153885	0.9864149338142995	0.9859210004260076	0.9821396031153703
0.988312801511313	0.98695431869774	0.9889860840423031	0.9864261580357327	0.9869851244407832	0.9873525610849153	1.0	0.9783727289634241	0.9875347523600433	0.9851163176490108	0.9875044570927882	0.9887826241577863	0.9868308064422785	0.9813561552861682	0.9747442116897262	0.982821607183033	0.9876556553885021	0.9791640779717046	0.9873829964178624	0.9687473183400797	0.9876254712337028	0.9880455519468877	0.9881645973035958	0.9868308064422785	0.979824031677595	0.9818279524037065
0.9783139583217282	0.9772963829978573	0.9779043921021562	0.9772717776007257	0.9793311007139845	0.9790874166103164	0.9783727289634241	1.0	0.9769717616564031	0.977706528584045	0.9784077474769002	0.978030961356653	0.9783139583217282	0.9734206252451303	0.9745125258612083	0.9771499433201521	0.9793463033172028	0.9733090844913426	0.9769391208542615	0.9704932621447704	0.9773286679064602	0.9817575342585009	0.9787802302368567	0.9784077474769002	0.9780084404151361	0.9757170053510369
0.9864440412211173	0.985302712961697	0.9863040768400915	0.9857148761229126	0.9861869829578359	0.98559517322999	0.9875347523600433	0.9769717616564031	1.0	0.9873700061799714	0.9862338705706963	0.9870212568392162	0.9857619571108676	0.9835430825627296	0.9850667522507219	0.9863061095703075	0.9889881070219726	0.9831530069792466	0.9850883962488926	0.9783437794129184	0.9854994866285537	0.9859278987057906	0.9856429122219356	0.986490563928064	0.9877844484828135	0.9833944312310461
0.988623141325362	0.9859255857059124	0.9877214158256588	0.9853237820549346	0.9879358182434812	0.9871792200069617	0.9851163176490108	0.977706528584045	0.9873700061799714	1.0	0.987694517092695	0.9891937304945329	0.9882018731136593	0.9832341516533731	0.9786549767769227	0.9829866324395246	0.9868495621152175	0.9789597499892083	0.9865165670745241	0.971624621653117	0.9868771601247219	0.987775147453547	0.9897798829752656	0.9866279404563538	0.9829730288523139	0.9813304851887663
0.9857334940513398	0.9856487922437066	0.985293075588471	0.985435210045892	0.9860336936439934	0.9851530695814178	0.9875044570927882	0.9784077474769002	0.9862338705706963	0.987694517092695	1.0	0.9868804881874838	0.9874602851080106	0.9842937091376669	0.9830180871034947	0.9869066181547085	0.990383067784566	0.9829814366106029	0.9854792801819345	0.9794027839082494	0.9848178500901396	0.986172529927361	0.9866194302988551	0.98657457375903	0.9872833336124295	0.9837362073891442
0.9869509478050819	0.985991264046303	0.9869744008489578	0.9862422636114481	0.9856589813035925	0.9857564435192238	0.9887826241577863	0.978030961356653	0.9870212568392162	0.9891937304945329	0.9868804881874838	1.0	0.9866208372631616	0.9827192983892887	0.983445260567566	0.9862785514207917	0.9890363727204894	0.9818734435710798	0.9861434272892677	0.9793193167740245	0.9860471076858246	0.9866918546761516	0.9864783406956776	0.9861434272892677	0.9873553902306332	0.9843536932238665
0.9850809549005408	0.9857470060867295	0.9858109630307859	0.9859167848046856	0.9858233016200887	0.9850576413052401	0.9868308064422785	0.9783139583217282	0.9857619571108676	0.9882018731136593	0.9874602851080106	0.9866208372631616	1.0	0.9838131399525827	0.9822201701779655	0.9868524772843258	0.9890604790971036	0.9820803847846694	0.9859374935259014	0.9792356356761154	0.9855320337510836	0.9857594675718364	0.9848519271824266	0.9853931868690874	0.9864801171092056	0.9833371205079016
0.9885858897030007	0.981501194141543	0.9843466737274825	0.9816164378996189	0.9832434272723111	0.9825520266316154	0.9813561552861682	0.9734206252451303	0.9835430825627296	0.9832341516533731	0.9842937091376669	0.9827192983892887	0.9838131399525827	1.0	0.9791829818765893	0.9823593306785422	0.9846029891321127	0.9782384523246878	0.9821300707240387	0.976980971963087	0.9821583709238992	0.9846364606530627	0.9844787123714192	0.9831063093834957	0.982683868537822	0.9780912012304886
0.9837970348369804	0.9817766058689564	0.9844208737803275	0.982330128513091	0.9829463470191333	0.9828023938783278	0.9747442116897262	0.9745125258612083	0.9850667522507219	0.9786549767769227	0.9830180871034947	0.983445260567566	0.9822201701779655	0.9791829818765893	1.0	0.9798213236381591	0.9830180871034947	0.9768016492842505	0.9821098413070289	0.9674483842574596	0.9825489436365052	0.9831610977965534	0.9832323697898201	0.9823666993867528	0.9750013766797622	0.9787367665494848
0.9867710985310961	0.9853275541971515	0.9869606700677889	0.9844357965967427	0.9874697826216531	0.9865257471534873	0.982821607183033	0.9771499433201521	0.9863061095703075	0.9829866324395246	0.9869066181547085	0.9862785514207917	0.9868524772843258	0.9823593306785422	0.9798213236381591	1.0	0.986933655212333	0.9802086418474076	0.9852707465974849	0.9752286673438382	0.9859181770950178	0.9880757236867168	0.986825373397019	0.9864709751472448	0.9819283741181603	0.9807025758781611
0.9893722686271951	0.988867132698297	0.9893722686271951	0.9866877778042905	0.9894199756673694	0.9886726454934417	0.9876556553885021	0.9793463033172028	0.9889881070219726	0.9868495621152175	0.990383067784566	0.9890363727204894	0.9890604790971036	0.9846029891321127	0.9830180871034947	0.986933655212333	1.0	0.9843536932238665	0.9879578471463486	0.9775594257008648	0.9882801933308532	0.9905677551174846	0.989324492474736	0.9902671113211583	0.9866276229043488	0.9830201075752187
0.9827801290670736	0.9826645383449992	0.9820213921029884	0.9803559498980379	0.9819327032566182	0.982519473944104	0.9791640779717046	0.9733090844913426	0.9831530069792466	0.9789597499892083	0.9829814366106029	0.9818734435710798	0.9820803847846694	0.9782384523246878	0.9768016492842505	0.9802086418474076	0.9843536932238665	1.0	0.9819327032566182	0.9751337729771872	0.9816651855689597	0.9829814366106029	0.9813954627689845	0.9839976416209886	0.980496305098015	0.9779224014355212
0.9857934837138729	0.9849278217306088	0.986033150675019	0.9851015961080989	0.9853332433307024	0.9853332433307024	0.9873829964178624	0.9769391208542615	0.9850883962488926	0.9865165670745241	0.9854792801819345	0.9861434272892677	0.9859374935259014	0.9821300707240387	0.9821098413070289	0.9852707465974849	0.9879578471463486	0.9819327032566182	1.0	0.9773381573819792	0.9853819944593316	0.9862710826626638	0.9850638108329662	0.9850392069950165	0.9857702822659841	0.9828749906839411
0.9782575550805361	0.9776914690397832	0.9796932498541558	0.9773825314259544	0.9774710986112609	0.9775594257008648	0.9687473183400797	0.9704932621447704	0.9783437794129184	0.971624621653117	0.9794027839082494	0.9793193167740245	0.9792356356761154	0.976980971963087	0.9674483842574596	0.9752286673438382	0.9775594257008648	0.9751337729771872	0.9773381573819792	1.0	0.9887018581212286	0.9794027839082494	0.9798580776931758	0.9765289093544306	0.9674695303512014	0.9753232855064178
0.9849139768447202	0.9849278217306088	0.9857198888662773	0.9853585224437521	0.9847264031127426	0.9840385288592919	0.9876254712337028	0.9773286679064602	0.9854994866285537	0.9868771601247219	0.9848178500901396	0.9860471076858246	0.9855320337510836	0.9821583709238992	0.9825489436365052	0.9859181770950178	0.9882801933308532	0.9816651855689597	0.9853819944593316	0.9887018581212286	1.0	0.9849858876527363	0.985009822964123	0.9840385288592919	0.9867744700665861	0.9835657646683692
0.9864902500986927	0.9865701823320253	0.9864676573382609	0.9862671674626152	0.988631431212746	0.9873639579003732	0.9880455519468877	0.9817575342585009	0.9859278987057906	0.987775147453547	0.986172529927361	0.9866918546761516	0.9857594675718364	0.9846364606530627	0.9831610977965534	0.9880757236867168	0.9905677551174846	0.9829814366106029	0.9862710826626638	0.9794027839082494	0.9849858876527363	1.0	0.9865353891050909	0.9863317738052909	0.9869571118771704	0.9842143726941253
0.9857477708220725	0.9856733732412946	0.9857653067167716	0.9858916139594708	0.987201134553524	0.985508476153885	0.9881645973035958	0.9787802302368567	0.9856429122219356	0.9897798829752656	0.9866194302988551	0.9864783406956776	0.9848519271824266	0.9844787123714192	0.9832323697898201	0.986825373397019	0.989324492474736	0.9813954627689845	0.9850638108329662	0.9798580776931758	0.985009822964123	0.9865353891050909	1.0	0.9845007747075037	0.9877844484828135	0.9837078617250402
0.9849030130845405	0.9868558637005302	0.9844292768845027	0.9852303105280243	0.9862427474755978	0.9864149338142995	0.9868308064422785	0.9784077474769002	0.986490563928064	0.9866279404563538	0.98657457375903	0.9861434272892677	0.9853931868690874	0.9831063093834957	0.9823666993867528	0.9864709751472448	0.9902671113211583	0.9839976416209886	0.9850392069950165	0.9765289093544306	0.9840385288592919	0.9863317738052909	0.9845007747075037	1.0	0.9864061153417376	0.9830779748529279
0.9873913594654259	0.985883385641557	0.9877133259815949	0.9853522065760165	0.987066212220953	0.9859210004260076	0.979824031677595	0.9780084404151361	0.9877844484828135	0.9829730288523139	0.9872833336124295	0.9873553902306332	0.9864801171092056	0.982683868537822	0.9750013766797622	0.9819283741181603	0.9866276229043488	0.980496305098015	0.9857702822659841	0.9674695303512014	0.9867744700665861	0.9869571118771704	0.9877844484828135	0.9864061153417376	1.0	0.981024341205364
0.983423049061208	0.9823176080422099	0.9831068702160105	0.9814481397874878	0.9821990456870707	0.9821396031153703	0.9818279524037065	0.9757170053510369	0.9833944312310461	0.9813304851887663	0.9837362073891442	0.9843536932238665	0.9833371205079016	0.9780912012304886	0.9787367665494848	0.9807025758781611	0.9830201075752187	0.9779224014355212	0.9828749906839411	0.9753232855064178	0.9835657646683692	0.9842143726941253	0.9837078617250402	0.9830779748529279	0.981024341205364	1.0
