/home/jshaw/scratch/2022_sketched_distance/references/SGB_genome_fastas_part2/4494/CM_cf__CF_TNFC057IS_t1M15__bin.15.fa	/home/jshaw/scratch/2022_sketched_distance/references/SGB_genome_fastas_part2/4494/CM_cf__CF_TNFC057SA_t1M16__bin.3.fa	/home/jshaw/scratch/2022_sketched_distance/references/SGB_genome_fastas_part2/4494/FerrettiP_2018__CA_C10005MS2061SA_t0M15__bin.32.fa	/home/jshaw/scratch/2022_sketched_distance/references/SGB_genome_fastas_part2/4494/HMP_2012__SRS011115__bin.71.fa	/home/jshaw/scratch/2022_sketched_distance/references/SGB_genome_fastas_part2/4494/HMP_2012__SRS011243__bin.13.fa	/home/jshaw/scratch/2022_sketched_distance/references/SGB_genome_fastas_part2/4494/HMP_2012__SRS011306__bin.51.fa	/home/jshaw/scratch/2022_sketched_distance/references/SGB_genome_fastas_part2/4494/HMP_2012__SRS013164__bin.35.fa	/home/jshaw/scratch/2022_sketched_distance/references/SGB_genome_fastas_part2/4494/HMP_2012__SRS013252__bin.16.fa	/home/jshaw/scratch/2022_sketched_distance/references/SGB_genome_fastas_part2/4494/HMP_2012__SRS015644__bin.55.fa	/home/jshaw/scratch/2022_sketched_distance/references/SGB_genome_fastas_part2/4494/HMP_2012__SRS015762__bin.44.fa	/home/jshaw/scratch/2022_sketched_distance/references/SGB_genome_fastas_part2/4494/HMP_2012__SRS016002__bin.40.fa	/home/jshaw/scratch/2022_sketched_distance/references/SGB_genome_fastas_part2/4494/HMP_2012__SRS016037__bin.60.fa	/home/jshaw/scratch/2022_sketched_distance/references/SGB_genome_fastas_part2/4494/HMP_2012__SRS016225__bin.43.fa	/home/jshaw/scratch/2022_sketched_distance/references/SGB_genome_fastas_part2/4494/HMP_2012__SRS017209__bin.31.fa	/home/jshaw/scratch/2022_sketched_distance/references/SGB_genome_fastas_part2/4494/HMP_2012__SRS017439__bin.53.fa	/home/jshaw/scratch/2022_sketched_distance/references/SGB_genome_fastas_part2/4494/HMP_2012__SRS017808__bin.52.fa	/home/jshaw/scratch/2022_sketched_distance/references/SGB_genome_fastas_part2/4494/HMP_2012__SRS018145__bin.57.fa	/home/jshaw/scratch/2022_sketched_distance/references/SGB_genome_fastas_part2/4494/HMP_2012__SRS018300__bin.3.fa	/home/jshaw/scratch/2022_sketched_distance/references/SGB_genome_fastas_part2/4494/HMP_2012__SRS019122__bin.5.fa	/home/jshaw/scratch/2022_sketched_distance/references/SGB_genome_fastas_part2/4494/HMP_2012__SRS019126__bin.26.fa	/home/jshaw/scratch/2022_sketched_distance/references/SGB_genome_fastas_part2/4494/HMP_2012__SRS019127__bin.32.fa	/home/jshaw/scratch/2022_sketched_distance/references/SGB_genome_fastas_part2/4494/HMP_2012__SRS019327__bin.47.fa	/home/jshaw/scratch/2022_sketched_distance/references/SGB_genome_fastas_part2/4494/HMP_2012__SRS021496__bin.20.fa	/home/jshaw/scratch/2022_sketched_distance/references/SGB_genome_fastas_part2/4494/HMP_2012__SRS022077__bin.47.fa	/home/jshaw/scratch/2022_sketched_distance/references/SGB_genome_fastas_part2/4494/HMP_2012__SRS022530__bin.53.fa	/home/jshaw/scratch/2022_sketched_distance/references/SGB_genome_fastas_part2/4494/HMP_2012__SRS022621__bin.36.fa	/home/jshaw/scratch/2022_sketched_distance/references/SGB_genome_fastas_part2/4494/HMP_2012__SRS023926__bin.59.fa	/home/jshaw/scratch/2022_sketched_distance/references/SGB_genome_fastas_part2/4494/HMP_2012__SRS023958__bin.34.fa	/home/jshaw/scratch/2022_sketched_distance/references/SGB_genome_fastas_part2/4494/HMP_2012__SRS024081__bin.3.fa	/home/jshaw/scratch/2022_sketched_distance/references/SGB_genome_fastas_part2/4494/HMP_2012__SRS024277__bin.47.fa	/home/jshaw/scratch/2022_sketched_distance/references/SGB_genome_fastas_part2/4494/HMP_2012__SRS024441__bin.2.fa	/home/jshaw/scratch/2022_sketched_distance/references/SGB_genome_fastas_part2/4494/HMP_2012__SRS042131__bin.27.fa	/home/jshaw/scratch/2022_sketched_distance/references/SGB_genome_fastas_part2/4494/HMP_2012__SRS042643__bin.39.fa	/home/jshaw/scratch/2022_sketched_distance/references/SGB_genome_fastas_part2/4494/HMP_2012__SRS043663__bin.27.fa	/home/jshaw/scratch/2022_sketched_distance/references/SGB_genome_fastas_part2/4494/HMP_2012__SRS047824__bin.58.fa	/home/jshaw/scratch/2022_sketched_distance/references/SGB_genome_fastas_part2/4494/HMP_2012__SRS057205__bin.2.fa	/home/jshaw/scratch/2022_sketched_distance/references/SGB_genome_fastas_part2/4494/HMP_2012__SRS057539__bin.64.fa	/home/jshaw/scratch/2022_sketched_distance/references/SGB_genome_fastas_part2/4494/HMP_2012__SRS057692__bin.13.fa	/home/jshaw/scratch/2022_sketched_distance/references/SGB_genome_fastas_part2/4494/HMP_2012__SRS062761__bin.49.fa	/home/jshaw/scratch/2022_sketched_distance/references/SGB_genome_fastas_part2/4494/HMP_2012__SRS063193__bin.55.fa	/home/jshaw/scratch/2022_sketched_distance/references/SGB_genome_fastas_part2/4494/HMP_2012__SRS063288__bin.15.fa	/home/jshaw/scratch/2022_sketched_distance/references/SGB_genome_fastas_part2/4494/HMP_2012__SRS064329__bin.27.fa	/home/jshaw/scratch/2022_sketched_distance/references/SGB_genome_fastas_part2/4494/HMP_2012__SRS077736__bin.49.fa
1.0	0.9884810855372438	0.9747269342326139	0.9672958367908782	0.9706587869370459	0.9744236722724625	0.9795787112705285	0.9538074939780622	0.9793612582041494	0.9712801554530792	0.9775674029698532	0.9615605543208772	0.978206536783956	0.969497509351852	0.9813092508340577	0.9813503355896969	0.9755220635131754	0.9675480172238335	0.9806027952260282	0.9803074053730519	0.9796652886114093	0.978744567879913	0.9665919933557422	0.9745250744803206	0.9709427068591633	0.9600898845416777	0.9798807330780203	0.9788333832349593	0.9782968272771694	0.9754729336651968	0.9810616526214601	0.9782517132816095	0.9611800348893991	0.9657398554609693	0.9803074053730519	0.972163195771974	0.9607949417883507	0.9784317960033356	0.9627487278305198	0.9771964757588416	0.972163195771974	0.9779341553271561	0.9582141358529561
0.9884810855372438	1.0	0.9751513474794551	0.9670303014566942	0.970138131662023	0.9746567930490307	0.978618669413027	0.9535456613700558	0.9787787251456916	0.9714199810329887	0.9764631059368869	0.96174487847265	0.9772673454437376	0.9665682622945849	0.980223178716491	0.9807910442530141	0.97429232910658	0.9683229317072619	0.9792935497521873	0.9795284497418212	0.9780113662345942	0.9778885363354327	0.9668001099105025	0.9746114580584847	0.96982975451851	0.9589940260138445	0.9799162330865463	0.9776001202489085	0.9796841160793117	0.9746567930490307	0.9801849678523472	0.9772255085719225	0.9595055011303947	0.9647740616231085	0.979411211013828	0.9740624445638684	0.9612682184275313	0.9777240398048475	0.9616772166421094	0.9762049516562115	0.9721622753686503	0.978618669413027	0.9577166884686698
0.9747269342326139	0.9751513474794551	1.0	0.9657732681092017	0.9751115067890314	0.9729639290047721	0.9772615198018108	0.9522729423354181	0.9796098329883021	0.9701974480786167	0.9762056712318414	0.9627796671809442	0.9780315352611448	0.9691576578004124	0.978063227795734	0.9785661633462069	0.9731897851790576	0.9685651026403634	0.9776808684570623	0.9779362723769625	0.9772939697156771	0.9773263873378532	0.9651657855271394	0.9738052006458658	0.9698957499547853	0.9590525695455405	0.9788147525027442	0.9765393172184762	0.9770661385126014	0.9727408308990811	0.9799404704756806	0.9787527825713492	0.95922335158429	0.9645946655097417	0.9779362723769625	0.9729703467895248	0.9610977294074756	0.975596348789475	0.9611512307416807	0.975596348789475	0.9706208477122473	0.9772290375307818	0.9591754334560596
0.9672958367908782	0.9670303014566942	0.9657732681092017	1.0	0.9675921759522012	0.9675586062060132	0.9680258864203819	0.9660290520977666	0.9684803338545986	0.9696149550010529	0.9651558599295061	0.9754004960648782	0.9674576345480922	0.9635275244306695	0.9662157826694167	0.966401436853608	0.9690337420406675	0.9733081952264597	0.9688256066458757	0.9690310121066945	0.967955399924075	0.9686760147987631	0.9948697190228174	0.966586027191928	0.9887789990149618	0.971404736776602	0.9665123179246172	0.9675583700419238	0.9672058409674548	0.9655003705689743	0.9696395067785811	0.9675649471177991	0.9702038642781436	0.9716518994333193	0.9679906624196193	0.9687152387654683	0.9711444320836442	0.9685150277622927	0.9682014319798112	0.9685150277622927	0.9794972045414931	0.9665123179246172	0.9698912874004165
0.9706587869370459	0.970138131662023	0.9751115067890314	0.9675921759522012	1.0	0.9774878433916682	0.9806406506661057	0.9532363098194342	0.9824032294629115	0.9736167302937815	0.9807560383822309	0.9626202986349206	0.9813646553499272	0.9698709185235547	0.9807176210466998	0.9808327378831476	0.9749283781429144	0.9691656463731145	0.9816647691103261	0.982183435183572	0.9808710202631256	0.9814399422787644	0.9659985513544226	0.9776571570692977	0.9728916335206101	0.9598123218413548	0.9788590680309596	0.9790214268337838	0.9828023938783278	0.9763653169282785	0.9835511897116103	0.9810997780555962	0.9595914543745364	0.9638725927600847	0.9808710202631256	0.973664498761929	0.9614568338848141	0.9806406506661057	0.960537727044278	0.979343741208906	0.9744659897500558	0.9829822366953364	0.9608943574437327
0.9744236722724625	0.9746567930490307	0.9729639290047721	0.9675586062060132	0.9774878433916682	1.0	0.9737309741399469	0.9579958590292069	0.9761592700840638	0.9745147082294365	0.9742433327121452	0.9712494435646897	0.9768012819759677	0.9716426643513032	0.9740333398349781	0.9733950858181496	0.9761553890553494	0.9660149559259493	0.975561812658461	0.9761310671678708	0.9748946079488444	0.9765778957152051	0.9665883200928398	0.9729935911681503	0.9699322556470185	0.9635041281245085	0.9740634220924338	0.9727318174286782	0.9758761347065917	0.9709741694439247	0.9791213806814874	0.9756478385618294	0.9623851916860243	0.966360197693196	0.9742134167443812	0.9746999962560223	0.9645553925539779	0.9746297533459197	0.9627287661436031	0.9775121106596607	0.9740696796598727	0.9754179284794567	0.9663100500241439
0.9795787112705285	0.978618669413027	0.9772615198018108	0.9680258864203819	0.9806406506661057	0.9737309741399469	1.0	0.9545280008959465	0.975358967283692	0.9768807268980682	0.9770287786906419	0.9704109168817854	0.9763417982098089	0.9749713143099197	0.9786812329632821	0.9776382588663962	0.9785214425839194	0.9656023459642408	0.9773103298000787	0.9773257044236972	0.9760240876827219	0.9809906880406016	0.964922851805021	0.9735269578652482	0.9688124844885033	0.9638892437243515	0.977156155566099	0.9981976016708719	0.9750754382760067	0.9716987245240764	0.9794078660887597	0.9749457393110543	0.9621044130924503	0.9665533032778044	0.9783281667300837	0.9808237940651511	0.9620045757245309	0.9754795034475825	0.9596030468571992	0.9731008992039004	0.975677571276419	0.9752818861118605	0.9664122564776642
0.9538074939780622	0.9535456613700558	0.9522729423354181	0.9660290520977666	0.9532363098194342	0.9579958590292069	0.9545280008959465	1.0	0.953269729783951	0.9539056837919216	0.9502087855594072	0.9693312320856435	0.9533428166343888	0.9520372116970935	0.9517979885780625	0.9520152536240648	0.9565054563041631	0.9638269158614859	0.9524023242453914	0.9526214067355743	0.9512836355327774	0.9551003661735376	0.9627323889391557	0.9527730832663817	0.9618862795496043	0.9670468027502865	0.9550379372113419	0.9544306571218921	0.9528389880481926	0.953588996861572	0.9554400853165129	0.9515105513811235	0.9669245667941341	0.9652193608334149	0.9528389880481926	0.9559491435594484	0.9673221228636283	0.9547839903543089	0.9606374486491281	0.9547329569367784	0.9595275973565345	0.9519037893578518	0.9663100500241439
0.9793612582041494	0.9787787251456916	0.9796098329883021	0.9684803338545986	0.9824032294629115	0.9761592700840638	0.975358967283692	0.953269729783951	1.0	0.9795844112669198	0.9787018659757593	0.9710418398980625	0.9788762568192158	0.9769565544793952	0.977863451334591	0.9762119728898909	0.9801209315336086	0.9655674854116342	0.9782447750120153	0.9775054010589096	0.9773112116736634	0.9820380863380271	0.964848566935755	0.9755737184721001	0.9675245141472089	0.96289572616702	0.9764293430560583	0.9773298840142259	0.9793797086137694	0.9750488697959893	0.9769888953085415	0.9927261599400102	0.9618094806847574	0.9647237404673421	0.9788665973610305	0.981285801224741	0.9622883907417368	0.9765143336873056	0.9586038704467242	0.9753347104067956	0.9779190591087816	0.9766686455906518	0.9687253057079069
0.9712801554530792	0.9714199810329887	0.9701974480786167	0.9696149550010529	0.9736167302937815	0.9745147082294365	0.9768807268980682	0.9539056837919216	0.9795844112669198	1.0	0.9771147994828914	0.9629407393127941	0.9785806865102984	0.9686640264837234	0.978131656310381	0.9775779581035089	0.9721117365839491	0.9690645043680308	0.9800140197852296	0.9801053481929674	0.9794916123739121	0.9773141028656741	0.9674444379689364	0.9751579510859583	0.9712920414189784	0.9620822349580845	0.9765772826232705	0.9750516242474098	0.977347201866336	0.9725047918578911	0.9804380517325129	0.9789921798742736	0.9613850446190996	0.9657386564478322	0.9803174602084634	0.9860058043803545	0.96276459023303	0.9764415052450375	0.9614932966199664	0.9777744568206089	0.9704439112962573	0.9798305933698035	0.9605518083743302
0.9775674029698532	0.9764631059368869	0.9762056712318414	0.9651558599295061	0.9807560383822309	0.9742433327121452	0.9770287786906419	0.9502087855594072	0.9787018659757593	0.9771147994828914	1.0	0.9678944010569384	0.9764746412548866	0.9751938690851939	0.9764007046561357	0.97627708279423	0.9793153006368213	0.9654146635866826	0.9777885578716649	0.9779134831092599	0.9770543922397941	0.9793674969309843	0.962216135785259	0.97341255974147	0.9681557903761104	0.9613222511433688	0.975881353756545	0.9775217221128492	0.9769004078946756	0.9712075702039504	0.9792330337553805	0.9778635704545747	0.9578016179374785	0.961873114828704	0.9777635152641816	0.9785769337485012	0.9586629067645906	0.9787018659757593	0.956942095902095	0.9739117753291089	0.9755137456715948	0.9766680573802639	0.9661046589740576
0.9615605543208772	0.96174487847265	0.9627796671809442	0.9754004960648782	0.9626202986349206	0.9712494435646897	0.9704109168817854	0.9693312320856435	0.9710418398980625	0.9629407393127941	0.9678944010569384	1.0	0.9704533633460234	0.9621733567596511	0.9683050150095207	0.9702405718062127	0.9649643289603212	0.974364474214043	0.9695936642439184	0.9700693247533033	0.9691108985767185	0.9690223426717545	0.974477069897768	0.9702832422575247	0.9736036903181002	0.9727456989495765	0.9707909449639649	0.9682142179073445	0.9691108985767185	0.9692872854296394	0.972348070309679	0.9700263709153245	0.9734880190825305	0.9769993324712444	0.9707909449639649	0.9643845486669494	0.9730994426925471	0.9706225944427238	0.9736805760620814	0.9716606995970491	0.9698971659584643	0.9692432789170966	0.9641399496139844
0.978206536783956	0.9772673454437376	0.9780315352611448	0.9674576345480922	0.9813646553499272	0.9768012819759677	0.9763417982098089	0.9533428166343888	0.9788762568192158	0.9785806865102984	0.9764746412548866	0.9704533633460234	1.0	0.9753413968873793	0.9773122371322046	0.9779772740106142	0.9782308577314642	0.9688262838313849	0.9785046872887362	0.9787033842280523	0.9777995564278731	0.9815313479427294	0.9646763958126472	0.9749826505014604	0.9708432699754498	0.9632881627322158	0.9769484369986898	0.9761829850887555	0.9773896684852665	0.9732143106085266	0.9813195061888262	0.9784048830710034	0.9613833855333482	0.9648004886160216	0.9787775846703761	0.9796232860532456	0.9606113874059041	0.9762618313274618	0.9606113874059041	0.9791216396471425	0.9761641546494528	0.976974557917726	0.9666157017031559
0.969497509351852	0.9665682622945849	0.9691576578004124	0.9635275244306695	0.9698709185235547	0.9716426643513032	0.9749713143099197	0.9520372116970935	0.9769565544793952	0.9686640264837234	0.9751938690851939	0.9621733567596511	0.9753413968873793	1.0	0.9754516050673865	0.9772007512320702	0.9695560017187369	0.9670887048494199	0.9776151618654163	0.9774086154405508	0.976391416249424	0.9754882582712812	0.9613325387211658	0.9750085127619551	0.9672780800236953	0.9592196765785567	0.9737192403436651	0.9737578999443771	0.9752308138488344	0.9713526815279232	0.9778204073831863	0.9766044944052069	0.9595216052150981	0.9621733567596511	0.9779904635176525	0.9677931991280775	0.961895527071619	0.9735641397993936	0.9591589472348292	0.9742563296617812	0.9684826367090749	0.9759610283872939	0.9584643751768901
0.9813092508340577	0.980223178716491	0.978063227795734	0.9662157826694167	0.9807176210466998	0.9740333398349781	0.9786812329632821	0.9517979885780625	0.977863451334591	0.978131656310381	0.9764007046561357	0.9683050150095207	0.9773122371322046	0.9754516050673865	1.0	0.9789493330301189	0.9801209315336086	0.966751317323235	0.9808585179920245	0.9811093957597926	0.9793354064367287	0.9812234946002207	0.963518120863876	0.9739482509328827	0.9695924868824537	0.9599091978948868	0.977762917828719	0.9783046651437618	0.9778885363354327	0.9726488907469863	0.9796695152490281	0.9772299675214596	0.9582305125496304	0.9637881803637446	0.9803043725729637	0.9821013192289224	0.9587193639007583	0.9775862345124533	0.9593489091349799	0.975115788783726	0.9767386100384843	0.9779386484980734	0.9673178127690645
0.9813503355896969	0.9807910442530141	0.9785661633462069	0.966401436853608	0.9808327378831476	0.9733950858181496	0.9776382588663962	0.9520152536240648	0.9762119728898909	0.9775779581035089	0.97627708279423	0.9702405718062127	0.9779772740106142	0.9772007512320702	0.9789493330301189	1.0	0.9792524978264935	0.965810720142682	0.978503565150863	0.9775520823186707	0.977140880155201	0.981556872098263	0.9628938592325434	0.9748417815750804	0.9663931288528153	0.9618704698886532	0.9758416760838678	0.9792252277424325	0.9765977248624763	0.9718479276928845	0.9778095505590182	0.9749292802834757	0.9609949950375715	0.9650676739960248	0.9789824808338384	0.9806994816374449	0.9618003017095466	0.9747795929538309	0.9586463768329085	0.9726165675715452	0.9765164138609227	0.9751506938877393	0.9682468662502561
0.9755220635131754	0.97429232910658	0.9731897851790576	0.9690337420406675	0.9749283781429144	0.9761553890553494	0.9785214425839194	0.9565054563041631	0.9801209315336086	0.9721117365839491	0.9793153006368213	0.9649643289603212	0.9782308577314642	0.9695560017187369	0.9801209315336086	0.9792524978264935	1.0	0.9688610544875758	0.9799367727574252	0.9805466412127845	0.9793153006368213	0.9788094614874328	0.9682933553955955	0.9757729328233572	0.9720333435963804	0.9621475659433517	0.9794717810952039	0.9771761698632464	0.9793466567901561	0.974742532652262	0.9819365783337491	0.9793779828540959	0.9623601725777382	0.9667133473829496	0.9815286949401927	0.9744746311310846	0.9640624300855971	0.990007158304195	0.9629896676846419	0.9769070756223832	0.9729617729819189	0.9780682957434509	0.9612783398908473
0.9675480172238335	0.9683229317072619	0.9685651026403634	0.9733081952264597	0.9691656463731145	0.9660149559259493	0.9656023459642408	0.9638269158614859	0.9655674854116342	0.9690645043680308	0.9654146635866826	0.974364474214043	0.9688262838313849	0.9670887048494199	0.966751317323235	0.965810720142682	0.9688610544875758	1.0	0.9663389033869332	0.9664278717456065	0.9652167870942501	0.9705543576434668	0.9700878899516591	0.9648346580455995	0.9694718047997387	0.9698871592132238	0.9647550883685259	0.9675955052744727	0.9664618136543308	0.9645656381266743	0.9675623017196688	0.964467636021061	0.968953255312853	0.9695659538446417	0.9672727629788768	0.9699520200802689	0.96968427320619	0.9659488907151259	0.9636636246497743	0.9654276643776705	0.9711615403537579	0.965845318416703	0.9701649733708432
0.9806027952260282	0.9792935497521873	0.9776808684570623	0.9688256066458757	0.9816647691103261	0.975561812658461	0.9773103298000787	0.9524023242453914	0.9782447750120153	0.9800140197852296	0.9777885578716649	0.9695936642439184	0.9785046872887362	0.9776151618654163	0.9808585179920245	0.978503565150863	0.9799367727574252	0.9663389033869332	1.0	0.9988194068006632	0.9973054127818155	0.9820883313261055	0.9647741100907022	0.9750875963418968	0.9724424551988082	0.9618704698886532	0.9770908291894901	0.9786760130046713	0.9788995181753852	0.9726419634824938	0.9816296832261862	0.9776488624950118	0.9605138098665511	0.9642203617052274	0.9789361768179441	0.9824278284325527	0.9613046668541868	0.9754857346590934	0.9582354930530612	0.9753827374460529	0.9787920148711758	0.9785737893483883	0.9679563610476882
0.9803074053730519	0.9795284497418212	0.9779362723769625	0.9690310121066945	0.982183435183572	0.9761310671678708	0.9773257044236972	0.9526214067355743	0.9775054010589096	0.9801053481929674	0.9779134831092599	0.9700693247533033	0.9787033842280523	0.9774086154405508	0.9811093957597926	0.9775520823186707	0.9805466412127845	0.9664278717456065	0.9988194068006632	1.0	0.997690768884237	0.9825618518996899	0.9652917245183117	0.9750331312891276	0.9719399887026445	0.9620511457627375	0.976234630966801	0.9786760130046713	0.9789474854361265	0.9731034863668757	0.9807911129151232	0.9767731543929707	0.9600700034540857	0.9649534376376151	0.9790748922253342	0.9829842433487211	0.960885700073666	0.9757858029048216	0.9580027652163438	0.9743693162067225	0.9790876977880115	0.9776917261943996	0.9682468662502561
0.9796652886114093	0.9780113662345942	0.9772939697156771	0.967955399924075	0.9808710202631256	0.9748946079488444	0.9760240876827219	0.9512836355327774	0.9773112116736634	0.9794916123739121	0.9770543922397941	0.9691108985767185	0.9777995564278731	0.976391416249424	0.9793354064367287	0.977140880155201	0.9793153006368213	0.9652167870942501	0.9973054127818155	0.997690768884237	1.0	0.9810684745169028	0.964361486819269	0.9744834002559453	0.971767829111644	0.9612761401289746	0.976099744591163	0.9777667230793363	0.9774323340725948	0.9719074170705972	0.9801897647140492	0.9767728564636047	0.9595291813825675	0.9632698097387121	0.9777326532569386	0.9817715206519113	0.9604184170178955	0.9745521152172598	0.9570717868390274	0.9744727650233034	0.977980019049132	0.9774565046104886	0.9671686424719743
0.978744567879913	0.9778885363354327	0.9773263873378532	0.9686760147987631	0.9814399422787644	0.9765778957152051	0.9809906880406016	0.9551003661735376	0.9820380863380271	0.9773141028656741	0.9793674969309843	0.9690223426717545	0.9815313479427294	0.9754882582712812	0.9812234946002207	0.981556872098263	0.9788094614874328	0.9705543576434668	0.9820883313261055	0.9825618518996899	0.9810684745169028	1.0	0.9666008320794869	0.9773705905123465	0.9728003728532714	0.9612924221825695	0.980095924119547	0.9783421234008469	0.981429051725856	0.9763990893956993	0.9843435006568637	0.9813007299777248	0.9614352239828865	0.9671621018965483	0.9817349858529958	0.9799116292743815	0.9627838073496361	0.9804145276817848	0.9631910629905986	0.9788726901772438	0.9759055495402041	0.9811719028387391	0.9668178704004737
0.9665919933557422	0.9668001099105025	0.9651657855271394	0.9948697190228174	0.9659985513544226	0.9665883200928398	0.964922851805021	0.9627323889391557	0.964848566935755	0.9674444379689364	0.962216135785259	0.974477069897768	0.9646763958126472	0.9613325387211658	0.963518120863876	0.9628938592325434	0.9682933553955955	0.9700878899516591	0.9647741100907022	0.9652917245183117	0.964361486819269	0.9666008320794869	1.0	0.9640019734731708	0.9848677097902796	0.970654844726002	0.9635587314858787	0.966423944677604	0.964361486819269	0.9634035249894177	0.9660170224675403	0.9637131915848076	0.9684406967109099	0.969960278570877	0.9646246772214866	0.9670046890304687	0.9684081959687124	0.9658732643315877	0.9661244214422259	0.9659811430614684	0.978373504390459	0.9635587314858787	0.9686301833539227
0.9745250744803206	0.9746114580584847	0.9738052006458658	0.966586027191928	0.9776571570692977	0.9729935911681503	0.9735269578652482	0.9527730832663817	0.9755737184721001	0.9751579510859583	0.97341255974147	0.9702832422575247	0.9749826505014604	0.9750085127619551	0.9739482509328827	0.9748417815750804	0.9757729328233572	0.9648346580455995	0.9750875963418968	0.9750331312891276	0.9744834002559453	0.9773705905123465	0.9640019734731708	1.0	0.9683361620137029	0.9618251413947426	0.973326495684839	0.9744281736853463	0.9746217074702468	0.9697140056995563	0.9766027013911017	0.9751691231785207	0.9597556359885444	0.9643372275942211	0.9756005133243988	0.9769066759023874	0.9599184391565215	0.9727760558757487	0.9611152272092603	0.9736124925753712	0.9733403969180685	0.975358561055762	0.965322558059043
0.9709427068591633	0.96982975451851	0.9698957499547853	0.9887789990149618	0.9728916335206101	0.9699322556470185	0.9688124844885033	0.9618862795496043	0.9675245141472089	0.9712920414189784	0.9681557903761104	0.9736036903181002	0.9708432699754498	0.9672780800236953	0.9695924868824537	0.9663931288528153	0.9720333435963804	0.9694718047997387	0.9724424551988082	0.9719399887026445	0.971767829111644	0.9728003728532714	0.9848677097902796	0.9683361620137029	1.0	0.9674681969977824	0.9668440060934634	0.9710753599343932	0.9680607951096206	0.9677257367916888	0.9691055735396716	0.9663512382379672	0.9666344583239335	0.968830285691345	0.9689542580519362	0.9726130710817935	0.9664119340606292	0.9682402423559968	0.9625222467906066	0.9676231348353908	0.9870902964737648	0.9661068699422455	0.9686777795590453
0.9600898845416777	0.9589940260138445	0.9590525695455405	0.971404736776602	0.9598123218413548	0.9635041281245085	0.9638892437243515	0.9670468027502865	0.96289572616702	0.9620822349580845	0.9613222511433688	0.9727456989495765	0.9632881627322158	0.9592196765785567	0.9599091978948868	0.9618704698886532	0.9621475659433517	0.9698871592132238	0.9618704698886532	0.9620511457627375	0.9612761401289746	0.9612924221825695	0.970654844726002	0.9618251413947426	0.9674681969977824	1.0	0.9622755684867862	0.9616887701075848	0.96289572616702	0.963070734940302	0.9644374973291445	0.9625871455933324	0.9712358257895315	0.9759556265657421	0.9633747232556437	0.962583833380983	0.9704819637891133	0.964479285866004	0.9725955700129819	0.964479285866004	0.965241730236847	0.9608581270755642	0.9684390937505544
0.9798807330780203	0.9799162330865463	0.9788147525027442	0.9665123179246172	0.9788590680309596	0.9740634220924338	0.977156155566099	0.9550379372113419	0.9764293430560583	0.9765772826232705	0.975881353756545	0.9707909449639649	0.9769484369986898	0.9737192403436651	0.977762917828719	0.9758416760838678	0.9794717810952039	0.9647550883685259	0.9770908291894901	0.976234630966801	0.976099744591163	0.980095924119547	0.9635587314858787	0.973326495684839	0.9668440060934634	0.9622755684867862	1.0	0.9787550405017238	0.9748795380135276	0.9725546918279441	0.9765262640062446	0.9749651674737358	0.9609080428457083	0.966662010739901	0.9791440294498973	0.9804180380132946	0.9614292959759736	0.9741445358189259	0.9596087407033339	0.972432038030835	0.9760351090391031	0.9737496713972928	0.9682950305569723
0.9788333832349593	0.9776001202489085	0.9765393172184762	0.9675583700419238	0.9790214268337838	0.9727318174286782	0.9981976016708719	0.9544306571218921	0.9773298840142259	0.9750516242474098	0.9775217221128492	0.9682142179073445	0.9761829850887555	0.9737578999443771	0.9783046651437618	0.9792252277424325	0.9771761698632464	0.9675955052744727	0.9786760130046713	0.9786760130046713	0.9777667230793363	0.9783421234008469	0.966423944677604	0.9744281736853463	0.9710753599343932	0.9616887701075848	0.9787550405017238	1.0	0.9766353744778983	0.9731408513420972	0.9804968560353328	0.9769983673061721	0.9615727343837023	0.9650478890389221	0.9792770550657722	0.978376951418074	0.9631875002710037	0.9769983673061721	0.9608026394342659	0.9751415049367143	0.9742750719938768	0.9767195019612468	0.9647366898584893
0.9782968272771694	0.9796841160793117	0.9770661385126014	0.9672058409674548	0.9828023938783278	0.9758761347065917	0.9750754382760067	0.9528389880481926	0.9793797086137694	0.977347201866336	0.9769004078946756	0.9691108985767185	0.9773896684852665	0.9752308138488344	0.9778885363354327	0.9765977248624763	0.9793466567901561	0.9664618136543308	0.9788995181753852	0.9789474854361265	0.9774323340725948	0.981429051725856	0.964361486819269	0.9746217074702468	0.9680607951096206	0.96289572616702	0.9748795380135276	0.9766353744778983	1.0	0.9739794238421845	0.979447434226332	0.9791756846343636	0.9609949950375715	0.9655206059100389	0.9768802178397814	0.979071591001413	0.961179551109762	0.9759884116759959	0.9583803696465043	0.9737979026147092	0.976260604102766	0.9928936467614488	0.9680534869899586
0.9754729336651968	0.9746567930490307	0.9727408308990811	0.9655003705689743	0.9763653169282785	0.9709741694439247	0.9716987245240764	0.953588996861572	0.9750488697959893	0.9725047918578911	0.9712075702039504	0.9692872854296394	0.9732143106085266	0.9713526815279232	0.9726488907469863	0.9718479276928845	0.974742532652262	0.9645656381266743	0.9726419634824938	0.9731034863668757	0.9719074170705972	0.9763990893956993	0.9634035249894177	0.9697140056995563	0.9677257367916888	0.963070734940302	0.9725546918279441	0.9731408513420972	0.9739794238421845	1.0	0.9756369742824038	0.9745048352257448	0.9594381487112205	0.9642983194904009	0.972700014347349	0.9745875091198585	0.9612630158658321	0.9713680378606957	0.9591311140884127	0.9715187687136646	0.9732700789868926	0.9723208122014485	0.9658460641675526
0.9810616526214601	0.9801849678523472	0.9799404704756806	0.9696395067785811	0.9835511897116103	0.9791213806814874	0.9794078660887597	0.9554400853165129	0.9769888953085415	0.9804380517325129	0.9792330337553805	0.972348070309679	0.9813195061888262	0.9778204073831863	0.9796695152490281	0.9778095505590182	0.9819365783337491	0.9675623017196688	0.9816296832261862	0.9807911129151232	0.9801897647140492	0.9843435006568637	0.9660170224675403	0.9766027013911017	0.9691055735396716	0.9644374973291445	0.9765262640062446	0.9804968560353328	0.979447434226332	0.9756369742824038	1.0	0.9762978616794217	0.9609515484463069	0.9667342791641648	0.9801638943670201	0.9827218561664467	0.9636323024701392	0.9775654188631201	0.9597321579215183	0.9767781573126999	0.979263830111768	0.977152942181082	0.9684869722932503
0.9782517132816095	0.9772255085719225	0.9787527825713492	0.9675649471177991	0.9810997780555962	0.9756478385618294	0.9749457393110543	0.9515105513811235	0.9927261599400102	0.9789921798742736	0.9778635704545747	0.9700263709153245	0.9784048830710034	0.9766044944052069	0.9772299675214596	0.9749292802834757	0.9793779828540959	0.964467636021061	0.9776488624950118	0.9767731543929707	0.9767728564636047	0.9813007299777248	0.9637131915848076	0.9751691231785207	0.9663512382379672	0.9625871455933324	0.9749651674737358	0.9769983673061721	0.9791756846343636	0.9745048352257448	0.9762978616794217	1.0	0.9612974824819592	0.964103069331955	0.9779960203408632	0.9805121220859964	0.9600309555305441	0.9756840232858234	0.9574783703424671	0.9743862336216468	0.9767386100384843	0.9765988685638306	0.9674168776084685
0.9611800348893991	0.9595055011303947	0.95922335158429	0.9702038642781436	0.9595914543745364	0.9623851916860243	0.9621044130924503	0.9669245667941341	0.9618094806847574	0.9613850446190996	0.9578016179374785	0.9734880190825305	0.9613833855333482	0.9595216052150981	0.9582305125496304	0.9609949950375715	0.9623601725777382	0.968953255312853	0.9605138098665511	0.9600700034540857	0.9595291813825675	0.9614352239828865	0.9684406967109099	0.9597556359885444	0.9666344583239335	0.9712358257895315	0.9609080428457083	0.9615727343837023	0.9609949950375715	0.9594381487112205	0.9609515484463069	0.9612974824819592	1.0	0.969624254838857	0.9610817118414886	0.9615317285962526	0.9722384555847736	0.9614690589278398	0.9665980104310082	0.9627685311764332	0.9639527160820174	0.9613404627929766	0.9710608883528205
0.9657398554609693	0.9647740616231085	0.9645946655097417	0.9716518994333193	0.9638725927600847	0.966360197693196	0.9665533032778044	0.9652193608334149	0.9647237404673421	0.9657386564478322	0.961873114828704	0.9769993324712444	0.9648004886160216	0.9621733567596511	0.9637881803637446	0.9650676739960248	0.9667133473829496	0.9695659538446417	0.9642203617052274	0.9649534376376151	0.9632698097387121	0.9671621018965483	0.969960278570877	0.9643372275942211	0.968830285691345	0.9759556265657421	0.966662010739901	0.9650478890389221	0.9655206059100389	0.9642983194904009	0.9667342791641648	0.964103069331955	0.969624254838857	1.0	0.9657447035696595	0.9682161009132882	0.9710836697174093	0.9664442277863735	0.992863361603637	0.9651815061201194	0.968946280770526	0.9641422143722116	0.9700284199536854
0.9803074053730519	0.979411211013828	0.9779362723769625	0.9679906624196193	0.9808710202631256	0.9742134167443812	0.9783281667300837	0.9528389880481926	0.9788665973610305	0.9803174602084634	0.9777635152641816	0.9707909449639649	0.9787775846703761	0.9779904635176525	0.9803043725729637	0.9789824808338384	0.9815286949401927	0.9672727629788768	0.9789361768179441	0.9790748922253342	0.9777326532569386	0.9817349858529958	0.9646246772214866	0.9756005133243988	0.9689542580519362	0.9633747232556437	0.9791440294498973	0.9792770550657722	0.9768802178397814	0.972700014347349	0.9801638943670201	0.9779960203408632	0.9610817118414886	0.9657447035696595	1.0	0.9827803463092707	0.9615121136059731	0.9766076352884634	0.959542726096507	0.974632801063686	0.97658005338946	0.9764829756029371	0.9686777795590453
0.972163195771974	0.9740624445638684	0.9729703467895248	0.9687152387654683	0.973664498761929	0.9746999962560223	0.9808237940651511	0.9559491435594484	0.981285801224741	0.9860058043803545	0.9785769337485012	0.9643845486669494	0.9796232860532456	0.9677931991280775	0.9821013192289224	0.9806994816374449	0.9744746311310846	0.9699520200802689	0.9824278284325527	0.9829842433487211	0.9817715206519113	0.9799116292743815	0.9670046890304687	0.9769066759023874	0.9726130710817935	0.962583833380983	0.9804180380132946	0.978376951418074	0.979071591001413	0.9745875091198585	0.9827218561664467	0.9805121220859964	0.9615317285962526	0.9682161009132882	0.9827803463092707	1.0	0.9633907385967948	0.9797837909176971	0.9642813727354435	0.9792022429427899	0.9725331389979156	0.9796554501984515	0.95974567078447
0.9607949417883507	0.9612682184275313	0.9610977294074756	0.9711444320836442	0.9614568338848141	0.9645553925539779	0.9620045757245309	0.9673221228636283	0.9622883907417368	0.96276459023303	0.9586629067645906	0.9730994426925471	0.9606113874059041	0.961895527071619	0.9587193639007583	0.9618003017095466	0.9640624300855971	0.96968427320619	0.9613046668541868	0.960885700073666	0.9604184170178955	0.9627838073496361	0.9684081959687124	0.9599184391565215	0.9664119340606292	0.9704819637891133	0.9614292959759736	0.9631875002710037	0.961179551109762	0.9612630158658321	0.9636323024701392	0.9600309555305441	0.9722384555847736	0.9710836697174093	0.9615121136059731	0.9633907385967948	1.0	0.9626496443140851	0.9663764081245729	0.9633601760719651	0.9655113525146415	0.9602037399522487	0.9723174483393363
0.9784317960033356	0.9777240398048475	0.975596348789475	0.9685150277622927	0.9806406506661057	0.9746297533459197	0.9754795034475825	0.9547839903543089	0.9765143336873056	0.9764415052450375	0.9787018659757593	0.9706225944427238	0.9762618313274618	0.9735641397993936	0.9775862345124533	0.9747795929538309	0.990007158304195	0.9659488907151259	0.9754857346590934	0.9757858029048216	0.9745521152172598	0.9804145276817848	0.9658732643315877	0.9727760558757487	0.9682402423559968	0.964479285866004	0.9741445358189259	0.9769983673061721	0.9759884116759959	0.9713680378606957	0.9775654188631201	0.9756840232858234	0.9614690589278398	0.9664442277863735	0.9766076352884634	0.9797837909176971	0.9626496443140851	1.0	0.9596963946628169	0.9723594559407102	0.9747829411795047	0.9748581092727095	0.967068810776383
0.9627487278305198	0.9616772166421094	0.9611512307416807	0.9682014319798112	0.960537727044278	0.9627287661436031	0.9596030468571992	0.9606374486491281	0.9586038704467242	0.9614932966199664	0.956942095902095	0.9736805760620814	0.9606113874059041	0.9591589472348292	0.9593489091349799	0.9586463768329085	0.9629896676846419	0.9636636246497743	0.9582354930530612	0.9580027652163438	0.9570717868390274	0.9631910629905986	0.9661244214422259	0.9611152272092603	0.9625222467906066	0.9725955700129819	0.9596087407033339	0.9608026394342659	0.9583803696465043	0.9591311140884127	0.9597321579215183	0.9574783703424671	0.9665980104310082	0.992863361603637	0.959542726096507	0.9642813727354435	0.9663764081245729	0.9596963946628169	1.0	0.9596499327054869	0.9655560707545657	0.9576979159714559	0.9675649065826882
0.9771964757588416	0.9762049516562115	0.975596348789475	0.9685150277622927	0.979343741208906	0.9775121106596607	0.9731008992039004	0.9547329569367784	0.9753347104067956	0.9777744568206089	0.9739117753291089	0.9716606995970491	0.9791216396471425	0.9742563296617812	0.975115788783726	0.9726165675715452	0.9769070756223832	0.9654276643776705	0.9753827374460529	0.9743693162067225	0.9744727650233034	0.9788726901772438	0.9659811430614684	0.9736124925753712	0.9676231348353908	0.964479285866004	0.972432038030835	0.9751415049367143	0.9737979026147092	0.9715187687136646	0.9767781573126999	0.9743862336216468	0.9627685311764332	0.9651815061201194	0.974632801063686	0.9792022429427899	0.9633601760719651	0.9723594559407102	0.9596499327054869	1.0	0.9759379878196057	0.973225995583163	0.9661046589740576
0.972163195771974	0.9721622753686503	0.9706208477122473	0.9794972045414931	0.9744659897500558	0.9740696796598727	0.975677571276419	0.9595275973565345	0.9779190591087816	0.9704439112962573	0.9755137456715948	0.9698971659584643	0.9761641546494528	0.9684826367090749	0.9767386100384843	0.9765164138609227	0.9729617729819189	0.9711615403537579	0.9787920148711758	0.9790876977880115	0.977980019049132	0.9759055495402041	0.978373504390459	0.9733403969180685	0.9870902964737648	0.965241730236847	0.9760351090391031	0.9742750719938768	0.976260604102766	0.9732700789868926	0.979263830111768	0.9767386100384843	0.9639527160820174	0.968946280770526	0.97658005338946	0.9725331389979156	0.9655113525146415	0.9747829411795047	0.9655560707545657	0.9759379878196057	1.0	0.9763887603102926	0.9655329833946753
0.9779341553271561	0.978618669413027	0.9772290375307818	0.9665123179246172	0.9829822366953364	0.9754179284794567	0.9752818861118605	0.9519037893578518	0.9766686455906518	0.9798305933698035	0.9766680573802639	0.9692432789170966	0.976974557917726	0.9759610283872939	0.9779386484980734	0.9751506938877393	0.9780682957434509	0.965845318416703	0.9785737893483883	0.9776917261943996	0.9774565046104886	0.9811719028387391	0.9635587314858787	0.975358561055762	0.9661068699422455	0.9608581270755642	0.9737496713972928	0.9767195019612468	0.9928936467614488	0.9723208122014485	0.977152942181082	0.9765988685638306	0.9613404627929766	0.9641422143722116	0.9764829756029371	0.9796554501984515	0.9602037399522487	0.9748581092727095	0.9576979159714559	0.973225995583163	0.9763887603102926	1.0	0.9670187787510398
0.9582141358529561	0.9577166884686698	0.9591754334560596	0.9698912874004165	0.9608943574437327	0.9663100500241439	0.9664122564776642	0.9663100500241439	0.9687253057079069	0.9605518083743302	0.9661046589740576	0.9641399496139844	0.9666157017031559	0.9584643751768901	0.9673178127690645	0.9682468662502561	0.9612783398908473	0.9701649733708432	0.9679563610476882	0.9682468662502561	0.9671686424719743	0.9668178704004737	0.9686301833539227	0.965322558059043	0.9686777795590453	0.9684390937505544	0.9682950305569723	0.9647366898584893	0.9680534869899586	0.9658460641675526	0.9684869722932503	0.9674168776084685	0.9710608883528205	0.9700284199536854	0.9686777795590453	0.95974567078447	0.9723174483393363	0.967068810776383	0.9675649065826882	0.9661046589740576	0.9655329833946753	0.9670187787510398	1.0
