/home/jshaw/scratch/2022_sketched_distance/references/SGB_genome_fastas_part4/5849/CosteaPI_2017__SID713A076-11-0-0__bin.23.fa	/home/jshaw/scratch/2022_sketched_distance/references/SGB_genome_fastas_part4/5849/KarlssonFH_2013__S543__bin.19.fa	/home/jshaw/scratch/2022_sketched_distance/references/SGB_genome_fastas_part4/5849/SchirmerM_2016__G88902__bin.9.fa	/home/jshaw/scratch/2022_sketched_distance/references/SGB_genome_fastas_part4/5849/SchirmerM_2016__G89250__bin.15.fa	/home/jshaw/scratch/2022_sketched_distance/references/SGB_genome_fastas_part4/5849/ZeeviD_2015__PNP_DietIntervention_36__bin.35.fa	/home/jshaw/scratch/2022_sketched_distance/references/SGB_genome_fastas_part4/5849/ZeeviD_2015__PNP_DietIntervention_43__bin.27.fa	/home/jshaw/scratch/2022_sketched_distance/references/SGB_genome_fastas_part4/5849/ZeeviD_2015__PNP_DietIntervention_50__bin.3.fa	/home/jshaw/scratch/2022_sketched_distance/references/SGB_genome_fastas_part4/5849/ZeeviD_2015__PNP_Main_110__bin.8.fa	/home/jshaw/scratch/2022_sketched_distance/references/SGB_genome_fastas_part4/5849/ZeeviD_2015__PNP_Main_151__bin.36.fa	/home/jshaw/scratch/2022_sketched_distance/references/SGB_genome_fastas_part4/5849/ZeeviD_2015__PNP_Main_16__bin.22.fa	/home/jshaw/scratch/2022_sketched_distance/references/SGB_genome_fastas_part4/5849/ZeeviD_2015__PNP_Main_185__bin.22.fa	/home/jshaw/scratch/2022_sketched_distance/references/SGB_genome_fastas_part4/5849/ZeeviD_2015__PNP_Main_193__bin.23.fa	/home/jshaw/scratch/2022_sketched_distance/references/SGB_genome_fastas_part4/5849/ZeeviD_2015__PNP_Main_223__bin.47.fa	/home/jshaw/scratch/2022_sketched_distance/references/SGB_genome_fastas_part4/5849/ZeeviD_2015__PNP_Main_224__bin.17.fa	/home/jshaw/scratch/2022_sketched_distance/references/SGB_genome_fastas_part4/5849/ZeeviD_2015__PNP_Main_265__bin.33.fa	/home/jshaw/scratch/2022_sketched_distance/references/SGB_genome_fastas_part4/5849/ZeeviD_2015__PNP_Main_298__bin.21.fa	/home/jshaw/scratch/2022_sketched_distance/references/SGB_genome_fastas_part4/5849/ZeeviD_2015__PNP_Main_317__bin.32.fa	/home/jshaw/scratch/2022_sketched_distance/references/SGB_genome_fastas_part4/5849/ZeeviD_2015__PNP_Main_321__bin.31.fa	/home/jshaw/scratch/2022_sketched_distance/references/SGB_genome_fastas_part4/5849/ZeeviD_2015__PNP_Main_347__bin.3.fa	/home/jshaw/scratch/2022_sketched_distance/references/SGB_genome_fastas_part4/5849/ZeeviD_2015__PNP_Main_400__bin.14.fa	/home/jshaw/scratch/2022_sketched_distance/references/SGB_genome_fastas_part4/5849/ZeeviD_2015__PNP_Main_589__bin.14.fa	/home/jshaw/scratch/2022_sketched_distance/references/SGB_genome_fastas_part4/5849/ZeeviD_2015__PNP_Main_609__bin.45.fa	/home/jshaw/scratch/2022_sketched_distance/references/SGB_genome_fastas_part4/5849/ZeeviD_2015__PNP_Main_615__bin.12.fa	/home/jshaw/scratch/2022_sketched_distance/references/SGB_genome_fastas_part4/5849/ZeeviD_2015__PNP_Main_677__bin.30.fa	/home/jshaw/scratch/2022_sketched_distance/references/SGB_genome_fastas_part4/5849/ZeeviD_2015__PNP_Main_88__bin.17.fa	/home/jshaw/scratch/2022_sketched_distance/references/SGB_genome_fastas_part4/5849/ZeeviD_2015__PNP_Main_98__bin.35.fa	/home/jshaw/scratch/2022_sketched_distance/references/SGB_genome_fastas_part4/5849/ZeeviD_2015__PNP_Validation_25__bin.19.fa	/home/jshaw/scratch/2022_sketched_distance/references/SGB_genome_fastas_part4/5849/ZellerG_2014__CCIS59903910ST-4-0__bin.18.fa
1.0	0.9993164221839064	0.9917492167240795	0.9922802509847963	0.9958989030958731	0.9964120734923352	0.9965340633635678	0.9968772883036796	0.9964527865840477	0.9915289736925883	0.997017592149497	0.9961256757498836	0.9936303242358556	0.9963509101276641	0.9989787298049259	0.9994654157093277	0.9992042380654618	0.995691393175162	0.9956497350561063	0.9965746272987431	0.9966758209635027	0.9964731244311706	0.9958367862170181	0.9937850198845305	0.9964934498331532	0.9989032197471825	0.9967162122808788	0.993504614226748
0.9993164221839064	1.0	0.996191456013751	0.9968730875901305	0.9959132444886125	0.996199977830772	0.9959972919733802	0.9948840309093976	0.9964370094579377	0.9958910821168961	0.9953502243627433	0.995938742925211	0.9960894626323951	0.9954155558859749	0.9997823780848077	0.9991527834013352	0.9993094612896132	0.9960237511347348	0.9960942984018841	0.9960083174644563	0.9960667777912025	0.9962957140154346	0.9956772052554751	0.9963749765758919	0.9956843482321734	0.9998934679741307	0.9951289056650157	0.9969717943748888
0.9917492167240795	0.996191456013751	1.0	0.9887047445554477	0.9960198210546485	0.9964108339746495	0.9967492343912171	0.9967251769167809	0.9963135115226216	0.9882862119145365	0.9969649714102571	0.9960198210546485	0.9929303641508188	0.9960689502141382	0.9960443947216167	0.9964593884674132	0.9963865300846695	0.997439431521076	0.9955494314556361	0.9965562850413493	0.9966770096446049	0.99643512009343	0.9978374664571718	0.9954495468129935	0.9986649633891731	0.9958225741410048	0.9965320873837142	0.9890944352216872
0.9922802509847963	0.9968730875901305	0.9887047445554477	1.0	0.9979990639254691	0.998580087366799	0.9986440237928913	0.9989829596178977	0.9982800825988871	0.9893818019406561	0.9988774123425417	0.9983660745598796	0.9957773160232695	0.9984732529812421	0.9964209014791123	0.9965572047566192	0.9964663980805307	0.995614451093473	0.9979990639254691	0.9986227252930591	0.9987503123671976	0.9987503123671976	0.9959162813022442	0.9940382288352311	0.9964663980805307	0.9961466052019056	0.9987715294204643	0.9899344789470926
0.9958989030958731	0.9959132444886125	0.9960198210546485	0.9979990639254691	1.0	0.9988826590839897	0.9992539350217922	0.9995734535058891	0.9986958526018451	0.9961504031468399	0.9995097944957088	0.9983756015937263	0.9978272396344556	0.9982930898045101	0.9955204448453833	0.9960902647092743	0.996037257676527	0.9955510903538857	0.9980443196488941	0.9989960949345273	0.99926998394259	0.9985071964122101	0.9949719206522608	0.995909825506705	0.9961960255830669	0.9954845041778989	0.9990284343271881	0.9970327060652561
0.9964120734923352	0.996199977830772	0.9964108339746495	0.998580087366799	0.9988826590839897	1.0	0.9995757390852501	0.9997020100846463	0.999314037467831	0.9963050291606742	0.9996231468026573	0.9984826574098471	0.9986093313371253	0.9986781801435008	0.9959540273545079	0.9965308805531101	0.996461490265558	0.9960778583680316	0.9984922766174825	0.9993536067396469	0.9995440964248972	0.9990818679069823	0.9956772052554751	0.9964134466567954	0.9964267406853514	0.9959187423645213	0.9992260057615636	0.9974860201371589
0.9965340633635678	0.9959972919733802	0.9967492343912171	0.9986440237928913	0.9992539350217922	0.9995757390852501	1.0	0.9995643787798619	0.9995068937588645	0.9966630480126577	0.9996269601126246	0.9986576092854064	0.9988243488569751	0.9986112692906045	0.9958469381281632	0.9963268770215412	0.9962577620230608	0.9963828117347288	0.9988513151946391	0.999281298896953	0.9994388623674545	0.9988681109831845	0.995784392279247	0.9966051315470266	0.9963958484838635	0.9957171862043567	0.9992496965700178	0.9975759459118985
0.9968772883036796	0.9948840309093976	0.9967251769167809	0.9989829596178977	0.9995734535058891	0.9997020100846463	0.9995643787798619	1.0	0.9999051277719185	0.9966630480126577	0.9993418659674899	0.9992486042069604	0.9992149771589085	0.9986579225760038	0.9962135436569819	0.9950397403458235	0.996071307695667	0.9965963994033598	0.9997955067719342	0.9997379602103038	0.9996778521449204	0.9990328096018654	0.9959622717265693	0.9968906009281916	0.9965288543276384	0.9955175767773633	0.998998052383098	0.9977848318261324
0.9964527865840477	0.9964370094579377	0.9963135115226216	0.9982800825988871	0.9986958526018451	0.999314037467831	0.9995068937588645	0.9999051277719185	1.0	0.9961762242012138	0.9998099847249561	0.9988269539413891	0.9987170136914855	0.9987450761242802	0.9963313967915752	0.9967170124936438	0.9966646913790914	0.9960598324191289	0.9986794285737857	0.9996986401144583	0.9999051277719185	0.999201020173697	0.9955284087984392	0.9963364618833647	0.9965072317948603	0.996119158491314	0.9994266726078566	0.9974259342200635
0.9915289736925883	0.9958910821168961	0.9882862119145365	0.9893818019406561	0.9961504031468399	0.9963050291606742	0.9966630480126577	0.9966630480126577	0.9961762242012138	1.0	0.9968911821215051	0.9958650382575744	0.9930099117112993	0.9960469176634364	0.9958128891592198	0.9963050291606742	0.9963050291606742	0.9984216180293638	0.9952072096983926	0.9964333364821141	0.9966630480126577	0.9962020251926061	0.9982523116484253	0.9960469176634364	0.998900658452035	0.9955771989427565	0.9965356266580666	0.9888225976523864
0.997017592149497	0.9953502243627433	0.9969649714102571	0.9988774123425417	0.9995097944957088	0.9996231468026573	0.9996269601126246	0.9993418659674899	0.9998099847249561	0.9968911821215051	1.0	0.9993907877614244	0.9991442937947675	0.9989275402177674	0.9963175489200469	0.9954692448536899	0.996207756024834	0.9968086225750836	0.9994306082215316	0.9996604959352947	0.99960068908329	0.9989377028014375	0.9961568445684748	0.9970418543561059	0.9965118324487509	0.9956563807057571	0.9992590250857286	0.9977848318261324
0.9961256757498836	0.995938742925211	0.9960198210546485	0.9983660745598796	0.9983756015937263	0.9984826574098471	0.9986576092854064	0.9992486042069604	0.9988269539413891	0.9958650382575744	0.9993907877614244	1.0	0.9982841781146641	0.9984312250496931	0.9955648766432241	0.9958687136294586	0.9957458057432395	0.9959514707159558	0.9988513151946391	0.9992486042069604	0.998786283792717	0.9984149956731301	0.9953354775603336	0.9961819548850168	0.9958160945374129	0.9955340417885443	0.9996420698147885	0.9971844986714751
0.9936303242358556	0.9960894626323951	0.9929303641508188	0.9957773160232695	0.9978272396344556	0.9986093313371253	0.9988243488569751	0.9992149771589085	0.9987170136914855	0.9930099117112993	0.9991442937947675	0.9982841781146641	1.0	0.9986990908043576	0.9961088485942653	0.9962828148200004	0.9962056089929685	0.9953839191137647	0.998447151808325	0.9991796542277342	0.9991442937947675	0.9986093313371253	0.9954630576260145	0.9935228792534654	0.9959729085570298	0.9958364095978963	0.9987528305440334	0.9946357173680945
0.9963509101276641	0.9954155558859749	0.9960689502141382	0.9984732529812421	0.9982930898045101	0.9986781801435008	0.9986112692906045	0.9986579225760038	0.9987450761242802	0.9960469176634364	0.9989275402177674	0.9984312250496931	0.9986990908043576	1.0	0.9954584824654344	0.9956430044090218	0.9955731861420538	0.9960417966783038	0.9982782826299098	0.9985886964696488	0.9986260588169651	0.9978239850651394	0.9959090079020747	0.9961819548850168	0.9954742136075291	0.9951157509948932	0.9987215587410407	0.9975160224258565
0.9989787298049259	0.9997823780848077	0.9960443947216167	0.9964209014791123	0.9955204448453833	0.9959540273545079	0.9958469381281632	0.9962135436569819	0.9963313967915752	0.9958128891592198	0.9963175489200469	0.9955648766432241	0.9961088485942653	0.9954584824654344	1.0	0.9998758186664485	0.9994847424380192	0.9959695555790777	0.9955967921214448	0.9959520962935728	0.9960394743628771	0.9958469381281632	0.9954077132738789	0.9963364618833647	0.9957590511315466	0.9994375033359747	0.9958118112485422	0.9970327060652561
0.9994654157093277	0.9991527834013352	0.9964593884674132	0.9965572047566192	0.9960902647092743	0.9965308805531101	0.9963268770215412	0.9950397403458235	0.9967170124936438	0.9963050291606742	0.9954692448536899	0.9958687136294586	0.9962828148200004	0.9956430044090218	0.9998758186664485	1.0	0.9998325183896506	0.9964541603362645	0.9959351973497607	0.9961809781987335	0.9961525790978645	0.9959501945766054	0.9961744765997248	0.9964902534031362	0.9960143642609599	0.9999087076974478	0.9952671326249872	0.997214774184491
0.9992042380654618	0.9993094612896132	0.9963865300846695	0.9964663980805307	0.996037257676527	0.996461490265558	0.9962577620230608	0.996071307695667	0.9966646913790914	0.9963050291606742	0.996207756024834	0.9957458057432395	0.9962056089929685	0.9955731861420538	0.9994847424380192	0.9998325183896506	1.0	0.9963291995182898	0.9958287047963394	0.9960947600637532	0.9960667777912025	0.995880657094811	0.996086222666017	0.9964326650006979	0.99596247408762	0.9989660885606678	0.995675865752157	0.9971238647912837
0.995691393175162	0.9960237511347348	0.997439431521076	0.995614451093473	0.9955510903538857	0.9960778583680316	0.9963828117347288	0.9965963994033598	0.9960598324191289	0.9984216180293638	0.9968086225750836	0.9959514707159558	0.9953839191137647	0.9960417966783038	0.9959695555790777	0.9964541603362645	0.9963291995182898	1.0	0.9954042915449975	0.9963649506101011	0.9965253560041176	0.9961138809332662	0.9984257624192739	0.9981548386623282	0.9992221809623286	0.9957336803636344	0.996489777245232	0.9987811723938617
0.9956497350561063	0.9960942984018841	0.9955494314556361	0.9979990639254691	0.9980443196488941	0.9984922766174825	0.9988513151946391	0.9997955067719342	0.9986794285737857	0.9952072096983926	0.9994306082215316	0.9988513151946391	0.998447151808325	0.9982782826299098	0.9955967921214448	0.9959351973497607	0.9958287047963394	0.9954042915449975	1.0	0.9993027443566347	0.9991261262509731	0.9986232845917199	0.9948070108537853	0.9957729197248357	0.9957396992780135	0.9957040301348161	0.9991422211999396	0.9965113623507639
0.9965746272987431	0.9960083174644563	0.9965562850413493	0.9986227252930591	0.9989960949345273	0.9993536067396469	0.999281298896953	0.9997379602103038	0.9996986401144583	0.9964333364821141	0.9996604959352947	0.9992486042069604	0.9991796542277342	0.9985886964696488	0.9959520962935728	0.9961809781987335	0.9960947600637532	0.9963649506101011	0.9993027443566347	1.0	0.9994894379548368	0.9987945313052901	0.995784392279247	0.9966624219868876	0.9961292741870613	0.9957127175146198	0.9995050250212155	0.9976954699006957
0.9966758209635027	0.9960667777912025	0.9966770096446049	0.9987503123671976	0.99926998394259	0.9995440964248972	0.9994388623674545	0.9996778521449204	0.9999051277719185	0.9966630480126577	0.99960068908329	0.998786283792717	0.9991442937947675	0.9986260588169651	0.9960394743628771	0.9961525790978645	0.9960667777912025	0.9965253560041176	0.9991261262509731	0.9994894379548368	1.0	0.9988900473406114	0.9959622717265693	0.9967005608001944	0.996135126874824	0.9955298020809876	0.9991495843497525	0.9976058672081705
0.9964731244311706	0.9962957140154346	0.99643512009343	0.9987503123671976	0.9985071964122101	0.9990818679069823	0.9988681109831845	0.9990328096018654	0.999201020173697	0.9962020251926061	0.9989377028014375	0.9984149956731301	0.9986093313371253	0.9978239850651394	0.9958469381281632	0.9959501945766054	0.995880657094811	0.9961138809332662	0.9986232845917199	0.9987945313052901	0.9988900473406114	1.0	0.9955337485986313	0.9965285902773482	0.9959501945766054	0.9955307675915515	0.9984902431190236	0.9975459976675923
0.9958367862170181	0.9956772052554751	0.9978374664571718	0.9959162813022442	0.9949719206522608	0.9956772052554751	0.995784392279247	0.9959622717265693	0.9955284087984392	0.9982523116484253	0.9961568445684748	0.9953354775603336	0.9954630576260145	0.9959090079020747	0.9954077132738789	0.9961744765997248	0.996086222666017	0.9984257624192739	0.9948070108537853	0.995784392279247	0.9959622717265693	0.9955337485986313	1.0	0.9982095221034342	0.9987349879958325	0.9954077132738789	0.9958912342859328	0.998896451968744
0.9937850198845305	0.9963749765758919	0.9954495468129935	0.9940382288352311	0.995909825506705	0.9964134466567954	0.9966051315470266	0.9968906009281916	0.9963364618833647	0.9960469176634364	0.9970418543561059	0.9961819548850168	0.9935228792534654	0.9961819548850168	0.9963364618833647	0.9964902534031362	0.9964326650006979	0.9981548386623282	0.9957729197248357	0.9966624219868876	0.9967005608001944	0.9965285902773482	0.9982095221034342	1.0	0.9991610705586298	0.9961238289163566	0.9966051315470266	0.9967883865268672
0.9964934498331532	0.9956843482321734	0.9986649633891731	0.9964663980805307	0.9961960255830669	0.9964267406853514	0.9963958484838635	0.9965288543276384	0.9965072317948603	0.998900658452035	0.9965118324487509	0.9958160945374129	0.9959729085570298	0.9954742136075291	0.9957590511315466	0.9960143642609599	0.99596247408762	0.9992221809623286	0.9957396992780135	0.9961292741870613	0.996135126874824	0.9959501945766054	0.9987349879958325	0.9991610705586298	1.0	0.995421471377137	0.9960143642609599	0.9994103278394083
0.9989032197471825	0.9998934679741307	0.9958225741410048	0.9961466052019056	0.9954845041778989	0.9959187423645213	0.9957171862043567	0.9955175767773633	0.996119158491314	0.9955771989427565	0.9956563807057571	0.9955340417885443	0.9958364095978963	0.9951157509948932	0.9994375033359747	0.9999087076974478	0.9989660885606678	0.9957336803636344	0.9957040301348161	0.9957127175146198	0.9955298020809876	0.9955307675915515	0.9954077132738789	0.9961238289163566	0.995421471377137	1.0	0.9951328446041378	0.9968496350252908
0.9967162122808788	0.9951289056650157	0.9965320873837142	0.9987715294204643	0.9990284343271881	0.9992260057615636	0.9992496965700178	0.998998052383098	0.9994266726078566	0.9965356266580666	0.9992590250857286	0.9996420698147885	0.9987528305440334	0.9987215587410407	0.9958118112485422	0.9952671326249872	0.995675865752157	0.996489777245232	0.9991422211999396	0.9995050250212155	0.9991495843497525	0.9984902431190236	0.9958912342859328	0.9966051315470266	0.9960143642609599	0.9951328446041378	1.0	0.9975160224258565
0.993504614226748	0.9969717943748888	0.9890944352216872	0.9899344789470926	0.9970327060652561	0.9974860201371589	0.9975759459118985	0.9977848318261324	0.9974259342200635	0.9888225976523864	0.9977848318261324	0.9971844986714751	0.9946357173680945	0.9975160224258565	0.9970327060652561	0.997214774184491	0.9971238647912837	0.9987811723938617	0.9965113623507639	0.9976954699006957	0.9976058672081705	0.9975459976675923	0.998896451968744	0.9967883865268672	0.9994103278394083	0.9968496350252908	0.9975160224258565	1.0
