/home/jshaw/scratch/2022_sketched_distance/references/SGB_genome_fastas_part1_redo/1636/BackhedF_2015__SID39_M__bin.33.fa	/home/jshaw/scratch/2022_sketched_distance/references/SGB_genome_fastas_part1_redo/1636/BritoIL_2016__W2.15.ST__bin.7.fa	/home/jshaw/scratch/2022_sketched_distance/references/SGB_genome_fastas_part1_redo/1636/ChengpingW_2017__AS38raw__bin.17.fa	/home/jshaw/scratch/2022_sketched_distance/references/SGB_genome_fastas_part1_redo/1636/CM_madagascar__A81_03_1FE__bin.28.fa	/home/jshaw/scratch/2022_sketched_distance/references/SGB_genome_fastas_part1_redo/1636/CM_madagascar__V36_02_2FE__bin.25.fa	/home/jshaw/scratch/2022_sketched_distance/references/SGB_genome_fastas_part1_redo/1636/CM_madagascar__V53_02_1FE__bin.39.fa	/home/jshaw/scratch/2022_sketched_distance/references/SGB_genome_fastas_part1_redo/1636/CosteaPI_2017__SID713A066-11-0-0__bin.30.fa	/home/jshaw/scratch/2022_sketched_distance/references/SGB_genome_fastas_part1_redo/1636/CosteaPI_2017__SID713A066-11-90-0__bin.18.fa	/home/jshaw/scratch/2022_sketched_distance/references/SGB_genome_fastas_part1_redo/1636/CosteaPI_2017__SID713A089-11-0-0__bin.31.fa	/home/jshaw/scratch/2022_sketched_distance/references/SGB_genome_fastas_part1_redo/1636/CosteaPI_2017__SID713B003-11-90-0__bin.22.fa	/home/jshaw/scratch/2022_sketched_distance/references/SGB_genome_fastas_part1_redo/1636/KarlssonFH_2013__S587__bin.28.fa	/home/jshaw/scratch/2022_sketched_distance/references/SGB_genome_fastas_part1_redo/1636/LeChatelierE_2013__MH0046__bin.14.fa	/home/jshaw/scratch/2022_sketched_distance/references/SGB_genome_fastas_part1_redo/1636/LeChatelierE_2013__MH0152__bin.35.fa	/home/jshaw/scratch/2022_sketched_distance/references/SGB_genome_fastas_part1_redo/1636/LeChatelierE_2013__MH0288__bin.38.fa	/home/jshaw/scratch/2022_sketched_distance/references/SGB_genome_fastas_part1_redo/1636/LiJ_2014__MH0389__bin.49.fa	/home/jshaw/scratch/2022_sketched_distance/references/SGB_genome_fastas_part1_redo/1636/LiJ_2014__MH0394__bin.43.fa	/home/jshaw/scratch/2022_sketched_distance/references/SGB_genome_fastas_part1_redo/1636/LiJ_2014__MH0400__bin.70.fa	/home/jshaw/scratch/2022_sketched_distance/references/SGB_genome_fastas_part1_redo/1636/LiJ_2014__O2.UC16-1__bin.11.fa	/home/jshaw/scratch/2022_sketched_distance/references/SGB_genome_fastas_part1_redo/1636/LiJ_2017__H2M513938__bin.67.fa	/home/jshaw/scratch/2022_sketched_distance/references/SGB_genome_fastas_part1_redo/1636/LiuW_2016__SRR3993044__bin.61.fa	/home/jshaw/scratch/2022_sketched_distance/references/SGB_genome_fastas_part1_redo/1636/NielsenHB_2014__O2_UC16_0__bin.5.fa	/home/jshaw/scratch/2022_sketched_distance/references/SGB_genome_fastas_part1_redo/1636/NielsenHB_2014__O2_UC16_2__bin.27.fa	/home/jshaw/scratch/2022_sketched_distance/references/SGB_genome_fastas_part1_redo/1636/Obregon-TitoAJ_2015__SM23__bin.16.fa	/home/jshaw/scratch/2022_sketched_distance/references/SGB_genome_fastas_part1_redo/1636/Obregon-TitoAJ_2015__SM24__bin.26.fa	/home/jshaw/scratch/2022_sketched_distance/references/SGB_genome_fastas_part1_redo/1636/Obregon-TitoAJ_2015__SM25__bin.23.fa	/home/jshaw/scratch/2022_sketched_distance/references/SGB_genome_fastas_part1_redo/1636/Obregon-TitoAJ_2015__SM40__bin.38.fa	/home/jshaw/scratch/2022_sketched_distance/references/SGB_genome_fastas_part1_redo/1636/Obregon-TitoAJ_2015__SM41__bin.13.fa	/home/jshaw/scratch/2022_sketched_distance/references/SGB_genome_fastas_part1_redo/1636/QinN_2014__HV-21__bin.18.fa	/home/jshaw/scratch/2022_sketched_distance/references/SGB_genome_fastas_part1_redo/1636/QinN_2014__LV-11__bin.12.fa	/home/jshaw/scratch/2022_sketched_distance/references/SGB_genome_fastas_part1_redo/1636/SchirmerM_2016__G88842__bin.7.fa	/home/jshaw/scratch/2022_sketched_distance/references/SGB_genome_fastas_part1_redo/1636/XieH_2016__YSZC12003_37315__bin.53.fa	/home/jshaw/scratch/2022_sketched_distance/references/SGB_genome_fastas_part1_redo/1636/ZeeviD_2015__PNP_Main_126__bin.9.fa	/home/jshaw/scratch/2022_sketched_distance/references/SGB_genome_fastas_part1_redo/1636/ZeeviD_2015__PNP_Main_151__bin.1.fa	/home/jshaw/scratch/2022_sketched_distance/references/SGB_genome_fastas_part1_redo/1636/ZeeviD_2015__PNP_Main_232__bin.44.fa	/home/jshaw/scratch/2022_sketched_distance/references/SGB_genome_fastas_part1_redo/1636/ZeeviD_2015__PNP_Main_311__bin.11.fa	/home/jshaw/scratch/2022_sketched_distance/references/SGB_genome_fastas_part1_redo/1636/ZeeviD_2015__PNP_Main_342__bin.22.fa	/home/jshaw/scratch/2022_sketched_distance/references/SGB_genome_fastas_part1_redo/1636/ZeeviD_2015__PNP_Main_500__bin.44.fa	/home/jshaw/scratch/2022_sketched_distance/references/SGB_genome_fastas_part1_redo/1636/ZeeviD_2015__PNP_Main_744__bin.10.fa	/home/jshaw/scratch/2022_sketched_distance/references/SGB_genome_fastas_part1_redo/1636/ZellerG_2014__CCIS19142497ST-3-0__bin.15.fa	/home/jshaw/scratch/2022_sketched_distance/references/SGB_genome_fastas_part1_redo/1636/ZellerG_2014__CCIS48174381ST-4-0__bin.65.fa	/home/jshaw/scratch/2022_sketched_distance/references/SGB_genome_fastas_part1_redo/1636/ZellerG_2014__CCIS74726977ST-3-0__bin.91.fa	/home/jshaw/scratch/2022_sketched_distance/references/SGB_genome_fastas_part1_redo/1636/ZellerG_2014__CCIS77252613ST-4-0__bin.9.fa	/home/jshaw/scratch/2022_sketched_distance/references/SGB_genome_fastas_part1_redo/1636/ZellerG_2014__CCIS87116798ST-4-0__bin.37.fa	/home/jshaw/scratch/2022_sketched_distance/references/SGB_genome_fastas_part1_redo/1636/ZellerG_2014__CCMD34381688ST-21-0__bin.4.fa
1.0	0.96410247252696	0.9642866404368543	0.9630743262158006	0.9574259012216525	0.9642800783208406	0.9610420476627531	0.9671952821013682	0.9684022267183579	0.9670530545875246	0.9790108906927028	0.9804968331928781	0.977867075095001	0.9753752384922394	0.9649339790360048	0.9779947337571845	0.9654976508266352	0.9639055430114744	0.9629110703486468	0.9651250186969472	0.9638837280349085	0.9636224328592908	0.9612890149954268	0.9584616227979011	0.9636413490744098	0.956639726577662	0.9610580230236304	0.9626610715728536	0.9637682451601958	0.9770991729864826	0.9649064897815661	0.9660172732317666	0.9618910193461868	0.9550435909071139	0.9671886604123927	0.9785376960194928	0.9647640587264554	0.9684221334844694	0.9666651237360598	0.9765337897995807	0.9661774447049255	0.9658981470012459	0.9665552252945339	0.9778356039092118
0.96410247252696	1.0	0.9719053394960963	0.9736251527164271	0.9669473697984778	0.9761514841463099	0.9686790658388209	0.9728166112508321	0.968048051983108	0.9667161689048003	0.9670494883506571	0.9657066631431216	0.9656969368531412	0.9629376137458446	0.9739061245541134	0.9682690398181767	0.972719341561724	0.9708845891881909	0.9749001660161772	0.9699117103545581	0.9697586608750312	0.9697816506378297	0.9706670388196215	0.9639626870424329	0.9706999774642304	0.9635312861946226	0.9673111943725522	0.9734274355348919	0.9726482421701333	0.9649963587085213	0.975940344954072	0.9668097203831063	0.9655157520272692	0.9660360119350179	0.9703789206642808	0.9681089097634619	0.9716999661089409	0.9666905942118607	0.9727850375433176	0.9668239047746887	0.9714990914135169	0.9706951147267899	0.9694661436261871	0.9616059116287455
0.9642866404368543	0.9719053394960963	1.0	0.9710758116354833	0.9638894321598648	0.973543778310595	0.963387839422009	0.9687627695951326	0.9681529312005231	0.9654493276112038	0.9646127171347676	0.9653002416868935	0.9651069343850456	0.9632012586178552	0.9695930916549417	0.965353927577673	0.971278781471201	0.9691689613995114	0.9731500045154143	0.9674996130951096	0.9679466529397612	0.967483841289944	0.9670363887179734	0.9632516903353575	0.9689295512333255	0.9595723658917928	0.9667437419385474	0.9727921713442677	0.9725811592695952	0.9657119921870527	0.9743573857411005	0.9663588136140991	0.9657022071955981	0.963068750173436	0.9712411649297663	0.9663566654506675	0.9714444605882075	0.9665567781739914	0.9694255822818316	0.9639263103747481	0.9695913305035518	0.9694884255931966	0.9686840744782058	0.9630125899869494
0.9630743262158006	0.9736251527164271	0.9710758116354833	1.0	0.9705607464422096	0.9787879315940666	0.9682832688515519	0.9716395814647165	0.9654180402431918	0.9652583489966788	0.9664430237930611	0.9651106546797047	0.9656215690574526	0.9608756158871771	0.9722232227203215	0.967450257637438	0.9731400365677193	0.9696994634410543	0.9736939460886536	0.9674739572053801	0.9686896491361904	0.9690062739282383	0.970050616707098	0.961719398904357	0.9700251579858844	0.9620615289255828	0.9668511881105689	0.9761322505905153	0.9749095493833096	0.9640755881564678	0.9747035565727217	0.9645785201812757	0.9651639209156638	0.9665383286245613	0.9689375130529827	0.967302419598189	0.9707923429851943	0.9655986127104987	0.9720433617788111	0.9673879500095408	0.9704784638807998	0.9706056888814553	0.9682249118321695	0.9613058870764627
0.9574259012216525	0.9669473697984778	0.9638894321598648	0.9705607464422096	1.0	0.9718045142057659	0.9636442231503831	0.9664976531123582	0.9600291316738543	0.958276764731125	0.961511809893202	0.9593672158217507	0.9614360309692965	0.9551598480296213	0.9669367272250214	0.9624079469744564	0.9678320206288191	0.9632796381826894	0.9670317865336645	0.9623648002499333	0.9632624908057845	0.9633461606863846	0.9643005720943902	0.9585327387524519	0.9636477875085959	0.9563659860272579	0.9601160173726978	0.9693640307159155	0.9669801929792291	0.9583525824388979	0.9690781792145563	0.95781485471545	0.9608228286471685	0.9620644948239051	0.9622628125842804	0.9619932075968873	0.9632509821161096	0.9589674135402083	0.9653904515935114	0.9622455415933596	0.964988813641123	0.9628522773728538	0.9623292329146438	0.9551303809575366
0.9642800783208406	0.9761514841463099	0.973543778310595	0.9787879315940666	0.9718045142057659	1.0	0.9708649381643688	0.9747693113020879	0.9679368795250101	0.966543616783902	0.9691109702416557	0.9674565383667109	0.9679341065098415	0.9618335561056912	0.9751012228593673	0.9705007285622219	0.9758965603028039	0.9727920673922406	0.9769240104086374	0.9705182681605157	0.9718172320691083	0.9717708823648724	0.9719657038256674	0.9643758901710991	0.9715608168025879	0.9624743321264154	0.9683749603564732	0.9786339541614538	0.9764815358502389	0.9663645535949361	0.9778462173337322	0.9669938836159224	0.9670961600143978	0.9699126785509042	0.971482020593975	0.9702880558393752	0.9741774524199439	0.9671895289138883	0.9749596228105536	0.9697684413170289	0.9729877272175573	0.9718730963409666	0.9713473394964252	0.9636949260719828
0.9610420476627531	0.9686790658388209	0.963387839422009	0.9682832688515519	0.9636442231503831	0.9708649381643688	1.0	0.9949317225259038	0.9829183411355847	0.9788774990256401	0.9679194414014587	0.9641540903697641	0.9673845419743482	0.9593041219516927	0.9724272680898688	0.9687523975153891	0.9724773458529311	0.9729795818610001	0.9711094914323072	0.9700785232887391	0.9722554431201385	0.9722254199968335	0.9687003648758177	0.9626334314240851	0.9671144207382034	0.9591634939307394	0.9616716520141105	0.9686118399423804	0.966325448649119	0.9653252250575706	0.9718861668460244	0.9653694945455418	0.9625971988420613	0.9684026618201877	0.9684282774787379	0.9678816526208405	0.9657656250352071	0.9671775954561823	0.9764160819502425	0.9687363921600128	0.9748568019914774	0.9695230750810769	0.9718952748772859	0.959923038914911
0.9671952821013682	0.9728166112508321	0.9687627695951326	0.9716395814647165	0.9664976531123582	0.9747693113020879	0.9949317225259038	1.0	0.9862881708013055	0.9828912227477596	0.9722140559347351	0.96960208327252	0.9705424797440211	0.9647111234320348	0.9766181824693954	0.9729414696088067	0.9775346720917288	0.9772000751858789	0.9750474380240364	0.974406994718363	0.9757325855716175	0.9760116591229876	0.9723096246611581	0.9638143911005895	0.971366841937117	0.9637895565102103	0.9671013409820213	0.9730854929074872	0.9712959546337968	0.9693452943661798	0.9751369168637346	0.9712209876734914	0.9655189433330141	0.9676601198912012	0.9726315149591764	0.9726249675410333	0.9720041173717896	0.9716894042603152	0.9800274968123038	0.9720532371461473	0.9782838204660128	0.9746320755075984	0.976817435023201	0.9663747280845227
0.9684022267183579	0.968048051983108	0.9681529312005231	0.9654180402431918	0.9600291316738543	0.9679368795250101	0.9829183411355847	0.9862881708013055	1.0	0.985159338045525	0.965788723457762	0.9677501809787526	0.9656153304243426	0.9658402698909777	0.9693062942391957	0.966958930209864	0.9710497899094446	0.9704335343132573	0.966428534488691	0.9702796075249333	0.9698423274420276	0.9689573634540023	0.964620358675759	0.9627485775159982	0.9678629495656625	0.9581375287543433	0.9676333494158955	0.9661627119792966	0.9664548178316903	0.96654831319229	0.9691174763776084	0.9718840404050557	0.9649651003060687	0.9598406563768414	0.9714851054146871	0.9666240034606249	0.969103737649481	0.9736012076865339	0.9722095978810578	0.9657463167978049	0.9748152247737362	0.9711925390678369	0.973212986777593	0.9663808604065628
0.9670530545875246	0.9667161689048003	0.9654493276112038	0.9652583489966788	0.958276764731125	0.966543616783902	0.9788774990256401	0.9828912227477596	0.985159338045525	1.0	0.9640996786796601	0.9653106160618439	0.964396295606728	0.9645731791105481	0.9669890497695925	0.9638629352851652	0.9688638774626873	0.9681081071191177	0.9643077600018567	0.9688154602149528	0.9674916096238898	0.9671417130843454	0.9638037068172534	0.9609245319953919	0.9667476719892621	0.9590802495483409	0.9657258154239428	0.9638231609914794	0.9656091463872576	0.9642038618597556	0.9663239025029826	0.9705042256928054	0.9621219918953964	0.9583178389172368	0.970776311844142	0.9648905676052534	0.9677712434472158	0.9723234378033996	0.969689369628755	0.9637193166210012	0.9726131385230129	0.9707074176214192	0.9711225119810856	0.9645049539775166
0.9790108906927028	0.9670494883506571	0.9646127171347676	0.9664430237930611	0.961511809893202	0.9691109702416557	0.9679194414014587	0.9722140559347351	0.965788723457762	0.9640996786796601	1.0	0.9817202339568041	0.9829019547020327	0.9748250615802824	0.9694291989593561	0.9856515243740108	0.969592908285737	0.9695211079213468	0.9682567425378896	0.9674944299887339	0.9678895411734125	0.968844409874793	0.9658994168539868	0.9589818001264286	0.9654891852247977	0.9578695510515373	0.9594838989455878	0.9677836568185528	0.965941943815971	0.9801931948574275	0.9694013108970333	0.9650799293613983	0.9615548086632082	0.9621793237986063	0.9666324417837052	0.9855048155540274	0.9662430607667724	0.9637624721660065	0.9713374216140382	0.9847390927277405	0.970051944047578	0.9675201770103458	0.9699204528412042	0.9788712884408259
0.9804968331928781	0.9657066631431216	0.9653002416868935	0.9651106546797047	0.9593672158217507	0.9674565383667109	0.9641540903697641	0.96960208327252	0.9677501809787526	0.9653106160618439	0.9817202339568041	1.0	0.9801270168588431	0.9760720712151202	0.9671497839050999	0.9816696310791977	0.968010187828117	0.9665695520452687	0.9655188454020411	0.9657373029582934	0.9656600695389916	0.9652430782182436	0.9647177447579829	0.9602321138626541	0.9664016042565093	0.9575943415795178	0.9598716490118419	0.9658565510087561	0.9653893260624516	0.9794188196163114	0.9665405852519398	0.9670524651653968	0.9629922507014016	0.9597875595833508	0.9684140599827413	0.9811252367430867	0.9661068160142656	0.9674426748774658	0.9685127757239343	0.9804479323560688	0.9689297845205256	0.9676264330788187	0.9677345160983803	0.9787752951642988
0.977867075095001	0.9656969368531412	0.9651069343850456	0.9656215690574526	0.9614360309692965	0.9679341065098415	0.9673845419743482	0.9705424797440211	0.9656153304243426	0.964396295606728	0.9829019547020327	0.9801270168588431	1.0	0.9761936004052519	0.9691826543282873	0.9834208061048328	0.9683515390580845	0.9684373801346386	0.9674803088943273	0.9671822236232527	0.9673680637131654	0.968163682547762	0.9644911369815906	0.9596071267128988	0.9649420579782195	0.9569404447912029	0.95986969516612	0.9669468636865453	0.9653819729613595	0.9808734758723358	0.9690362368882851	0.9650083090463784	0.9638533565674229	0.9636285602221809	0.9663404985942351	0.9834073353489007	0.9648633558856061	0.9655848976823139	0.9702976478677713	0.9839814272026774	0.9690539976575573	0.9674004387608568	0.9694440758289812	0.978747327856889
0.9753752384922394	0.9629376137458446	0.9632012586178552	0.9608756158871771	0.9551598480296213	0.9618335561056912	0.9593041219516927	0.9647111234320348	0.9658402698909777	0.9645731791105481	0.9748250615802824	0.9760720712151202	0.9761936004052519	1.0	0.9635618593327487	0.9757617212950503	0.9643457230581965	0.9623386506370496	0.9620791307523969	0.9639113543975162	0.9612835193247822	0.9616230664845855	0.9584868008900203	0.9555574851958922	0.9612210262871178	0.9557262735142911	0.9631147772317664	0.9612069285276723	0.9610886913968224	0.9773658612857945	0.9627172370749149	0.9676853490455478	0.9589920732645104	0.9551766130987163	0.9644574228215826	0.9755777771217116	0.9596106808061414	0.964374760263368	0.9640560384843041	0.9755157080694066	0.9643763175646293	0.9626549235302185	0.9629292434549298	0.9735511064254967
0.9649339790360048	0.9739061245541134	0.9695930916549417	0.9722232227203215	0.9669367272250214	0.9751012228593673	0.9724272680898688	0.9766181824693954	0.9693062942391957	0.9669890497695925	0.9694291989593561	0.9671497839050999	0.9691826543282873	0.9635618593327487	1.0	0.971352776547181	0.9797725176780725	0.974358693057153	0.976633064251258	0.9712716662255095	0.973094389852398	0.9731495238819742	0.9717884180107603	0.963170491103448	0.9711450173744084	0.9639438177081977	0.9661089983649092	0.9733619660459075	0.9716502915748034	0.9671936572650056	0.9763233617466868	0.9679005321318569	0.9683807285027081	0.9678849095697258	0.973343488096252	0.9710352025500009	0.9723277197902617	0.9677982875388853	0.9764917521297259	0.969963306582224	0.9731076090213043	0.9763210501332145	0.97275718299543	0.9656276262218123
0.9779947337571845	0.9682690398181767	0.965353927577673	0.967450257637438	0.9624079469744564	0.9705007285622219	0.9687523975153891	0.9729414696088067	0.966958930209864	0.9638629352851652	0.9856515243740108	0.9816696310791977	0.9834208061048328	0.9757617212950503	0.971352776547181	1.0	0.971718117458428	0.9717092618712061	0.9696106618978658	0.9686204413315396	0.9697950817842143	0.9705516987796788	0.9671080927511364	0.9598584409199294	0.9666833236360208	0.958245812045888	0.9596586249517096	0.9698851270861093	0.9663474366371035	0.9821592729276589	0.9700751711953473	0.965902400304502	0.9614749231926274	0.9628506520176809	0.96773756370981	0.9864942402847818	0.9673905807974362	0.9652658633862293	0.9722817519638839	0.9861626078699808	0.9707831927221753	0.9680801383237635	0.97025427657474	0.9791391824901554
0.9654976508266352	0.972719341561724	0.971278781471201	0.9731400365677193	0.9678320206288191	0.9758965603028039	0.9724773458529311	0.9775346720917288	0.9710497899094446	0.9688638774626873	0.969592908285737	0.968010187828117	0.9683515390580845	0.9643457230581965	0.9797725176780725	0.971718117458428	1.0	0.9755919385711912	0.9760208913429766	0.9721058780915833	0.9738473609802664	0.9745010553670517	0.9716656629217891	0.9646103768003351	0.9714099613057329	0.9642839274348267	0.9671675525619478	0.97454400792622	0.9732055021261777	0.9678890561431488	0.9760162352217311	0.9681643076128836	0.9689695649694483	0.9675906573228497	0.973331324567322	0.9718183298178845	0.972705493434223	0.968528869980577	0.977173601863794	0.9705176759596273	0.9749640656768924	0.9773472243865405	0.9738293934034113	0.9642742496170762
0.9639055430114744	0.9708845891881909	0.9691689613995114	0.9696994634410543	0.9632796381826894	0.9727920673922406	0.9729795818610001	0.9772000751858789	0.9704335343132573	0.9681081071191177	0.9695211079213468	0.9665695520452687	0.9684373801346386	0.9623386506370496	0.974358693057153	0.9717092618712061	0.9755919385711912	1.0	0.974134296114613	0.971411147038493	0.9948108138476468	0.996672520787335	0.9694718228029114	0.962546091680586	0.9694187097808779	0.960742789821114	0.9647227286617582	0.9720906494299777	0.9687686974846627	0.9683267716289358	0.9738062019392361	0.9700251628805354	0.9657165422768108	0.9648691945920108	0.9726310895298068	0.9712005198844623	0.9696613524126432	0.9698003869572288	0.9782008665749968	0.9710617019946081	0.975756789612955	0.9738918335589715	0.9748645004914908	0.965646822658486
0.9629110703486468	0.9749001660161772	0.9731500045154143	0.9736939460886536	0.9670317865336645	0.9769240104086374	0.9711094914323072	0.9750474380240364	0.966428534488691	0.9643077600018567	0.9682567425378896	0.9655188454020411	0.9674803088943273	0.9620791307523969	0.976633064251258	0.9696106618978658	0.9760208913429766	0.974134296114613	1.0	0.9697022744657736	0.972204638261041	0.972849985751807	0.9712145458654429	0.9622478164366283	0.9704358976014082	0.9632473894556183	0.9658616823496159	0.976014348422583	0.9727026889012912	0.9666442452016911	0.9785099149591705	0.9656363973863434	0.9670822978978618	0.9708627728190119	0.9715306807336211	0.9696416347364681	0.9742604574289804	0.9650543993039586	0.9740305342495952	0.9693290557463299	0.9718379357653406	0.9724006781359297	0.9702609803324082	0.9633845404381134
0.9651250186969472	0.9699117103545581	0.9674996130951096	0.9674739572053801	0.9623648002499333	0.9705182681605157	0.9700785232887391	0.974406994718363	0.9702796075249333	0.9688154602149528	0.9674944299887339	0.9657373029582934	0.9671822236232527	0.9639113543975162	0.9712716662255095	0.9686204413315396	0.9721058780915833	0.971411147038493	0.9697022744657736	1.0	0.9702984850794931	0.9704959882358276	0.9668936991807295	0.9602844784288391	0.9667808952690903	0.9598289753830748	0.9632889302315942	0.9674181295480078	0.968436077422016	0.9656093367242518	0.9704764209765339	0.968581226565242	0.9640297436114205	0.9601304945742893	0.9697242900736158	0.9687935627571167	0.9655445163815218	0.9684408035943456	0.9741020913328509	0.9674559511165666	0.9722255355165194	0.9702972677583773	0.9712702234014027	0.9634956068713056
0.9638837280349085	0.9697586608750312	0.9679466529397612	0.9686896491361904	0.9632624908057845	0.9718172320691083	0.9722554431201385	0.9757325855716175	0.9698423274420276	0.9674916096238898	0.9678895411734125	0.9656600695389916	0.9673680637131654	0.9612835193247822	0.973094389852398	0.9697950817842143	0.9738473609802664	0.9948108138476468	0.972204638261041	0.9702984850794931	1.0	0.9942505469222045	0.9687510108497497	0.9616047078401249	0.9685961963522077	0.9606295363796501	0.9639323407331749	0.9707019629231517	0.9674519542600346	0.9673609577829917	0.9725282115244028	0.9692505261826355	0.9646939310119206	0.9628050360918812	0.9719389817130809	0.9692636978129759	0.9682234751464698	0.969300346954527	0.9777591199780478	0.9699986605143006	0.9747432556293018	0.9719701709099358	0.9741635744808022	0.9641540903697641
0.9636224328592908	0.9697816506378297	0.967483841289944	0.9690062739282383	0.9633461606863846	0.9717708823648724	0.9722254199968335	0.9760116591229876	0.9689573634540023	0.9671417130843454	0.968844409874793	0.9652430782182436	0.968163682547762	0.9616230664845855	0.9731495238819742	0.9705516987796788	0.9745010553670517	0.996672520787335	0.972849985751807	0.9704959882358276	0.9942505469222045	1.0	0.9685059744219374	0.9617674819482067	0.9682445493808357	0.9604482417856398	0.9638253937805729	0.9710213624398707	0.9673045417808018	0.9676519313103102	0.9725898925151724	0.9692859791688777	0.9651633677014659	0.9642322516100649	0.9717499573545629	0.9700803147256817	0.9687256998232661	0.968804746293733	0.9768802562891096	0.9704242632018454	0.9750592237616834	0.9725514265715618	0.9738400537830508	0.9637209468229343
0.9612890149954268	0.9706670388196215	0.9670363887179734	0.970050616707098	0.9643005720943902	0.9719657038256674	0.9687003648758177	0.9723096246611581	0.964620358675759	0.9638037068172534	0.9658994168539868	0.9647177447579829	0.9644911369815906	0.9584868008900203	0.9717884180107603	0.9671080927511364	0.9716656629217891	0.9694718228029114	0.9712145458654429	0.9668936991807295	0.9687510108497497	0.9685059744219374	1.0	0.9839637890723368	0.9919351376563589	0.9836848398858178	0.9665047101156703	0.9707616952161401	0.9685985658448433	0.9634661967125461	0.9722831150258963	0.9631741967597958	0.9624849746754531	0.9627728286643531	0.968044707580693	0.9667435715142405	0.9656502183994085	0.9634849289357099	0.9718401217517794	0.9671676796827889	0.9692083727380045	0.9692488526762918	0.9670549066236891	0.961040744926256
0.9584616227979011	0.9639626870424329	0.9632516903353575	0.961719398904357	0.9585327387524519	0.9643758901710991	0.9626334314240851	0.9638143911005895	0.9627485775159982	0.9609245319953919	0.9589818001264286	0.9602321138626541	0.9596071267128988	0.9555574851958922	0.963170491103448	0.9598584409199294	0.9646103768003351	0.962546091680586	0.9622478164366283	0.9602844784288391	0.9616047078401249	0.9617674819482067	0.9839637890723368	1.0	0.9869854882181365	0.9776347300645339	0.9624019094115169	0.9622926612776227	0.9624103986392621	0.9578930284494067	0.9648738348610262	0.9574798053892144	0.9601576467066986	0.9659082932871884	0.965274439955761	0.9600299434501823	0.9597093561347849	0.9608716537983845	0.9630872808821631	0.9599857787660429	0.9640789915603931	0.9633203950465157	0.9610249529840972	0.9527309912653573
0.9636413490744098	0.9706999774642304	0.9689295512333255	0.9700251579858844	0.9636477875085959	0.9715608168025879	0.9671144207382034	0.971366841937117	0.9678629495656625	0.9667476719892621	0.9654891852247977	0.9664016042565093	0.9649420579782195	0.9612210262871178	0.9711450173744084	0.9666833236360208	0.9714099613057329	0.9694187097808779	0.9704358976014082	0.9667808952690903	0.9685961963522077	0.9682445493808357	0.9919351376563589	0.9869854882181365	1.0	0.9838135147913752	0.9682821084373809	0.9702030881022609	0.9689086254142742	0.964657611023701	0.972217083768269	0.9669909101558497	0.9650287086465109	0.9637418465830485	0.9709035919986366	0.9667075860502422	0.9673861652600309	0.9668951152041502	0.9707781904005367	0.9659592791863882	0.9698383616508288	0.9717419393017683	0.9682101747121387	0.9620177101122976
0.956639726577662	0.9635312861946226	0.9595723658917928	0.9620615289255828	0.9563659860272579	0.9624743321264154	0.9591634939307394	0.9637895565102103	0.9581375287543433	0.9590802495483409	0.9578695510515373	0.9575943415795178	0.9569404447912029	0.9557262735142911	0.9639438177081977	0.958245812045888	0.9642839274348267	0.960742789821114	0.9632473894556183	0.9598289753830748	0.9606295363796501	0.9604482417856398	0.9836848398858178	0.9776347300645339	0.9838135147913752	1.0	0.9623724130523529	0.962419120103841	0.9610658342005547	0.9557753862917754	0.9629061683054484	0.9570096226483031	0.9551500948585825	0.9559830599975289	0.9614829833227372	0.9581218311764101	0.9577300361852911	0.9573490745129698	0.9631183978831477	0.9580513532303919	0.9612528953506531	0.9619086406462475	0.95923958326674	0.9535089318013172
0.9610580230236304	0.9673111943725522	0.9667437419385474	0.9668511881105689	0.9601160173726978	0.9683749603564732	0.9616716520141105	0.9671013409820213	0.9676333494158955	0.9657258154239428	0.9594838989455878	0.9598716490118419	0.95986969516612	0.9631147772317664	0.9661089983649092	0.9596586249517096	0.9671675525619478	0.9647227286617582	0.9658616823496159	0.9632889302315942	0.9639323407331749	0.9638253937805729	0.9665047101156703	0.9624019094115169	0.9682821084373809	0.9623724130523529	1.0	0.9665412719493299	0.9660835739661906	0.9575668906814365	0.9670423962075337	0.9652752905281367	0.9636415162397038	0.9617900779072115	0.9670055743594986	0.9591878003403099	0.9635019135370934	0.9636986813084683	0.9663481907277803	0.9594742062083781	0.9661354164965847	0.9676257385532154	0.9626892870118657	0.955831815924948
0.9626610715728536	0.9734274355348919	0.9727921713442677	0.9761322505905153	0.9693640307159155	0.9786339541614538	0.9686118399423804	0.9730854929074872	0.9661627119792966	0.9638231609914794	0.9677836568185528	0.9658565510087561	0.9669468636865453	0.9612069285276723	0.9733619660459075	0.9698851270861093	0.97454400792622	0.9720906494299777	0.976014348422583	0.9674181295480078	0.9707019629231517	0.9710213624398707	0.9707616952161401	0.9622926612776227	0.9702030881022609	0.962419120103841	0.9665412719493299	1.0	0.9786068607442898	0.9647033214658189	0.9758497908755677	0.965035275091902	0.9648360051886895	0.9672088117510566	0.9694042240457191	0.9692128946366183	0.970642890283184	0.9644008103393711	0.9728987359990778	0.9690402146066633	0.9709749373823716	0.9704425516310996	0.9696389526877051	0.9617469962136749
0.9637682451601958	0.9726482421701333	0.9725811592695952	0.9749095493833096	0.9669801929792291	0.9764815358502389	0.966325448649119	0.9712959546337968	0.9664548178316903	0.9656091463872576	0.965941943815971	0.9653893260624516	0.9653819729613595	0.9610886913968224	0.9716502915748034	0.9663474366371035	0.9732055021261777	0.9687686974846627	0.9727026889012912	0.968436077422016	0.9674519542600346	0.9673045417808018	0.9685985658448433	0.9624103986392621	0.9689086254142742	0.9610658342005547	0.9660835739661906	0.9786068607442898	1.0	0.9644522834840533	0.9730915833763072	0.9645029753735687	0.9655799609896503	0.964120188692097	0.9698455636908857	0.9667103940023125	0.9698240861777887	0.9658818533512441	0.9714619615157662	0.9655809863202613	0.9695811338090957	0.9706335724180595	0.9686796041909599	0.9624429790771747
0.9770991729864826	0.9649963587085213	0.9657119921870527	0.9640755881564678	0.9583525824388979	0.9663645535949361	0.9653252250575706	0.9693452943661798	0.96654831319229	0.9642038618597556	0.9801931948574275	0.9794188196163114	0.9808734758723358	0.9773658612857945	0.9671936572650056	0.9821592729276589	0.9678890561431488	0.9683267716289358	0.9666442452016911	0.9656093367242518	0.9673609577829917	0.9676519313103102	0.9634661967125461	0.9578930284494067	0.964657611023701	0.9557753862917754	0.9575668906814365	0.9647033214658189	0.9644522834840533	1.0	0.9669749453250006	0.9657508834023806	0.9601362859534344	0.9589630923119851	0.9676011628541851	0.9816453692918374	0.9648501418066111	0.9649190147370226	0.9691524250502366	0.981968902347082	0.9684776659676596	0.9667798390138717	0.9675192745906603	0.9788174824662164
0.9649064897815661	0.975940344954072	0.9743573857411005	0.9747035565727217	0.9690781792145563	0.9778462173337322	0.9718861668460244	0.9751369168637346	0.9691174763776084	0.9663239025029826	0.9694013108970333	0.9665405852519398	0.9690362368882851	0.9627172370749149	0.9763233617466868	0.9700751711953473	0.9760162352217311	0.9738062019392361	0.9785099149591705	0.9704764209765339	0.9725282115244028	0.9725898925151724	0.9722831150258963	0.9648738348610262	0.972217083768269	0.9629061683054484	0.9670423962075337	0.9758497908755677	0.9730915833763072	0.9669749453250006	1.0	0.9677453793114839	0.9679330636619704	0.9730127744426735	0.9732311006363633	0.9705346943127019	0.9765988685638306	0.967039397180374	0.975408703315554	0.9696012244783926	0.973194819366149	0.972723070613178	0.9713843549643697	0.964214649174326
0.9660172732317666	0.9668097203831063	0.9663588136140991	0.9645785201812757	0.95781485471545	0.9669938836159224	0.9653694945455418	0.9712209876734914	0.9718840404050557	0.9705042256928054	0.9650799293613983	0.9670524651653968	0.9650083090463784	0.9676853490455478	0.9679005321318569	0.965902400304502	0.9681643076128836	0.9700251628805354	0.9656363973863434	0.968581226565242	0.9692505261826355	0.9692859791688777	0.9631741967597958	0.9574798053892144	0.9669909101558497	0.9570096226483031	0.9652752905281367	0.965035275091902	0.9645029753735687	0.9657508834023806	0.9677453793114839	1.0	0.965794001129983	0.9555505507833539	0.9709102819953804	0.9654786253609913	0.9682471823900384	0.9715857397686092	0.9714540615032747	0.9642130774383305	0.970192625633291	0.9700823726758517	0.9727732675282854	0.965333395870405
0.9618910193461868	0.9655157520272692	0.9657022071955981	0.9651639209156638	0.9608228286471685	0.9670961600143978	0.9625971988420613	0.9655189433330141	0.9649651003060687	0.9621219918953964	0.9615548086632082	0.9629922507014016	0.9638533565674229	0.9589920732645104	0.9683807285027081	0.9614749231926274	0.9689695649694483	0.9657165422768108	0.9670822978978618	0.9640297436114205	0.9646939310119206	0.9651633677014659	0.9624849746754531	0.9601576467066986	0.9650287086465109	0.9551500948585825	0.9636415162397038	0.9648360051886895	0.9655799609896503	0.9601362859534344	0.9679330636619704	0.965794001129983	1.0	0.9621835279801066	0.9672336069533174	0.9625043628836502	0.9689936162796569	0.9632742909509705	0.9665357278214199	0.9612524787756848	0.964358048095876	0.9691312757526588	0.9666804005079767	0.9636992079958225
0.9550435909071139	0.9660360119350179	0.963068750173436	0.9665383286245613	0.9620644948239051	0.9699126785509042	0.9684026618201877	0.9676601198912012	0.9598406563768414	0.9583178389172368	0.9621793237986063	0.9597875595833508	0.9636285602221809	0.9551766130987163	0.9678849095697258	0.9628506520176809	0.9675906573228497	0.9648691945920108	0.9708627728190119	0.9601304945742893	0.9628050360918812	0.9642322516100649	0.9627728286643531	0.9659082932871884	0.9637418465830485	0.9559830599975289	0.9617900779072115	0.9672088117510566	0.964120188692097	0.9589630923119851	0.9730127744426735	0.9555505507833539	0.9621835279801066	1.0	0.9643884963943978	0.9638862384756653	0.9659742627715306	0.9576984776927256	0.9660985538233805	0.9633053814227117	0.9661231587978251	0.9642373463214252	0.9619926044222853	0.9503055385161452
0.9671886604123927	0.9703789206642808	0.9712411649297663	0.9689375130529827	0.9622628125842804	0.971482020593975	0.9684282774787379	0.9726315149591764	0.9714851054146871	0.970776311844142	0.9666324417837052	0.9684140599827413	0.9663404985942351	0.9644574228215826	0.973343488096252	0.96773756370981	0.973331324567322	0.9726310895298068	0.9715306807336211	0.9697242900736158	0.9719389817130809	0.9717499573545629	0.968044707580693	0.965274439955761	0.9709035919986366	0.9614829833227372	0.9670055743594986	0.9694042240457191	0.9698455636908857	0.9676011628541851	0.9732311006363633	0.9709102819953804	0.9672336069533174	0.9643884963943978	1.0	0.9678182252786001	0.9709194754486856	0.9712006351544273	0.9746659810114908	0.9673408033215134	0.9733666873223991	0.9742812622461638	0.971606744697009	0.9648502671528834
0.9785376960194928	0.9681089097634619	0.9663566654506675	0.967302419598189	0.9619932075968873	0.9702880558393752	0.9678816526208405	0.9726249675410333	0.9666240034606249	0.9648905676052534	0.9855048155540274	0.9811252367430867	0.9834073353489007	0.9755777771217116	0.9710352025500009	0.9864942402847818	0.9718183298178845	0.9712005198844623	0.9696416347364681	0.9687935627571167	0.9692636978129759	0.9700803147256817	0.9667435715142405	0.9600299434501823	0.9667075860502422	0.9581218311764101	0.9591878003403099	0.9692128946366183	0.9667103940023125	0.9816453692918374	0.9705346943127019	0.9654786253609913	0.9625043628836502	0.9638862384756653	0.9678182252786001	1.0	0.9678665317785303	0.9653601777513464	0.9721821815425848	0.9858856161730576	0.9711544648784661	0.9678787233527841	0.9709016876956846	0.9800646060234467
0.9647640587264554	0.9716999661089409	0.9714444605882075	0.9707923429851943	0.9632509821161096	0.9741774524199439	0.9657656250352071	0.9720041173717896	0.969103737649481	0.9677712434472158	0.9662430607667724	0.9661068160142656	0.9648633558856061	0.9596106808061414	0.9723277197902617	0.9673905807974362	0.972705493434223	0.9696613524126432	0.9742604574289804	0.9655445163815218	0.9682234751464698	0.9687256998232661	0.9656502183994085	0.9597093561347849	0.9673861652600309	0.9577300361852911	0.9635019135370934	0.970642890283184	0.9698240861777887	0.9648501418066111	0.9765988685638306	0.9682471823900384	0.9689936162796569	0.9659742627715306	0.9709194754486856	0.9678665317785303	1.0	0.9671543621019699	0.9708914562843217	0.9658238140600897	0.9695225788140398	0.9702651636416404	0.973945726311981	0.969741282024612
0.9684221334844694	0.9666905942118607	0.9665567781739914	0.9655986127104987	0.9589674135402083	0.9671895289138883	0.9671775954561823	0.9716894042603152	0.9736012076865339	0.9723234378033996	0.9637624721660065	0.9674426748774658	0.9655848976823139	0.964374760263368	0.9677982875388853	0.9652658633862293	0.968528869980577	0.9698003869572288	0.9650543993039586	0.9684408035943456	0.969300346954527	0.968804746293733	0.9634849289357099	0.9608716537983845	0.9668951152041502	0.9573490745129698	0.9636986813084683	0.9644008103393711	0.9658818533512441	0.9649190147370226	0.967039397180374	0.9715857397686092	0.9632742909509705	0.9576984776927256	0.9712006351544273	0.9653601777513464	0.9671543621019699	1.0	0.972563483303245	0.9646963377671938	0.9729111930884815	0.9704774580201501	0.9703040685744457	0.9642408247274785
0.9666651237360598	0.9727850375433176	0.9694255822818316	0.9720433617788111	0.9653904515935114	0.9749596228105536	0.9764160819502425	0.9800274968123038	0.9722095978810578	0.969689369628755	0.9713374216140382	0.9685127757239343	0.9702976478677713	0.9640560384843041	0.9764917521297259	0.9722817519638839	0.977173601863794	0.9782008665749968	0.9740305342495952	0.9741020913328509	0.9777591199780478	0.9768802562891096	0.9718401217517794	0.9630872808821631	0.9707781904005367	0.9631183978831477	0.9663481907277803	0.9728987359990778	0.9714619615157662	0.9691524250502366	0.975408703315554	0.9714540615032747	0.9665357278214199	0.9660985538233805	0.9746659810114908	0.9721821815425848	0.9708914562843217	0.972563483303245	1.0	0.9721050375595712	0.9777946108768215	0.9759137687854935	0.976360355719186	0.9667621210652784
0.9765337897995807	0.9668239047746887	0.9639263103747481	0.9673879500095408	0.9622455415933596	0.9697684413170289	0.9687363921600128	0.9720532371461473	0.9657463167978049	0.9637193166210012	0.9847390927277405	0.9804479323560688	0.9839814272026774	0.9755157080694066	0.969963306582224	0.9861626078699808	0.9705176759596273	0.9710617019946081	0.9693290557463299	0.9674559511165666	0.9699986605143006	0.9704242632018454	0.9671676796827889	0.9599857787660429	0.9659592791863882	0.9580513532303919	0.9594742062083781	0.9690402146066633	0.9655809863202613	0.981968902347082	0.9696012244783926	0.9642130774383305	0.9612524787756848	0.9633053814227117	0.9673408033215134	0.9858856161730576	0.9658238140600897	0.9646963377671938	0.9721050375595712	1.0	0.9696598780770899	0.9676283057876855	0.9695937402012498	0.9789348751941231
0.9661774447049255	0.9714990914135169	0.9695913305035518	0.9704784638807998	0.964988813641123	0.9729877272175573	0.9748568019914774	0.9782838204660128	0.9748152247737362	0.9726131385230129	0.970051944047578	0.9689297845205256	0.9690539976575573	0.9643763175646293	0.9731076090213043	0.9707831927221753	0.9749640656768924	0.975756789612955	0.9718379357653406	0.9722255355165194	0.9747432556293018	0.9750592237616834	0.9692083727380045	0.9640789915603931	0.9698383616508288	0.9612528953506531	0.9661354164965847	0.9709749373823716	0.9695811338090957	0.9684776659676596	0.973194819366149	0.970192625633291	0.964358048095876	0.9661231587978251	0.9733666873223991	0.9711544648784661	0.9695225788140398	0.9729111930884815	0.9777946108768215	0.9696598780770899	1.0	0.97270641856848	0.9737609721058959	0.9641437165915567
0.9658981470012459	0.9706951147267899	0.9694884255931966	0.9706056888814553	0.9628522773728538	0.9718730963409666	0.9695230750810769	0.9746320755075984	0.9711925390678369	0.9707074176214192	0.9675201770103458	0.9676264330788187	0.9674004387608568	0.9626549235302185	0.9763210501332145	0.9680801383237635	0.9773472243865405	0.9738918335589715	0.9724006781359297	0.9702972677583773	0.9719701709099358	0.9725514265715618	0.9692488526762918	0.9633203950465157	0.9717419393017683	0.9619086406462475	0.9676257385532154	0.9704425516310996	0.9706335724180595	0.9667798390138717	0.972723070613178	0.9700823726758517	0.9691312757526588	0.9642373463214252	0.9742812622461638	0.9678787233527841	0.9702651636416404	0.9704774580201501	0.9759137687854935	0.9676283057876855	0.97270641856848	1.0	0.9725572290108463	0.9650366593587946
