/home/jshaw/scratch/2022_sketched_distance/references/SGB_genome_fastas_part4/6513/BackhedF_2015__SID511_M__bin.69.fa	/home/jshaw/scratch/2022_sketched_distance/references/SGB_genome_fastas_part4/6513/BackhedF_2015__SID599_M__bin.7.fa	/home/jshaw/scratch/2022_sketched_distance/references/SGB_genome_fastas_part4/6513/Bengtsson-PalmeJ_2015__TRAVELRES55__bin.113.fa	/home/jshaw/scratch/2022_sketched_distance/references/SGB_genome_fastas_part4/6513/Bengtsson-PalmeJ_2015__TRAVELRES56__bin.6.fa	/home/jshaw/scratch/2022_sketched_distance/references/SGB_genome_fastas_part4/6513/BritoIL_2016__M1.59.ST__bin.86.fa	/home/jshaw/scratch/2022_sketched_distance/references/SGB_genome_fastas_part4/6513/BritoIL_2016__W2.68.ST__bin.39.fa	/home/jshaw/scratch/2022_sketched_distance/references/SGB_genome_fastas_part4/6513/CosteaPI_2017__SID713B051-11-0-0__bin.81.fa	/home/jshaw/scratch/2022_sketched_distance/references/SGB_genome_fastas_part4/6513/HeQ_2017__SZAXPI029560-51__bin.8.fa	/home/jshaw/scratch/2022_sketched_distance/references/SGB_genome_fastas_part4/6513/HMP_2012__SRS011134__bin.55.fa	/home/jshaw/scratch/2022_sketched_distance/references/SGB_genome_fastas_part4/6513/IjazUZ_2017__S130_a_WGS__bin.9.fa	/home/jshaw/scratch/2022_sketched_distance/references/SGB_genome_fastas_part4/6513/KarlssonFH_2013__S598__bin.41.fa	/home/jshaw/scratch/2022_sketched_distance/references/SGB_genome_fastas_part4/6513/LeChatelierE_2013__MH0099__bin.44.fa	/home/jshaw/scratch/2022_sketched_distance/references/SGB_genome_fastas_part4/6513/LeChatelierE_2013__MH0451__bin.82.fa	/home/jshaw/scratch/2022_sketched_distance/references/SGB_genome_fastas_part4/6513/LeChatelierE_2013__MH0457__bin.109.fa	/home/jshaw/scratch/2022_sketched_distance/references/SGB_genome_fastas_part4/6513/LiJ_2014__MH0355__bin.86.fa	/home/jshaw/scratch/2022_sketched_distance/references/SGB_genome_fastas_part4/6513/LiuW_2016__SRR3993041__bin.110.fa	/home/jshaw/scratch/2022_sketched_distance/references/SGB_genome_fastas_part4/6513/NielsenHB_2014__MH0099__bin.19.fa	/home/jshaw/scratch/2022_sketched_distance/references/SGB_genome_fastas_part4/6513/NielsenHB_2014__MH0117__bin.28.fa	/home/jshaw/scratch/2022_sketched_distance/references/SGB_genome_fastas_part4/6513/NielsenHB_2014__V1_UC10_2__bin.56.fa	/home/jshaw/scratch/2022_sketched_distance/references/SGB_genome_fastas_part4/6513/NielsenHB_2014__V1_UC37_0__bin.35.fa	/home/jshaw/scratch/2022_sketched_distance/references/SGB_genome_fastas_part4/6513/VogtmannE_2016__MMRS29805707ST-27-0-0__bin.51.fa	/home/jshaw/scratch/2022_sketched_distance/references/SGB_genome_fastas_part4/6513/VogtmannE_2016__MMRS94549160ST-27-0-0__bin.9.fa	/home/jshaw/scratch/2022_sketched_distance/references/SGB_genome_fastas_part4/6513/XieH_2016__YSZC12003_35550__bin.11.fa	/home/jshaw/scratch/2022_sketched_distance/references/SGB_genome_fastas_part4/6513/XieH_2016__YSZC12003_36118__bin.30.fa	/home/jshaw/scratch/2022_sketched_distance/references/SGB_genome_fastas_part4/6513/XieH_2016__YSZC12003_36526__bin.48.fa	/home/jshaw/scratch/2022_sketched_distance/references/SGB_genome_fastas_part4/6513/ZeeviD_2015__PNP_Main_183__bin.3.fa	/home/jshaw/scratch/2022_sketched_distance/references/SGB_genome_fastas_part4/6513/ZeeviD_2015__PNP_Main_223__bin.127.fa	/home/jshaw/scratch/2022_sketched_distance/references/SGB_genome_fastas_part4/6513/ZeeviD_2015__PNP_Main_326__bin.18.fa	/home/jshaw/scratch/2022_sketched_distance/references/SGB_genome_fastas_part4/6513/ZeeviD_2015__PNP_Main_616__bin.33.fa	/home/jshaw/scratch/2022_sketched_distance/references/SGB_genome_fastas_part4/6513/ZeeviD_2015__PNP_Main_688__bin.22.fa	/home/jshaw/scratch/2022_sketched_distance/references/SGB_genome_fastas_part4/6513/ZellerG_2014__CCIS15794887ST-4-0__bin.48.fa	/home/jshaw/scratch/2022_sketched_distance/references/SGB_genome_fastas_part4/6513/ZellerG_2014__CCIS20795251ST-4-0__bin.48.fa
1.0	0.9795441461715702	0.9658786836453802	0.9653008806279354	0.9658741823665883	0.9669299375247776	0.9677683259097588	0.9670863718474422	0.9678460970697329	0.9722428926469658	0.9784861267513566	0.9903307891393779	0.981027473041698	0.9809822422318715	0.989249582330153	0.9743523527651601	0.9904308984228926	0.9832793338369927	0.9807325200828882	0.9951855715416914	0.9850685090263465	0.9671717385657697	0.9822135180268797	0.9788212658048538	0.9789711301958444	0.978443097801044	0.9800420575612825	0.9794128710349403	0.9947118966486519	0.9667798390138717	0.9802154171478331	0.9696636063402662
0.9795441461715702	1.0	0.9685366325433846	0.9679063294591569	0.9663770487190194	0.967541666112756	0.9672295118359029	0.9678807579804775	0.9693848981695999	0.9889489486202631	0.9774142846667847	0.9835101458000134	0.984383416316742	0.9933567539027479	0.9821284718651163	0.9690728566948014	0.9833293693980866	0.984315554236597	0.9948365123749723	0.9810350287804364	0.9817921825328545	0.9658390708395485	0.973389802014784	0.9921516706602455	0.9775547828710364	0.9934546292235308	0.9944717804813651	0.9925997429361529	0.9820285713121123	0.9669306758307478	0.9785238014155834	0.9707402564454302
0.9658786836453802	0.9685366325433846	1.0	0.9985310944326714	0.9692128946366183	0.9791979953665557	0.9671727758547722	0.9707230740317819	0.9770149136128218	0.9592287508368905	0.9654951735909564	0.9679263100169889	0.9687327476434537	0.9688168599066476	0.9671914615521444	0.9590784688321298	0.967440025191075	0.9665884935202582	0.9692623575480691	0.9680772350733549	0.9681386761471376	0.9651517835327593	0.958905928431841	0.9671463839308494	0.9639353482378267	0.9681907466219842	0.9686977891447552	0.9688267491367616	0.9674898431386328	0.978771363929515	0.9646932839567337	0.9704052431585952
0.9653008806279354	0.9679063294591569	0.9985310944326714	1.0	0.9682114343707969	0.9789872084729255	0.9666130427675357	0.9699210507861105	0.9773165848747055	0.9586876232760099	0.9651476091754908	0.967696732257468	0.9684160387226737	0.9678819544953693	0.967124636064321	0.9582355813534281	0.9674312073334043	0.9662501046423766	0.9680768992003924	0.9669207142524614	0.967084757648174	0.9644613612986207	0.9575035285369429	0.9665136952984711	0.9634027493796357	0.9676298390268652	0.9679303515270895	0.9680611258035087	0.9670779130764061	0.9777537961979671	0.9635571261965542	0.9704213449537541
0.9658741823665883	0.9663770487190194	0.9692128946366183	0.9682114343707969	1.0	0.9687384819845923	0.9717015394103022	0.9826377526840153	0.9680246318481139	0.9600031090942732	0.962479721144023	0.9671235675719005	0.9669486576626916	0.9675758548040406	0.9667115249787387	0.9596902978975212	0.9672916948183836	0.9636245809431957	0.9673404274258979	0.9668601915976153	0.9656361451376775	0.9731059713829969	0.958405153656382	0.9666361992868864	0.9626926000269183	0.9661962946139994	0.9661575847578494	0.9664834920701523	0.966338963431378	0.9714325679512863	0.9633696366407785	0.9731604940099816
0.9669299375247776	0.967541666112756	0.9791979953665557	0.9789872084729255	0.9687384819845923	1.0	0.9665970143900263	0.9701540873239781	0.9759843353357395	0.9592092544932591	0.9646327001825917	0.9690022828400654	0.9675777994876671	0.9682913964976275	0.9683774475411362	0.9607081959053735	0.9688861793952549	0.966368961915862	0.9680671107077256	0.9680336638064717	0.9692091164805468	0.9638396120142799	0.9574116545496909	0.9664944736080563	0.9636385455690492	0.9675275161923886	0.9683942990804738	0.9677750589888103	0.9678567466290167	0.9762427196548129	0.9656006463251734	0.969176753487694
0.9677683259097588	0.9672295118359029	0.9671727758547722	0.9666130427675357	0.9717015394103022	0.9665970143900263	1.0	0.9720340518127518	0.9670114773889517	0.9589654478805111	0.9642512418941958	0.9682874106970554	0.9688304816723005	0.9689326439961289	0.9679743593328134	0.9636367974579607	0.9688042830519363	0.9660822380108119	0.96882051344284	0.9682218853648644	0.9687457954039	0.9742906083265281	0.9620334676734473	0.9674543610708968	0.9683573191378726	0.9677028257424918	0.9685498150123429	0.9678284636797039	0.9680040494261647	0.9679027750773986	0.9659272779242518	0.9795809376722127
0.9670863718474422	0.9678807579804775	0.9707230740317819	0.9699210507861105	0.9826377526840153	0.9701540873239781	0.9720340518127518	1.0	0.9694469327398427	0.9602328636000916	0.9647297188012545	0.9685664105781648	0.9674635440158035	0.9685533052591535	0.9678944010569384	0.9594282955127514	0.9684331258794203	0.9660470045406216	0.968832286819704	0.9686706423827327	0.9675198155559446	0.9713267363223771	0.9617665271339757	0.9667627460177048	0.9631711340079593	0.9677914867562022	0.9677569275513798	0.9682068818522426	0.9679966744846901	0.9728611938441214	0.9657188743348232	0.9747586684922751
0.9678460970697329	0.9693848981695999	0.9770149136128218	0.9773165848747055	0.9680246318481139	0.9759843353357395	0.9670114773889517	0.9694469327398427	1.0	0.9601941014682398	0.9654362706192376	0.9694274338589329	0.970183878308836	0.9696935400666667	0.9686752408739596	0.9617438168245631	0.9695209978830746	0.9674712870025565	0.9702371281863935	0.9689208244728689	0.9679891626726844	0.9652553058171415	0.9587309596450744	0.9690387905234398	0.9652088297971663	0.9694436771959352	0.9706257695302815	0.9685585066403959	0.9689664117680338	0.9729223682886727	0.966104932487119	0.9700834515308087
0.9722428926469658	0.9889489486202631	0.9592287508368905	0.9586876232760099	0.9600031090942732	0.9592092544932591	0.9589654478805111	0.9602328636000916	0.9601941014682398	1.0	0.967698583824498	0.9741801444251308	0.9752973656015792	0.9848945977731172	0.9723569150348391	0.9623504024846605	0.9739825690564793	0.9756817537608884	0.9849139768447202	0.9727281470017424	0.9746136983089836	0.9586455991918255	0.9678649510390045	0.9832474267167927	0.970563213066497	0.9839625619894855	0.9849588150885356	0.9836519188383107	0.9727481688565676	0.9585732700714831	0.970107936737909	0.9621170781938316
0.9784861267513566	0.9774142846667847	0.9654951735909564	0.9651476091754908	0.962479721144023	0.9646327001825917	0.9642512418941958	0.9647297188012545	0.9654362706192376	0.967698583824498	1.0	0.9795686657079286	0.9784148352294451	0.9773942187236914	0.9780989362736885	0.9682198891401516	0.9795250864198026	0.981572480351373	0.9772323095237574	0.9792402920927673	0.9786409901094933	0.9621495102655722	0.9709943368334102	0.9757023935859385	0.975788826185252	0.9779121568325819	0.9787867911492181	0.9768107760718125	0.9802846903342811	0.9632231699815985	0.9761903096397117	0.9677672304173576
0.9903307891393779	0.9835101458000134	0.9679263100169889	0.967696732257468	0.9671235675719005	0.9690022828400654	0.9682874106970554	0.9685664105781648	0.9694274338589329	0.9741801444251308	0.9795686657079286	1.0	0.9832924761202386	0.9825583771926845	0.9973625901985396	0.9722157531805297	0.9992933852716118	0.9842762624886021	0.9830339085546953	0.9920224671367148	0.9846456504786654	0.9673350622504702	0.9853111903185016	0.9833549877135265	0.9811889526141425	0.9824061524953653	0.9836784003312469	0.9827927881855637	0.9928928290652028	0.9685445207710872	0.97935973692162	0.9726651589038908
0.981027473041698	0.984383416316742	0.9687327476434537	0.9684160387226737	0.9669486576626916	0.9675777994876671	0.9688304816723005	0.9674635440158035	0.970183878308836	0.9752973656015792	0.9784148352294451	0.9832924761202386	1.0	0.9832794182130498	0.982052444143532	0.9724783097321531	0.9833294989263811	0.9841211625645758	0.983639275998232	0.9825080055634116	0.983262679376349	0.9667996580431626	0.9738371227905109	0.9821498012960992	0.9814965311274232	0.983450251126267	0.9842567575073421	0.9859994665785443	0.983056821741316	0.9683653022119452	0.9802947515429447	0.9727354619336591
0.9809822422318715	0.9933567539027479	0.9688168599066476	0.9678819544953693	0.9675758548040406	0.9682913964976275	0.9689326439961289	0.9685533052591535	0.9696935400666667	0.9848945977731172	0.9773942187236914	0.9825583771926845	0.9832794182130498	1.0	0.9805896154775873	0.9712373277712499	0.9825426325688094	0.9848978365565151	0.9952150449134682	0.9826384121042852	0.9835071945782797	0.9665969715809781	0.9735781326128249	0.9907308799384563	0.9781200861896977	0.9920313767059951	0.9931373441212938	0.9900807102698356	0.9826081775179348	0.9683748191911317	0.9799595138903238	0.9707727002527158
0.989249582330153	0.9821284718651163	0.9671914615521444	0.967124636064321	0.9667115249787387	0.9683774475411362	0.9679743593328134	0.9678944010569384	0.9686752408739596	0.9723569150348391	0.9780989362736885	0.9973625901985396	0.982052444143532	0.9805896154775873	1.0	0.9709236403280295	0.9968907171842517	0.9825573028225911	0.9808858480149117	0.9911281895876132	0.9834045214040074	0.9661226672826766	0.9838931237010295	0.9815032076893515	0.9793169445020306	0.9809223447308867	0.9815874607582914	0.9814948502869634	0.9916501204855656	0.9672579613852345	0.9783845729664317	0.970862632807172
0.9743523527651601	0.9690728566948014	0.9590784688321298	0.9582355813534281	0.9596902978975212	0.9607081959053735	0.9636367974579607	0.9594282955127514	0.9617438168245631	0.9623504024846605	0.9682198891401516	0.9722157531805297	0.9724783097321531	0.9712373277712499	0.9709236403280295	1.0	0.9726124967340698	0.9725307666362704	0.9702091889955161	0.9721079962884646	0.973354592956035	0.9654536494283937	0.9681878361480671	0.968398474711704	0.9719560939868345	0.9696669624044844	0.9702251210666796	0.9697061354523522	0.9723343193174865	0.9602046062601798	0.9761030126095425	0.9609643329737485
0.9904308984228926	0.9833293693980866	0.967440025191075	0.9674312073334043	0.9672916948183836	0.9688861793952549	0.9688042830519363	0.9684331258794203	0.9695209978830746	0.9739825690564793	0.9795250864198026	0.9992933852716118	0.9833294989263811	0.9825426325688094	0.9968907171842517	0.9726124967340698	1.0	0.9841879369617144	0.9829778903540949	0.991805976363501	0.9847443199735878	0.9676048749784173	0.9853802140860835	0.9833474320530385	0.9812613952755406	0.9823441584604066	0.9835430377777912	0.9828246671936033	0.9924701821359935	0.9684096765250265	0.9794169640975371	0.9725970744590642
0.9832793338369927	0.984315554236597	0.9665884935202582	0.9662501046423766	0.9636245809431957	0.966368961915862	0.9660822380108119	0.9660470045406216	0.9674712870025565	0.9756817537608884	0.981572480351373	0.9842762624886021	0.9841211625645758	0.9848978365565151	0.9825573028225911	0.9725307666362704	0.9841879369617144	1.0	0.9845680267158919	0.9853834410883943	0.9874838971080461	0.9634578152551481	0.9756752111686289	0.9811384371498217	0.9810115839694493	0.9823198460504815	0.9858322400313244	0.9817999688540421	0.9862718096915825	0.9653118775178879	0.9822724352889469	0.9690003655695393
0.9807325200828882	0.9948365123749723	0.9692623575480691	0.9680768992003924	0.9673404274258979	0.9680671107077256	0.96882051344284	0.968832286819704	0.9702371281863935	0.9849139768447202	0.9772323095237574	0.9830339085546953	0.983639275998232	0.9952150449134682	0.9808858480149117	0.9702091889955161	0.9829778903540949	0.9845680267158919	1.0	0.9827536148434326	0.9826967178463876	0.9662710204399915	0.9728940079524118	0.9915186157608523	0.9785907485810008	0.9934437738917146	0.9950050544078958	0.9912405094525096	0.9828927506333799	0.9682804211235065	0.979779170325345	0.971333562164004
0.9951855715416914	0.9810350287804364	0.9680772350733549	0.9669207142524614	0.9668601915976153	0.9680336638064717	0.9682218853648644	0.9686706423827327	0.9689208244728689	0.9727281470017424	0.9792402920927673	0.9920224671367148	0.9825080055634116	0.9826384121042852	0.9911281895876132	0.9721079962884646	0.991805976363501	0.9853834410883943	0.9827536148434326	1.0	0.986170441399388	0.966424140443094	0.9818107586330977	0.9797817563705298	0.9800446334871592	0.9798004618261802	0.9820566421264942	0.9805313115541971	0.9973944172542104	0.9678503129974623	0.9810230022337377	0.9707063233475426
0.9850685090263465	0.9817921825328545	0.9681386761471376	0.967084757648174	0.9656361451376775	0.9692091164805468	0.9687457954039	0.9675198155559446	0.9679891626726844	0.9746136983089836	0.9786409901094933	0.9846456504786654	0.983262679376349	0.9835071945782797	0.9834045214040074	0.973354592956035	0.9847443199735878	0.9874838971080461	0.9826967178463876	0.986170441399388	1.0	0.966227623544866	0.9777965464546525	0.9802863381739831	0.9818766338655358	0.9805405195301087	0.9836290776380846	0.9809334093567058	0.9862360076385377	0.9676555905177303	0.9827521242195666	0.9688511735443911
0.9671717385657697	0.9658390708395485	0.9651517835327593	0.9644613612986207	0.9731059713829969	0.9638396120142799	0.9742906083265281	0.9713267363223771	0.9652553058171415	0.9586455991918255	0.9621495102655722	0.9673350622504702	0.9667996580431626	0.9665969715809781	0.9661226672826766	0.9654536494283937	0.9676048749784173	0.9634578152551481	0.9662710204399915	0.966424140443094	0.966227623544866	1.0	0.963865324526438	0.966277897316579	0.9654664993467941	0.965813094914322	0.9647929537314315	0.966213926898985	0.9662287232106039	0.9672163308003642	0.963164013779051	0.9733452328771798
0.9822135180268797	0.973389802014784	0.958905928431841	0.9575035285369429	0.958405153656382	0.9574116545496909	0.9620334676734473	0.9617665271339757	0.9587309596450744	0.9678649510390045	0.9709943368334102	0.9853111903185016	0.9738371227905109	0.9735781326128249	0.9838931237010295	0.9681878361480671	0.9853802140860835	0.9756752111686289	0.9728940079524118	0.9818107586330977	0.9777965464546525	0.963865324526438	1.0	0.9711608511115708	0.9704649937864576	0.9721088738546736	0.9738952778220042	0.9729735049894829	0.981659748824712	0.9610145151795797	0.9760672255446045	0.9613049614610338
0.9788212658048538	0.9921516706602455	0.9671463839308494	0.9665136952984711	0.9666361992868864	0.9664944736080563	0.9674543610708968	0.9667627460177048	0.9690387905234398	0.9832474267167927	0.9757023935859385	0.9833549877135265	0.9821498012960992	0.9907308799384563	0.9815032076893515	0.968398474711704	0.9833474320530385	0.9811384371498217	0.9915186157608523	0.9797817563705298	0.9802863381739831	0.966277897316579	0.9711608511115708	1.0	0.975472482795656	0.9899599809599724	0.9907804062612804	0.9894212168113123	0.979968622785515	0.9670488994943731	0.9764117696107638	0.9707220933210374
0.9789711301958444	0.9775547828710364	0.9639353482378267	0.9634027493796357	0.9626926000269183	0.9636385455690492	0.9683573191378726	0.9631711340079593	0.9652088297971663	0.970563213066497	0.975788826185252	0.9811889526141425	0.9814965311274232	0.9781200861896977	0.9793169445020306	0.9719560939868345	0.9812613952755406	0.9810115839694493	0.9785907485810008	0.9800446334871592	0.9818766338655358	0.9654664993467941	0.9704649937864576	0.975472482795656	1.0	0.9759710786735668	0.9792644887256038	0.976502400928024	0.9813426350003323	0.9635768569064155	0.9768966813075133	0.9677994841179747
0.978443097801044	0.9934546292235308	0.9681907466219842	0.9676298390268652	0.9661962946139994	0.9675275161923886	0.9677028257424918	0.9677914867562022	0.9694436771959352	0.9839625619894855	0.9779121568325819	0.9824061524953653	0.983450251126267	0.9920313767059951	0.9809223447308867	0.9696669624044844	0.9823441584604066	0.9823198460504815	0.9934437738917146	0.9798004618261802	0.9805405195301087	0.965813094914322	0.9721088738546736	0.9899599809599724	0.9759710786735668	1.0	0.9928975747325619	0.9915293026251087	0.9809486138895314	0.9668336352301169	0.9777762836157815	0.9699929228803194
0.9800420575612825	0.9944717804813651	0.9686977891447552	0.9679303515270895	0.9661575847578494	0.9683942990804738	0.9685498150123429	0.9677569275513798	0.9706257695302815	0.9849588150885356	0.9787867911492181	0.9836784003312469	0.9842567575073421	0.9931373441212938	0.9815874607582914	0.9702251210666796	0.9835430377777912	0.9858322400313244	0.9950050544078958	0.9820566421264942	0.9836290776380846	0.9647929537314315	0.9738952778220042	0.9907804062612804	0.9792644887256038	0.9928975747325619	1.0	0.9911028556176115	0.9826266445257523	0.9681082067072523	0.9791945165624438	0.9703429498242088
0.9794128710349403	0.9925997429361529	0.9688267491367616	0.9680611258035087	0.9664834920701523	0.9677750589888103	0.9678284636797039	0.9682068818522426	0.9685585066403959	0.9836519188383107	0.9768107760718125	0.9827927881855637	0.9859994665785443	0.9900807102698356	0.9814948502869634	0.9697061354523522	0.9828246671936033	0.9817999688540421	0.9912405094525096	0.9805313115541971	0.9809334093567058	0.966213926898985	0.9729735049894829	0.9894212168113123	0.976502400928024	0.9915293026251087	0.9911028556176115	1.0	0.9814343054740271	0.9666447405221518	0.9784969699852433	0.9708258971111905
0.9947118966486519	0.9820285713121123	0.9674898431386328	0.9670779130764061	0.966338963431378	0.9678567466290167	0.9680040494261647	0.9679966744846901	0.9689664117680338	0.9727481688565676	0.9802846903342811	0.9928928290652028	0.983056821741316	0.9826081775179348	0.9916501204855656	0.9723343193174865	0.9924701821359935	0.9862718096915825	0.9828927506333799	0.9973944172542104	0.9862360076385377	0.9662287232106039	0.981659748824712	0.979968622785515	0.9813426350003323	0.9809486138895314	0.9826266445257523	0.9814343054740271	1.0	0.9668938680685707	0.9808882403386289	0.9716236714188067
0.9667798390138717	0.9669306758307478	0.978771363929515	0.9777537961979671	0.9714325679512863	0.9762427196548129	0.9679027750773986	0.9728611938441214	0.9729223682886727	0.9585732700714831	0.9632231699815985	0.9685445207710872	0.9683653022119452	0.9683748191911317	0.9672579613852345	0.9602046062601798	0.9684096765250265	0.9653118775178879	0.9682804211235065	0.9678503129974623	0.9676555905177303	0.9672163308003642	0.9610145151795797	0.9670488994943731	0.9635768569064155	0.9668336352301169	0.9681082067072523	0.9666447405221518	0.9668938680685707	1.0	0.9663032881422143	0.9700454685547826
0.9802154171478331	0.9785238014155834	0.9646932839567337	0.9635571261965542	0.9633696366407785	0.9656006463251734	0.9659272779242518	0.9657188743348232	0.966104932487119	0.970107936737909	0.9761903096397117	0.97935973692162	0.9802947515429447	0.9799595138903238	0.9783845729664317	0.9761030126095425	0.9794169640975371	0.9822724352889469	0.979779170325345	0.9810230022337377	0.9827521242195666	0.963164013779051	0.9760672255446045	0.9764117696107638	0.9768966813075133	0.9777762836157815	0.9791945165624438	0.9784969699852433	0.9808882403386289	0.9663032881422143	1.0	0.9665925588193058
0.9696636063402662	0.9707402564454302	0.9704052431585952	0.9704213449537541	0.9731604940099816	0.969176753487694	0.9795809376722127	0.9747586684922751	0.9700834515308087	0.9621170781938316	0.9677672304173576	0.9726651589038908	0.9727354619336591	0.9707727002527158	0.970862632807172	0.9609643329737485	0.9725970744590642	0.9690003655695393	0.971333562164004	0.9707063233475426	0.9688511735443911	0.9733452328771798	0.9613049614610338	0.9707220933210374	0.9677994841179747	0.9699929228803194	0.9703429498242088	0.9708258971111905	0.9716236714188067	0.9700454685547826	0.9665925588193058	1.0
