/home/jshaw/scratch/2022_sketched_distance/references/SGB_genome_fastas_part1_redo/1663/BritoIL_2016__M1.37.ST__bin.61.fa	/home/jshaw/scratch/2022_sketched_distance/references/SGB_genome_fastas_part1_redo/1663/BritoIL_2016__M1.59.ST__bin.105.fa	/home/jshaw/scratch/2022_sketched_distance/references/SGB_genome_fastas_part1_redo/1663/BritoIL_2016__M1.64.ST__bin.19.fa	/home/jshaw/scratch/2022_sketched_distance/references/SGB_genome_fastas_part1_redo/1663/BritoIL_2016__M2.33.ST__bin.15.fa	/home/jshaw/scratch/2022_sketched_distance/references/SGB_genome_fastas_part1_redo/1663/BritoIL_2016__M2.36.ST__bin.43.fa	/home/jshaw/scratch/2022_sketched_distance/references/SGB_genome_fastas_part1_redo/1663/BritoIL_2016__M2.45.ST__bin.12.fa	/home/jshaw/scratch/2022_sketched_distance/references/SGB_genome_fastas_part1_redo/1663/BritoIL_2016__W1.31.ST__bin.14.fa	/home/jshaw/scratch/2022_sketched_distance/references/SGB_genome_fastas_part1_redo/1663/BritoIL_2016__W1.51.ST__bin.60.fa	/home/jshaw/scratch/2022_sketched_distance/references/SGB_genome_fastas_part1_redo/1663/BritoIL_2016__W1.53.ST__bin.36.fa	/home/jshaw/scratch/2022_sketched_distance/references/SGB_genome_fastas_part1_redo/1663/BritoIL_2016__W1.5.ST__bin.17.fa	/home/jshaw/scratch/2022_sketched_distance/references/SGB_genome_fastas_part1_redo/1663/BritoIL_2016__W2.15.ST__bin.72.fa	/home/jshaw/scratch/2022_sketched_distance/references/SGB_genome_fastas_part1_redo/1663/BritoIL_2016__W2.47.ST__bin.56.fa	/home/jshaw/scratch/2022_sketched_distance/references/SGB_genome_fastas_part1_redo/1663/BritoIL_2016__W3.1.ST__bin.40.fa	/home/jshaw/scratch/2022_sketched_distance/references/SGB_genome_fastas_part1_redo/1663/BritoIL_2016__W3.22.ST__bin.45.fa	/home/jshaw/scratch/2022_sketched_distance/references/SGB_genome_fastas_part1_redo/1663/BritoIL_2016__WL.11.ST__bin.38.fa	/home/jshaw/scratch/2022_sketched_distance/references/SGB_genome_fastas_part1_redo/1663/BritoIL_2016__WL.25.ST__bin.18.fa	/home/jshaw/scratch/2022_sketched_distance/references/SGB_genome_fastas_part1_redo/1663/ChengpingW_2017__AS133raw__bin.20.fa	/home/jshaw/scratch/2022_sketched_distance/references/SGB_genome_fastas_part1_redo/1663/CosteaPI_2017__SID713A049-11-0-0__bin.5.fa	/home/jshaw/scratch/2022_sketched_distance/references/SGB_genome_fastas_part1_redo/1663/CosteaPI_2017__SID713A049-11-90-0__bin.7.fa	/home/jshaw/scratch/2022_sketched_distance/references/SGB_genome_fastas_part1_redo/1663/CosteaPI_2017__SID713B003-11-0-0__bin.46.fa	/home/jshaw/scratch/2022_sketched_distance/references/SGB_genome_fastas_part1_redo/1663/CosteaPI_2017__SID713B003-11-90-0__bin.14.fa	/home/jshaw/scratch/2022_sketched_distance/references/SGB_genome_fastas_part1_redo/1663/CosteaPI_2017__SID713B037-11-90-0__bin.15.fa	/home/jshaw/scratch/2022_sketched_distance/references/SGB_genome_fastas_part1_redo/1663/HeQ_2017__SZAXPI029554-33__bin.92.fa	/home/jshaw/scratch/2022_sketched_distance/references/SGB_genome_fastas_part1_redo/1663/LeChatelierE_2013__MH0096__bin.47.fa	/home/jshaw/scratch/2022_sketched_distance/references/SGB_genome_fastas_part1_redo/1663/LiJ_2014__MH0284__bin.43.fa	/home/jshaw/scratch/2022_sketched_distance/references/SGB_genome_fastas_part1_redo/1663/LiJ_2014__MH0400__bin.1.fa	/home/jshaw/scratch/2022_sketched_distance/references/SGB_genome_fastas_part1_redo/1663/Obregon-TitoAJ_2015__SM37__bin.37.fa	/home/jshaw/scratch/2022_sketched_distance/references/SGB_genome_fastas_part1_redo/1663/Obregon-TitoAJ_2015__SM41__bin.11.fa	/home/jshaw/scratch/2022_sketched_distance/references/SGB_genome_fastas_part1_redo/1663/QinJ_2012__NOM022__bin.20.fa	/home/jshaw/scratch/2022_sketched_distance/references/SGB_genome_fastas_part1_redo/1663/RampelliS_2015__H13__bin.37.fa	/home/jshaw/scratch/2022_sketched_distance/references/SGB_genome_fastas_part1_redo/1663/RampelliS_2015__H14__bin.105.fa	/home/jshaw/scratch/2022_sketched_distance/references/SGB_genome_fastas_part1_redo/1663/SmitsSA_2017__TZ_83788__bin.2.fa	/home/jshaw/scratch/2022_sketched_distance/references/SGB_genome_fastas_part1_redo/1663/XieH_2016__YSZC12003_37315__bin.30.fa	/home/jshaw/scratch/2022_sketched_distance/references/SGB_genome_fastas_part1_redo/1663/YuJ_2015__SZAXPI015220-136__bin.50.fa	/home/jshaw/scratch/2022_sketched_distance/references/SGB_genome_fastas_part1_redo/1663/ZeeviD_2015__PNP_Main_650__bin.17.fa	/home/jshaw/scratch/2022_sketched_distance/references/SGB_genome_fastas_part1_redo/1663/ZeeviD_2015__PNP_Main_744__bin.28.fa	/home/jshaw/scratch/2022_sketched_distance/references/SGB_genome_fastas_part1_redo/1663/ZellerG_2014__CCIS74726977ST-3-0__bin.30.fa	/home/jshaw/scratch/2022_sketched_distance/references/SGB_genome_fastas_part1_redo/1663/ZellerG_2014__CCMD88272491ST-21-0__bin.31.fa
1.0	0.98257585674103	0.9808309075683803	0.9938672086875878	0.9842697744173379	0.9858858553728383	0.9828197184700612	0.9906631455368832	0.9798085304739821	0.9818574777019489	0.9849673325578289	0.9850008632416066	0.9841532080872369	0.9832744360028438	0.9831792798915987	0.9830558066303515	0.9804549011445545	0.9811913512094234	0.9823459306473816	0.9821355834111262	0.9815124315443435	0.9822186544110358	0.9860764145564624	0.9741249770959965	0.9784176967415109	0.981114017126839	0.9801309867490967	0.9831167510120721	0.9790729213074503	0.9681773939555764	0.9695938129179134	0.9682135106653235	0.9846886419304463	0.9852372844048868	0.9827602059494588	0.981222087031572	0.9777894303935931	0.9812005794200135
0.98257585674103	1.0	0.9818940137174295	0.9829646840675414	0.9811668052685681	0.9821657669431585	0.9809880552812025	0.9821187226150914	0.9772707372615037	0.9814979158537404	0.983816042436738	0.9833359662627046	0.9829390054621693	0.9817163627591701	0.9822868463341887	0.9848912877130884	0.9796535904196246	0.9799055980791832	0.98082510677687	0.9807664122018045	0.9810767864024945	0.9797298374131499	0.9816110449064356	0.9718237004581333	0.9765630326467353	0.9794796986419161	0.9762841274597357	0.9793793683952975	0.9775417638617887	0.9665363602149509	0.9688813558262841	0.9664359170587081	0.9805707279718858	0.9822311544836292	0.9806297080654913	0.9800100300947436	0.976045962199832	0.9792656577025182
0.9808309075683803	0.9818940137174295	1.0	0.9823897434847345	0.9801926974566597	0.9831835286688939	0.9807967217285756	0.981257972293414	0.9771120827074942	0.9795311058211106	0.9856128987971737	0.9840384048797017	0.9842523911650293	0.98303083668814	0.9833719683787394	0.9892760578709288	0.9765999099523105	0.9782049653937319	0.9794063115617454	0.9790527146595169	0.9777407964469119	0.978436401418681	0.9800028188685749	0.9725682139598201	0.9763691926088219	0.9781106677361052	0.9772892328956562	0.9789364410554912	0.9757672097495715	0.9650175655463528	0.9658320050902829	0.9656377657531146	0.9801721541049366	0.9805116987359234	0.9764681978504653	0.9770783460981052	0.9734042103215643	0.9788170089756856
0.9938672086875878	0.9829646840675414	0.9823897434847345	1.0	0.9842101002101061	0.978063227795734	0.9796409995356068	0.9897300769364986	0.981317807022538	0.983222722105646	0.9835805960650077	0.9849255069698201	0.9832740867977767	0.9841851506524402	0.9811539441711217	0.9825475489737963	0.9816969915380653	0.9828868747445917	0.9825475489737963	0.9819918700187366	0.983197009540571	0.9788280228344327	0.9803220809564176	0.9726289190644862	0.9792660626185598	0.9806851568481368	0.9733586634541038	0.9762280853250442	0.9814537351208805	0.9691787967140375	0.9713962999991042	0.9651366765022514	0.9775392987442351	0.9848522183364946	0.9842599424759322	0.9819918700187366	0.9792660626185598	0.9792370421665855
0.9842697744173379	0.9811668052685681	0.9801926974566597	0.9842101002101061	1.0	0.9816589626637919	0.9800199870795092	0.9822221602434881	0.9795852244237155	0.9817663309306598	0.9827256777675709	0.9819298023552588	0.9813334503915906	0.981622620508509	0.980261573901452	0.9802913116060201	0.9799986675896416	0.9799986675896416	0.9800634723382744	0.9795633185857171	0.9806833796464876	0.9796551552584958	0.9836472646686404	0.9727211915203435	0.9767076589111405	0.9795243584933451	0.9790377060981139	0.9813014103792869	0.9787872034444383	0.9672108182691943	0.9698569844436693	0.9667568172601114	0.9839549229508106	0.983248179756859	0.9824153748646447	0.9806197938519288	0.9774355873134823	0.979101082769888
0.9858858553728383	0.9821657669431585	0.9831835286688939	0.978063227795734	0.9816589626637919	1.0	0.9782527387752153	0.9800896608854316	0.9810864844280359	0.9827472905094407	0.9817439769143882	0.9831835286688939	0.980883726054815	0.98199770259206	0.9789999592304172	0.9830478270972102	0.9797003393326009	0.9801788491928433	0.9797605378416329	0.9795493557607624	0.9805038058573878	0.9767708510878205	0.9759700667791654	0.9705011212993636	0.9767708510878205	0.9781896907561474	0.9689328077878496	0.9731118129926214	0.9785037189277185	0.9657269435962568	0.968607525891701	0.9629191040715097	0.9724846100433108	0.9816305754272072	0.9805038058573878	0.9799703631162584	0.9774879933509744	0.9775845736055656
0.9828197184700612	0.9809880552812025	0.9807967217285756	0.9796409995356068	0.9800199870795092	0.9782527387752153	1.0	0.9802403162048242	0.9777571630821192	0.9813673963791322	0.9837094881987742	0.9836655686682325	0.9827745894460805	0.9828197184700612	0.9791739549627627	0.9810118934446361	0.980434924782702	0.9822740224736255	0.9813673963791322	0.9813438160186702	0.9825025017892105	0.9792286991561157	0.9774314642945969	0.9700708590384277	0.977359835548792	0.9802647057538464	0.9731511589340304	0.9763564180905507	0.979699087146786	0.9667350892375433	0.9691916237962429	0.9633442054659749	0.9754327915263045	0.981578858248763	0.9808446601879305	0.980724681981363	0.9786658497019861	0.9788191137799294
0.9906631455368832	0.9821187226150914	0.981257972293414	0.9897300769364986	0.9822221602434881	0.9800896608854316	0.9802403162048242	1.0	0.9809587930218535	0.9829574199908487	0.9821038632211159	0.9832389562874977	0.9813983434059188	0.9822221602434881	0.9810501469793764	0.9820357365542448	0.9803302166119638	0.9806351767112095	0.9807217880992867	0.9802425598918414	0.9816806795117521	0.9797795308035813	0.9816616290837789	0.9716979344996622	0.9760823001883538	0.9786000550160386	0.9762841274597357	0.9796531768583514	0.978414923942047	0.966793243483029	0.9695300914178269	0.9654535745928674	0.9815907441629267	0.9831386850424808	0.9824075284547691	0.9801546673818878	0.9766016625183686	0.9783138490650685
0.9798085304739821	0.9772707372615037	0.9771120827074942	0.981317807022538	0.9795852244237155	0.9810864844280359	0.9777571630821192	0.9809587930218535	1.0	0.9817853507402086	0.9808453832490868	0.9809482463135908	0.9788370701773653	0.9788430063845648	0.980261573901452	0.9795843997497481	0.9743894005282868	0.9753230884659772	0.9764653729323365	0.9760362534899389	0.9753381064226601	0.9762427944127099	0.9798696081971496	0.9686269592830387	0.9728295704225745	0.97571793473353	0.9746164006531756	0.9769542540530677	0.973535099702583	0.9646871561865057	0.9662824207022798	0.966471730882063	0.9789463926594772	0.9794963655262774	0.975802274211228	0.9745095147494581	0.9713730823184983	0.9748524529426728
0.9818574777019489	0.9814979158537404	0.9795311058211106	0.983222722105646	0.9817663309306598	0.9827472905094407	0.9813673963791322	0.9829574199908487	0.9817853507402086	1.0	0.9850630683454089	0.9859004345417023	0.9840537242293392	0.983737868203298	0.9853999725543828	0.9831360413897219	0.9768960730803073	0.9790199491035112	0.980337641115588	0.9798564887681727	0.9777436084944884	0.9795553126199567	0.9813314252773312	0.9732059257977402	0.976417760951153	0.9791879108718837	0.9763219122822625	0.9799517379766651	0.9757440059244529	0.9661162362361649	0.967271295070688	0.9670745534027806	0.9809343777085293	0.9811436691791307	0.9784927684320998	0.9752991705216485	0.9748119912676273	0.9797313511045223
0.9849673325578289	0.983816042436738	0.9856128987971737	0.9835805960650077	0.9827256777675709	0.9817439769143882	0.9837094881987742	0.9821038632211159	0.9808453832490868	0.9850630683454089	1.0	0.9925088896345133	0.9951761597689928	0.9915651071137731	0.9890254954475005	0.9850630683454089	0.9832147679198429	0.9829507506987729	0.9827256777675709	0.9825197153390547	0.983676728145771	0.9812362401556793	0.9819635030722529	0.9739784918720177	0.9789656879329207	0.9815339494282896	0.9788285762721578	0.9798705825087003	0.9811699543854563	0.9688320469997629	0.9712858132293184	0.9670042155627423	0.981826195173185	0.9830931780804951	0.9824990476819706	0.9829099431892251	0.9788734218332867	0.9798927873446466
0.9850008632416066	0.9833359662627046	0.9840384048797017	0.9849255069698201	0.9819298023552588	0.9831835286688939	0.9836655686682325	0.9832389562874977	0.9809482463135908	0.9859004345417023	0.9925088896345133	1.0	0.9910299397902264	0.9924602553023351	0.9953826191477121	0.9853626444506014	0.981642635106319	0.982004371944794	0.9822453689748554	0.981975080450006	0.9828526786492425	0.9812599770632727	0.9832885186255983	0.9740078418362372	0.9781196620518056	0.9816202025069801	0.9784770198022088	0.9808839513930201	0.9799208314967811	0.9675220340921702	0.9696944046571316	0.9681456158585803	0.9819140543968194	0.9833032145955872	0.9821837521546076	0.982203622752522	0.9777636142847062	0.9808226514263181
0.9841532080872369	0.9829390054621693	0.9842523911650293	0.9832740867977767	0.9813334503915906	0.980883726054815	0.9827745894460805	0.9813983434059188	0.9788370701773653	0.9840537242293392	0.9951761597689928	0.9910299397902264	1.0	0.9901642587459859	0.9877239657053994	0.9840935539847961	0.9817422822462072	0.982124941257827	0.9814415340097461	0.9815922536731837	0.9826074744692604	0.9794802297788229	0.9805041230694329	0.9720114386212891	0.9776712591026722	0.9801427995401062	0.9777623290844932	0.9789921368251011	0.9789770008919604	0.9676493617300708	0.9695085556941854	0.9649321586485963	0.9804486068006082	0.9816137284875804	0.9814631079474043	0.9819554226434491	0.976911571067288	0.9789830190749932
0.9832744360028438	0.9817163627591701	0.98303083668814	0.9841851506524402	0.981622620508509	0.98199770259206	0.9828197184700612	0.9822221602434881	0.9788430063845648	0.983737868203298	0.9915651071137731	0.9924602553023351	0.9901642587459859	1.0	0.9907926879583345	0.9846051908646725	0.9795409695800289	0.9802652842101776	0.981429556340814	0.9807246472418554	0.9807931394125775	0.9799528646563491	0.9817121351850296	0.972994745440465	0.9772561839462829	0.9807721547872121	0.9781930206395276	0.9805407970269948	0.9779545088702254	0.9659889102727683	0.9679189034043688	0.9662201938958286	0.9812642073197768	0.982512482765061	0.9803878558275873	0.9801833136168807	0.975609306124167	0.9799617307890559
0.9831792798915987	0.9822868463341887	0.9833719683787394	0.9811539441711217	0.980261573901452	0.9789999592304172	0.9791739549627627	0.9810501469793764	0.980261573901452	0.9853999725543828	0.9890254954475005	0.9953826191477121	0.9877239657053994	0.9907926879583345	1.0	0.983265059103201	0.9804021235015583	0.9808201817980821	0.9807970960704242	0.9807508756524069	0.9816630954453348	0.9770625698058586	0.9784788792165534	0.9709329055569421	0.9766929305301386	0.979931254342388	0.9746958963235968	0.9770725152077987	0.9792362056606065	0.9670686907444234	0.9694135830562173	0.9645015876346662	0.9776061093695317	0.9813467043231732	0.9807045897941592	0.9802850408558434	0.9763771270863502	0.9770834252598675
0.9830558066303515	0.9848912877130884	0.9892760578709288	0.9825475489737963	0.9802913116060201	0.9830478270972102	0.9810118934446361	0.9820357365542448	0.9795843997497481	0.9831360413897219	0.9850630683454089	0.9853626444506014	0.9840935539847961	0.9846051908646725	0.983265059103201	1.0	0.9792476924880308	0.9798291302106783	0.9796958682766514	0.9796067239165769	0.9806607286478363	0.9780721828200105	0.9798962938276499	0.9718864008048589	0.9757497781465251	0.9780995618380298	0.975363871193279	0.9782890108910298	0.9777707069455855	0.9661083464118181	0.9683624690030459	0.9648569759280153	0.9789143496338294	0.980530822421129	0.9798955578274876	0.979360314538477	0.9752689542963012	0.977407986087413
0.9804549011445545	0.9796535904196246	0.9765999099523105	0.9816969915380653	0.9799986675896416	0.9797003393326009	0.980434924782702	0.9803302166119638	0.9743894005282868	0.9768960730803073	0.9832147679198429	0.981642635106319	0.9817422822462072	0.9795409695800289	0.9804021235015583	0.9792476924880308	1.0	0.9841457494839659	0.9851171381060264	0.9848056926598042	0.9831084779194191	0.984531565961545	0.98253442752025	0.9866422885890879	0.9906687257697598	0.9838645888344951	0.9797592855519465	0.9830676602100288	0.9853640759566548	0.969491340151916	0.9706114247167646	0.9688182220521412	0.9815316157351747	0.9850526303728558	0.9818633884112801	0.9812524854778143	0.9800268957066569	0.9936524335639096
0.9811913512094234	0.9799055980791832	0.9782049653937319	0.9828868747445917	0.9799986675896416	0.9801788491928433	0.9822740224736255	0.9806351767112095	0.9753230884659772	0.9790199491035112	0.9829507506987729	0.982004371944794	0.982124941257827	0.9802652842101776	0.9808201817980821	0.9798291302106783	0.9841457494839659	1.0	0.9980367332690564	0.9965786399664005	0.9964664454897315	0.9961842958903279	0.982730699506627	0.9768703374760959	0.9816730740602094	0.9857444439857275	0.9800637185458023	0.982895260907652	0.9825880978314884	0.9680878666563496	0.9708257695490077	0.9689842069234531	0.9809945946927788	0.9839415060561048	0.983301931466993	0.9857537119446897	0.9809608058187403	0.9841169674859184
0.9823459306473816	0.98082510677687	0.9794063115617454	0.9825475489737963	0.9800634723382744	0.9797605378416329	0.9813673963791322	0.9807217880992867	0.9764653729323365	0.980337641115588	0.9827256777675709	0.9822453689748554	0.9814415340097461	0.981429556340814	0.9807970960704242	0.9796958682766514	0.9851171381060264	0.9980367332690564	1.0	0.996241445691823	0.9973684430393229	0.9950642710705906	0.982974397253361	0.9765734798289917	0.9814866327002942	0.9854291990051032	0.979962555813148	0.9832147125527516	0.9834322002408327	0.9691319115009006	0.9718206206462284	0.9690503627620717	0.9812343598845672	0.9841515385798951	0.9843705484199812	0.9866141966434961	0.9821242858409036	0.983586983331443
0.9821355834111262	0.9807664122018045	0.9790527146595169	0.9819918700187366	0.9795633185857171	0.9795493557607624	0.9813438160186702	0.9802425598918414	0.9760362534899389	0.9798564887681727	0.9825197153390547	0.981975080450006	0.9815922536731837	0.9807246472418554	0.9807508756524069	0.9796067239165769	0.9848056926598042	0.9965786399664005	0.996241445691823	1.0	0.9991740741688565	0.9965593412896067	0.9825590259349106	0.9763012397665274	0.9813200103599451	0.9851485067671594	0.9792800090793211	0.9831167510120721	0.9832182461511688	0.9682784386913177	0.971290745282579	0.9692151620213938	0.9808740496227646	0.9837686551929872	0.9839648396073359	0.9859121849266475	0.9818339918433571	0.9835664272692954
0.9815124315443435	0.9810767864024945	0.9777407964469119	0.983197009540571	0.9806833796464876	0.9805038058573878	0.9825025017892105	0.9816806795117521	0.9753381064226601	0.9777436084944884	0.983676728145771	0.9828526786492425	0.9826074744692604	0.9807931394125775	0.9816630954453348	0.9806607286478363	0.9831084779194191	0.9964664454897315	0.9973684430393229	0.9991740741688565	1.0	0.9970038771016281	0.9835281183207047	0.9774032418144809	0.9823477467898626	0.9865105610864434	0.9804319915067446	0.9837723797508248	0.9827742160912337	0.9687972272548175	0.9705849696080835	0.9703140484334726	0.981826195173185	0.9848855492006262	0.9830339085546953	0.9842675247881357	0.9819465577229026	0.9846783036458909
0.9822186544110358	0.9797298374131499	0.978436401418681	0.9788280228344327	0.9796551552584958	0.9767708510878205	0.9792286991561157	0.9797795308035813	0.9762427944127099	0.9795553126199567	0.9812362401556793	0.9812599770632727	0.9794802297788229	0.9799528646563491	0.9770625698058586	0.9780721828200105	0.984531565961545	0.9961842958903279	0.9950642710705906	0.9965593412896067	0.9970038771016281	1.0	0.9787286482281777	0.9745676889435391	0.9819641922532782	0.9853166172525887	0.9756349794084903	0.977830921959194	0.9841210146484095	0.9683918244419302	0.9716426987476149	0.9660525034434689	0.9769317563186991	0.9832841660746292	0.9837932263447368	0.9862060061170855	0.9833732680466265	0.9826080650231522
0.9860764145564624	0.9816110449064356	0.9800028188685749	0.9803220809564176	0.9836472646686404	0.9759700667791654	0.9774314642945969	0.9816616290837789	0.9798696081971496	0.9813314252773312	0.9819635030722529	0.9832885186255983	0.9805041230694329	0.9817121351850296	0.9784788792165534	0.9798962938276499	0.98253442752025	0.982730699506627	0.982974397253361	0.9825590259349106	0.9835281183207047	0.9787286482281777	1.0	0.9724349131325385	0.979493701580742	0.9812547487383609	0.9760564925067807	0.9775703894305868	0.9817877484790792	0.9689305044851793	0.9714470692888092	0.9655018942090623	0.982551249828186	0.9870557136430417	0.9854294922402539	0.9821383189915873	0.9785623482323192	0.9795746180810578
0.9741249770959965	0.9718237004581333	0.9725682139598201	0.9726289190644862	0.9727211915203435	0.9705011212993636	0.9700708590384277	0.9716979344996622	0.9686269592830387	0.9732059257977402	0.9739784918720177	0.9740078418362372	0.9720114386212891	0.972994745440465	0.9709329055569421	0.9718864008048589	0.9866422885890879	0.9768703374760959	0.9765734798289917	0.9763012397665274	0.9774032418144809	0.9745676889435391	0.9724349131325385	1.0	0.9881802014490977	0.9755266219510043	0.9705516020162521	0.971658201331625	0.9784435970623752	0.9614812742668835	0.9642956360983953	0.9590557967513657	0.971046775987722	0.9761642609555492	0.9761367958629046	0.9776402338546004	0.9742708044497994	0.9844588234162817
0.9784176967415109	0.9765630326467353	0.9763691926088219	0.9792660626185598	0.9767076589111405	0.9767708510878205	0.977359835548792	0.9760823001883538	0.9728295704225745	0.976417760951153	0.9789656879329207	0.9781196620518056	0.9776712591026722	0.9772561839462829	0.9766929305301386	0.9757497781465251	0.9906687257697598	0.9816730740602094	0.9814866327002942	0.9813200103599451	0.9823477467898626	0.9819641922532782	0.979493701580742	0.9881802014490977	1.0	0.9801432671881497	0.9775084388394055	0.979762060588931	0.9820428000831403	0.967157133555532	0.969342209416448	0.9656744778345278	0.9784949009357183	0.9810895098845265	0.9797590231742704	0.9811525349273812	0.9774448303467691	0.9893405706983389
0.981114017126839	0.9794796986419161	0.9781106677361052	0.9806851568481368	0.9795243584933451	0.9781896907561474	0.9802647057538464	0.9786000550160386	0.97571793473353	0.9791879108718837	0.9815339494282896	0.9816202025069801	0.9801427995401062	0.9807721547872121	0.979931254342388	0.9780995618380298	0.9838645888344951	0.9857444439857275	0.9854291990051032	0.9851485067671594	0.9865105610864434	0.9853166172525887	0.9812547487383609	0.9755266219510043	0.9801432671881497	1.0	0.9786884079863089	0.9817136086451365	0.9827919166764048	0.9686886200522553	0.9711184584860906	0.9681456158585803	0.9792333728261733	0.9821804552327176	0.9840594372671032	0.9849978174341256	0.9825487003268573	0.9820729679357811
0.9801309867490967	0.9762841274597357	0.9772892328956562	0.9733586634541038	0.9790377060981139	0.9689328077878496	0.9731511589340304	0.9762841274597357	0.9746164006531756	0.9763219122822625	0.9788285762721578	0.9784770198022088	0.9777623290844932	0.9781930206395276	0.9746958963235968	0.975363871193279	0.9797592855519465	0.9800637185458023	0.979962555813148	0.9792800090793211	0.9804319915067446	0.9756349794084903	0.9760564925067807	0.9705516020162521	0.9775084388394055	0.9786884079863089	1.0	0.9879279694362888	0.9792109630101855	0.9679211062595026	0.9698677346449749	0.9642992300297657	0.9709105045650488	0.9806642044905499	0.9798271829644178	0.9798271829644178	0.97673467582303	0.9766600161530596
0.9831167510120721	0.9793793683952975	0.9789364410554912	0.9762280853250442	0.9813014103792869	0.9731118129926214	0.9763564180905507	0.9796531768583514	0.9769542540530677	0.9799517379766651	0.9798705825087003	0.9808839513930201	0.9789921368251011	0.9805407970269948	0.9770725152077987	0.9782890108910298	0.9830676602100288	0.982895260907652	0.9832147125527516	0.9831167510120721	0.9837723797508248	0.977830921959194	0.9775703894305868	0.971658201331625	0.979762060588931	0.9817136086451365	0.9879279694362888	1.0	0.9806996236867295	0.9701597096459111	0.9725861451909424	0.9666529657798315	0.9762779215623949	0.983506852594568	0.9831167510120721	0.98299388583767	0.9796531768583514	0.9795712751424343
0.9790729213074503	0.9775417638617887	0.9757672097495715	0.9814537351208805	0.9787872034444383	0.9785037189277185	0.979699087146786	0.978414923942047	0.973535099702583	0.9757440059244529	0.9811699543854563	0.9799208314967811	0.9789770008919604	0.9779545088702254	0.9792362056606065	0.9777707069455855	0.9853640759566548	0.9825880978314884	0.9834322002408327	0.9832182461511688	0.9827742160912337	0.9841210146484095	0.9817877484790792	0.9784435970623752	0.9820428000831403	0.9827919166764048	0.9792109630101855	0.9806996236867295	1.0	0.9649846769342876	0.9670664686046065	0.9668984201714459	0.9797061367276857	0.9840753186286219	0.9809264456125376	0.9806480427024634	0.9775681100136764	0.9855414557132723
0.9681773939555764	0.9665363602149509	0.9650175655463528	0.9691787967140375	0.9672108182691943	0.9657269435962568	0.9667350892375433	0.966793243483029	0.9646871561865057	0.9661162362361649	0.9688320469997629	0.9675220340921702	0.9676493617300708	0.9659889102727683	0.9670686907444234	0.9661083464118181	0.969491340151916	0.9680878666563496	0.9691319115009006	0.9682784386913177	0.9687972272548175	0.9683918244419302	0.9689305044851793	0.9614812742668835	0.967157133555532	0.9686886200522553	0.9679211062595026	0.9701597096459111	0.9649846769342876	1.0	0.9951444704397236	0.9787698873529423	0.9685427451684261	0.9690264733426387	0.9674236304030356	0.9685625013630671	0.9639820435443871	0.9677335911643423
0.9695938129179134	0.9688813558262841	0.9658320050902829	0.9713962999991042	0.9698569844436693	0.968607525891701	0.9691916237962429	0.9695300914178269	0.9662824207022798	0.967271295070688	0.9712858132293184	0.9696944046571316	0.9695085556941854	0.9679189034043688	0.9694135830562173	0.9683624690030459	0.9706114247167646	0.9708257695490077	0.9718206206462284	0.971290745282579	0.9705849696080835	0.9716426987476149	0.9714470692888092	0.9642956360983953	0.969342209416448	0.9711184584860906	0.9698677346449749	0.9725861451909424	0.9670664686046065	0.9951444704397236	1.0	0.9812909123818258	0.971005910449738	0.9715877702257686	0.9686771581512104	0.9695359684728064	0.9662278253510985	0.970551374615968
0.9682135106653235	0.9664359170587081	0.9656377657531146	0.9651366765022514	0.9667568172601114	0.9629191040715097	0.9633442054659749	0.9654535745928674	0.966471730882063	0.9670745534027806	0.9670042155627423	0.9681456158585803	0.9649321586485963	0.9662201938958286	0.9645015876346662	0.9648569759280153	0.9688182220521412	0.9689842069234531	0.9690503627620717	0.9692151620213938	0.9703140484334726	0.9660525034434689	0.9655018942090623	0.9590557967513657	0.9656744778345278	0.9681456158585803	0.9642992300297657	0.9666529657798315	0.9668984201714459	0.9787698873529423	0.9812909123818258	1.0	0.9655871048303718	0.968315085818819	0.9679410701196176	0.9681795811164804	0.9640567582551087	0.9656377657531146
0.9846886419304463	0.9805707279718858	0.9801721541049366	0.9775392987442351	0.9839549229508106	0.9724846100433108	0.9754327915263045	0.9815907441629267	0.9789463926594772	0.9809343777085293	0.981826195173185	0.9819140543968194	0.9804486068006082	0.9812642073197768	0.9776061093695317	0.9789143496338294	0.9815316157351747	0.9809945946927788	0.9812343598845672	0.9808740496227646	0.981826195173185	0.9769317563186991	0.982551249828186	0.971046775987722	0.9784949009357183	0.9792333728261733	0.9709105045650488	0.9762779215623949	0.9797061367276857	0.9685427451684261	0.971005910449738	0.9655871048303718	1.0	0.9865432767439267	0.9837066571976931	0.9798622157663651	0.9777060691780181	0.9782013209931271
0.9852372844048868	0.9822311544836292	0.9805116987359234	0.9848522183364946	0.983248179756859	0.9816305754272072	0.981578858248763	0.9831386850424808	0.9794963655262774	0.9811436691791307	0.9830931780804951	0.9833032145955872	0.9816137284875804	0.982512482765061	0.9813467043231732	0.980530822421129	0.9850526303728558	0.9839415060561048	0.9841515385798951	0.9837686551929872	0.9848855492006262	0.9832841660746292	0.9870557136430417	0.9761642609555492	0.9810895098845265	0.9821804552327176	0.9806642044905499	0.983506852594568	0.9840753186286219	0.9690264733426387	0.9715877702257686	0.968315085818819	0.9865432767439267	1.0	0.9847736874747287	0.9828310692584857	0.9796496002560164	0.9838326561043247
0.9827602059494588	0.9806297080654913	0.9764681978504653	0.9842599424759322	0.9824153748646447	0.9805038058573878	0.9808446601879305	0.9824075284547691	0.975802274211228	0.9784927684320998	0.9824990476819706	0.9821837521546076	0.9814631079474043	0.9803878558275873	0.9807045897941592	0.9798955578274876	0.9818633884112801	0.983301931466993	0.9843705484199812	0.9839648396073359	0.9830339085546953	0.9837932263447368	0.9854294922402539	0.9761367958629046	0.9797590231742704	0.9840594372671032	0.9798271829644178	0.9831167510120721	0.9809264456125376	0.9674236304030356	0.9686771581512104	0.9679410701196176	0.9837066571976931	0.9847736874747287	1.0	0.9827995083539345	0.9801707455723142	0.9830482910915289
0.981222087031572	0.9800100300947436	0.9770783460981052	0.9819918700187366	0.9806197938519288	0.9799703631162584	0.980724681981363	0.9801546673818878	0.9745095147494581	0.9752991705216485	0.9829099431892251	0.982203622752522	0.9819554226434491	0.9801833136168807	0.9802850408558434	0.979360314538477	0.9812524854778143	0.9857537119446897	0.9866141966434961	0.9859121849266475	0.9842675247881357	0.9862060061170855	0.9821383189915873	0.9776402338546004	0.9811525349273812	0.9849978174341256	0.9798271829644178	0.98299388583767	0.9806480427024634	0.9685625013630671	0.9695359684728064	0.9681795811164804	0.9798622157663651	0.9828310692584857	0.9827995083539345	1.0	0.9808806471841998	0.9839548057383875
0.9777894303935931	0.976045962199832	0.9734042103215643	0.9792660626185598	0.9774355873134823	0.9774879933509744	0.9786658497019861	0.9766016625183686	0.9713730823184983	0.9748119912676273	0.9788734218332867	0.9777636142847062	0.976911571067288	0.975609306124167	0.9763771270863502	0.9752689542963012	0.9800268957066569	0.9809608058187403	0.9821242858409036	0.9818339918433571	0.9819465577229026	0.9833732680466265	0.9785623482323192	0.9742708044497994	0.9774448303467691	0.9825487003268573	0.97673467582303	0.9796531768583514	0.9775681100136764	0.9639820435443871	0.9662278253510985	0.9640567582551087	0.9777060691780181	0.9796496002560164	0.9801707455723142	0.9808806471841998	1.0	0.9802132858123066
0.9812005794200135	0.9792656577025182	0.9788170089756856	0.9792370421665855	0.979101082769888	0.9775845736055656	0.9788191137799294	0.9783138490650685	0.9748524529426728	0.9797313511045223	0.9798927873446466	0.9808226514263181	0.9789830190749932	0.9799617307890559	0.9770834252598675	0.977407986087413	0.9936524335639096	0.9841169674859184	0.983586983331443	0.9835664272692954	0.9846783036458909	0.9826080650231522	0.9795746180810578	0.9844588234162817	0.9893405706983389	0.9820729679357811	0.9766600161530596	0.9795712751424343	0.9855414557132723	0.9677335911643423	0.970551374615968	0.9656377657531146	0.9782013209931271	0.9838326561043247	0.9830482910915289	0.9839548057383875	0.9802132858123066	1.0
