/home/jshaw/scratch/2022_sketched_distance/references/SGB_genome_fastas_part1_redo/1930/Bengtsson-PalmeJ_2015__TRAVELRES13__bin.87.fa	/home/jshaw/scratch/2022_sketched_distance/references/SGB_genome_fastas_part1_redo/1930/ChengpingW_2017__AS115raw__bin.24.fa	/home/jshaw/scratch/2022_sketched_distance/references/SGB_genome_fastas_part1_redo/1930/CosteaPI_2017__pluto1-11-30-0__bin.35.fa	/home/jshaw/scratch/2022_sketched_distance/references/SGB_genome_fastas_part1_redo/1930/CosteaPI_2017__pluto1-11-7-0__bin.19.fa	/home/jshaw/scratch/2022_sketched_distance/references/SGB_genome_fastas_part1_redo/1930/HeQ_2017__SZAXPI029557-42__bin.27.fa	/home/jshaw/scratch/2022_sketched_distance/references/SGB_genome_fastas_part1_redo/1930/LeChatelierE_2013__MH0002__bin.19.fa	/home/jshaw/scratch/2022_sketched_distance/references/SGB_genome_fastas_part1_redo/1930/LeChatelierE_2013__MH0130__bin.13.fa	/home/jshaw/scratch/2022_sketched_distance/references/SGB_genome_fastas_part1_redo/1930/LeChatelierE_2013__MH0243__bin.6.fa	/home/jshaw/scratch/2022_sketched_distance/references/SGB_genome_fastas_part1_redo/1930/LeChatelierE_2013__MH0407__bin.49.fa	/home/jshaw/scratch/2022_sketched_distance/references/SGB_genome_fastas_part1_redo/1930/LeChatelierE_2013__MH0418__bin.11.fa	/home/jshaw/scratch/2022_sketched_distance/references/SGB_genome_fastas_part1_redo/1930/LiJ_2014__O2.UC11-1__bin.29.fa	/home/jshaw/scratch/2022_sketched_distance/references/SGB_genome_fastas_part1_redo/1930/LiJ_2014__O2.UC1-1__bin.9.fa	/home/jshaw/scratch/2022_sketched_distance/references/SGB_genome_fastas_part1_redo/1930/LiJ_2014__O2.UC48-1__bin.79.fa	/home/jshaw/scratch/2022_sketched_distance/references/SGB_genome_fastas_part1_redo/1930/LiJ_2014__V1.FI06__bin.52.fa	/home/jshaw/scratch/2022_sketched_distance/references/SGB_genome_fastas_part1_redo/1930/LiJ_2014__V1.FI09__bin.41.fa	/home/jshaw/scratch/2022_sketched_distance/references/SGB_genome_fastas_part1_redo/1930/LiJ_2014__V1.FI32__bin.6.fa	/home/jshaw/scratch/2022_sketched_distance/references/SGB_genome_fastas_part1_redo/1930/NielsenHB_2014__MH0002__bin.1.fa	/home/jshaw/scratch/2022_sketched_distance/references/SGB_genome_fastas_part1_redo/1930/NielsenHB_2014__MH0130__bin.27.fa	/home/jshaw/scratch/2022_sketched_distance/references/SGB_genome_fastas_part1_redo/1930/NielsenHB_2014__O2_UC11_2__bin.25.fa	/home/jshaw/scratch/2022_sketched_distance/references/SGB_genome_fastas_part1_redo/1930/NielsenHB_2014__O2_UC48_0__bin.13.fa	/home/jshaw/scratch/2022_sketched_distance/references/SGB_genome_fastas_part1_redo/1930/NielsenHB_2014__O2_UC55_0__bin.10.fa	/home/jshaw/scratch/2022_sketched_distance/references/SGB_genome_fastas_part1_redo/1930/NielsenHB_2014__O2_UC55_2__bin.24.fa	/home/jshaw/scratch/2022_sketched_distance/references/SGB_genome_fastas_part1_redo/1930/NielsenHB_2014__V1_UC55_4__bin.92.fa	/home/jshaw/scratch/2022_sketched_distance/references/SGB_genome_fastas_part1_redo/1930/QinJ_2012__T2D-098__bin.51.fa	/home/jshaw/scratch/2022_sketched_distance/references/SGB_genome_fastas_part1_redo/1930/QinN_2014__LD-33__bin.23.fa	/home/jshaw/scratch/2022_sketched_distance/references/SGB_genome_fastas_part1_redo/1930/RaymondF_2016__P19E0__bin.109.fa	/home/jshaw/scratch/2022_sketched_distance/references/SGB_genome_fastas_part1_redo/1930/RaymondF_2016__P19E7__bin.83.fa	/home/jshaw/scratch/2022_sketched_distance/references/SGB_genome_fastas_part1_redo/1930/RaymondF_2016__P19E90__bin.32.fa	/home/jshaw/scratch/2022_sketched_distance/references/SGB_genome_fastas_part1_redo/1930/VatanenT_2016__G80433__bin.6.fa	/home/jshaw/scratch/2022_sketched_distance/references/SGB_genome_fastas_part1_redo/1930/VogtmannE_2016__MMRS67247116ST-27-0-0__bin.15.fa	/home/jshaw/scratch/2022_sketched_distance/references/SGB_genome_fastas_part1_redo/1930/VogtmannE_2016__MMRS84159866ST-27-0-0__bin.40.fa	/home/jshaw/scratch/2022_sketched_distance/references/SGB_genome_fastas_part1_redo/1930/XieH_2016__YSZC12003_36051__bin.32.fa	/home/jshaw/scratch/2022_sketched_distance/references/SGB_genome_fastas_part1_redo/1930/XieH_2016__YSZC12003_37299R1__bin.50.fa	/home/jshaw/scratch/2022_sketched_distance/references/SGB_genome_fastas_part1_redo/1930/YuJ_2015__SZAXPI003420-4__bin.43.fa	/home/jshaw/scratch/2022_sketched_distance/references/SGB_genome_fastas_part1_redo/1930/YuJ_2015__SZAXPI015216-169__bin.77.fa	/home/jshaw/scratch/2022_sketched_distance/references/SGB_genome_fastas_part1_redo/1930/ZeeviD_2015__PNP_Main_135__bin.3.fa	/home/jshaw/scratch/2022_sketched_distance/references/SGB_genome_fastas_part1_redo/1930/ZeeviD_2015__PNP_Main_46__bin.20.fa	/home/jshaw/scratch/2022_sketched_distance/references/SGB_genome_fastas_part1_redo/1930/ZeeviD_2015__PNP_Main_78__bin.43.fa	/home/jshaw/scratch/2022_sketched_distance/references/SGB_genome_fastas_part1_redo/1930/ZellerG_2014__CCIS38765456ST-20-0__bin.95.fa	/home/jshaw/scratch/2022_sketched_distance/references/SGB_genome_fastas_part1_redo/1930/ZellerG_2014__CCIS74239020ST-4-0__bin.66.fa	/home/jshaw/scratch/2022_sketched_distance/references/SGB_genome_fastas_part1_redo/1930/ZellerG_2014__CCIS81887263ST-4-0__bin.13.fa
1.0	0.9785175592095942	0.9738292796347866	0.9743961794402872	0.9785390949448067	0.970729575959226	0.9749265265067121	0.9722427651890714	0.9788962814513301	0.9790517524801006	0.968650723655774	0.9687224687989825	0.9656220246496743	0.967916564943	0.96940738290735	0.9674492473565247	0.9653265716663834	0.9799754422407191	0.9650875893898248	0.9704141367967462	0.9761363425321821	0.9771103804915661	0.9741645704644389	0.967183962378101	0.9661149888404125	0.9553191021856389	0.9608498590968101	0.9681571311465681	0.9748816849414916	0.9755057376511936	0.9771267363917049	0.9750461567392011	0.9737074956553119	0.9671118120805853	0.9738149299047208	0.9705991709222799	0.9758952402203491	0.9723224998780303	0.9757815374774674	0.9649378093293383	0.981021155125501
0.9785175592095942	1.0	0.9731930240461714	0.9736937878730617	0.9843078047068398	0.9699568383921852	0.9724227292547457	0.9713866014217998	0.9781910282993017	0.9778199950072585	0.9689962085265879	0.9695811293656238	0.9651929507340636	0.9696233283552207	0.9704423342852754	0.9677430679486307	0.9641637377247219	0.9766516878215538	0.9667489683842524	0.9698393808389146	0.9772028821951314	0.976736320132015	0.9734906291436307	0.969121945225918	0.9641623037003912	0.9567664617263555	0.9645131192948598	0.9696222678341455	0.9776745897850748	0.9752636754108396	0.9781010452764539	0.9733588243723382	0.9728365851973415	0.9671128104760575	0.9736586381845044	0.9711088879677789	0.9784712186853795	0.9718960551659171	0.976562236375633	0.9652055172839296	0.9786011424108298
0.9738292796347866	0.9731930240461714	1.0	0.9979296479901265	0.9722634895555434	0.9765309669758493	0.9674311603642489	0.9779473825042143	0.9731020806476856	0.9736151589162311	0.9680170347231593	0.9687534978957979	0.9728527374894357	0.9680933064030179	0.9688476517688743	0.9650994947075058	0.9712080073182278	0.971202384483579	0.9654222776109802	0.9762484692504177	0.9722854468046176	0.9723630804962464	0.980586918382603	0.9613511252265582	0.9703349548159851	0.9553928513981738	0.9618597093157234	0.9674185052858355	0.9695133194408374	0.974656172802961	0.9738798258103548	0.9814201349731634	0.9816972323917371	0.9677508601843036	0.9727228221775184	0.9688879328481524	0.9700744955847479	0.9794129573097506	0.9751106243092323	0.9636229104767098	0.9728355953404586
0.9743961794402872	0.9736937878730617	0.9979296479901265	1.0	0.9727309618829395	0.9768215113740935	0.9679577774431549	0.9783480628332027	0.9738005532070049	0.9741778488607247	0.9681720169549253	0.9690743208725214	0.9730289885128404	0.9681995327967007	0.969279533454561	0.965314330401746	0.9716752749775406	0.9717331352114615	0.9655750249388154	0.9762699583216722	0.972623119523587	0.972852817167972	0.9811831844279648	0.9622662153290771	0.971265747713808	0.9558754742941267	0.9623435693449456	0.9677430726807664	0.9694373823778683	0.975031599791187	0.9744301099676606	0.9818650218163886	0.9823302078544847	0.9682646460026129	0.9732016570656743	0.9694536829222404	0.9702974224395431	0.9802327167136256	0.9756601458179559	0.9639915214654194	0.9733157505873078
0.9785390949448067	0.9843078047068398	0.9722634895555434	0.9727309618829395	1.0	0.9688267399752396	0.9719132231663262	0.9706526554854027	0.9789857331231662	0.9785228982967682	0.9689862516023777	0.9694648553546736	0.9659252058672427	0.9690369899190385	0.9695309104996678	0.9673011852833383	0.9637869269577457	0.976176247309184	0.9663875659043124	0.9696968531308362	0.9764029232228181	0.9763931130924726	0.9730862563483417	0.968365252064349	0.9638679356935139	0.9564392532569886	0.9626508117265956	0.9687759203265179	0.9772375081671032	0.9752079311691578	0.977673176399879	0.9732045409644036	0.9731526033093222	0.9665490829810852	0.9740725967955508	0.9698518103219753	0.9784406795666849	0.9717394514655828	0.9762190111629455	0.964743849310763	0.9791035966429364
0.970729575959226	0.9699568383921852	0.9765309669758493	0.9768215113740935	0.9688267399752396	1.0	0.9655344685580798	0.9753569161026794	0.9696911481417413	0.9698391063710091	0.9651575140558022	0.9653689151115018	0.9706880634875229	0.9646432874269686	0.9655249079420751	0.9604199088851659	0.9896383035870198	0.9695099695298228	0.962906273139992	0.9740163022194296	0.9697537403185601	0.969947897974019	0.977586371376089	0.9595154203394477	0.9656710874639186	0.9518110447153385	0.9584280349889244	0.9640899128609473	0.9658132737450528	0.9711641548629767	0.9699556776121878	0.9767123216154773	0.9762907740672648	0.9624353805912437	0.9687880205658186	0.9663762721157578	0.9671800824255281	0.97653526000159	0.9710733816008951	0.9606904668997343	0.9697816834294299
0.9749265265067121	0.9724227292547457	0.9674311603642489	0.9679577774431549	0.9719132231663262	0.9655344685580798	1.0	0.9638101245168668	0.9718927003073045	0.970683650148189	0.9615556805869824	0.9620618456753831	0.9676850076347183	0.96268016085216	0.9623680499175287	0.9605464990404268	0.9606797186670063	0.9947379859493737	0.9616849057067604	0.9639456957636249	0.9737637583945232	0.971077341686404	0.9666027335894695	0.9626032764368104	0.9496831868631918	0.9469568945777923	0.9565441492309152	0.9610515987543365	0.9737120834979	0.9669795042853222	0.9712572990759039	0.9683002624041599	0.967776255833392	0.9605224154136554	0.9668444222626216	0.9657651304557	0.973265689536694	0.9651502309965916	0.9683111360746877	0.9573884910645318	0.9756328188060925
0.9722427651890714	0.9713866014217998	0.9779473825042143	0.9783480628332027	0.9706526554854027	0.9753569161026794	0.9638101245168668	1.0	0.9713078075101458	0.9719721122077142	0.9668859658226215	0.9667378507409116	0.9702428115393043	0.9654732801712983	0.9676060512332729	0.9624382702690157	0.9701012590760247	0.9688094360863848	0.9639425580307817	0.9759047206439142	0.971035709197906	0.9712411139135501	0.9796639466567056	0.9598777412302271	0.9698342701832251	0.9542200509676859	0.9606360611461934	0.9664387374604414	0.9669894176582141	0.9728128277510327	0.9722229698669534	0.9788278768300838	0.9788073131353088	0.9645542469782425	0.970950524579607	0.9668999627491882	0.9677622315958349	0.9779218647368916	0.9725698012644021	0.9621436149015702	0.9713401837899552
0.9788962814513301	0.9781910282993017	0.9731020806476856	0.9738005532070049	0.9789857331231662	0.9696911481417413	0.9718927003073045	0.9713078075101458	1.0	0.9791725290953155	0.9671480110052669	0.9677151752026747	0.9654228932240556	0.967559581229179	0.9679740446493438	0.9662929467869786	0.9642750071872033	0.9763177787114348	0.9641815809255777	0.9693923849684989	0.9755682165957871	0.975985556355552	0.9735241242089191	0.965531699916538	0.9645596101935954	0.9562730980121608	0.9615657082923194	0.9676340929265753	0.9744794580295401	0.9746726900575272	0.9791935363704852	0.9737941601267656	0.9737039884198653	0.9660360119350179	0.9732934175117041	0.9690549967835832	0.9750611892622341	0.9717105762687257	0.9754517805399772	0.962997002376677	0.9783717651202537
0.9790517524801006	0.9778199950072585	0.9736151589162311	0.9741778488607247	0.9785228982967682	0.9698391063710091	0.970683650148189	0.9719721122077142	0.9791725290953155	1.0	0.9706232283608766	0.9705276782546429	0.9654249151669994	0.9697304249731273	0.9707656479312071	0.9678944010569384	0.9640600990066619	0.9759352243915181	0.9671117053327412	0.9717436889109781	0.9770035207430318	0.977713031928234	0.9744970910879059	0.9674876561215225	0.9681048362300804	0.9571711404169483	0.9638914381087824	0.9702722201321351	0.9744810626968214	0.9768428278016702	0.9779729470819312	0.9746531114261575	0.9736957844504996	0.9670682302983775	0.9741194111356487	0.9715665227552207	0.975868495055807	0.9724439700142923	0.9767204204612111	0.9667359051191156	0.9791656347266747
0.968650723655774	0.9689962085265879	0.9680170347231593	0.9681720169549253	0.9689862516023777	0.9651575140558022	0.9615556805869824	0.9668859658226215	0.9671480110052669	0.9706232283608766	1.0	0.9919736498408855	0.9592028729584726	0.9835730954149525	0.990330079942165	0.9688498127971802	0.9595928881192536	0.967415792559233	0.9933252620530769	0.9659712382545577	0.9691087415624972	0.9697790870379734	0.9682762143831144	0.960411158787548	0.9625684391363414	0.9724032491064972	0.9794437846675643	0.9852531052738811	0.9673069625772472	0.9710931005829183	0.9700177467568057	0.9688785744359201	0.9679318949128637	0.9635467072907626	0.9690264521536498	0.9664020806243786	0.9683080730047763	0.9677138665458539	0.9697669068225088	0.9815177379808578	0.9692577051302357
0.9687224687989825	0.9695811293656238	0.9687534978957979	0.9690743208725214	0.9694648553546736	0.9653689151115018	0.9620618456753831	0.9667378507409116	0.9677151752026747	0.9705276782546429	0.9919736498408855	1.0	0.9595628562114475	0.983107940292452	0.991007947281243	0.9698559953719454	0.9598213919285218	0.9674407210200143	0.9891194519193666	0.9661314317888802	0.969475857326554	0.9698533058571136	0.9685122301393264	0.9599657946658767	0.961864458544752	0.9715577639408949	0.9793662047898626	0.9849998236188048	0.9671551321313562	0.9708211375061196	0.970108268270118	0.9687415245604347	0.9680937214802234	0.9638235691723007	0.9694080045575563	0.9667764618530097	0.9684270150576592	0.9680817770026368	0.9703730504559228	0.9810138330837757	0.9696072213748806
0.9656220246496743	0.9651929507340636	0.9728527374894357	0.9730289885128404	0.9659252058672427	0.9706880634875229	0.9676850076347183	0.9702428115393043	0.9654228932240556	0.9654249151669994	0.9592028729584726	0.9595628562114475	1.0	0.9604693823380512	0.9604370744439202	0.959063737248467	0.9660154125567575	0.9679199830433305	0.9610659522403254	0.9884041779548164	0.9681579697943972	0.9643524711583503	0.9910370096165948	0.9539084522179334	0.9538484139659246	0.9482604371375705	0.9586141779053071	0.9609373656374196	0.9641561286493154	0.9665456141533308	0.9662648957821444	0.9728010900027602	0.9733035008002114	0.9592093248651681	0.9656191636349863	0.962565018854545	0.9665624036617149	0.9733500663610682	0.9667595817090425	0.9561799158611687	0.9651172463432623
0.967916564943	0.9696233283552207	0.9680933064030179	0.9681995327967007	0.9690369899190385	0.9646432874269686	0.96268016085216	0.9654732801712983	0.967559581229179	0.9697304249731273	0.9835730954149525	0.983107940292452	0.9604693823380512	1.0	0.9836737507597635	0.9698282289637271	0.9577938537691193	0.9673262690110161	0.9812263812538252	0.9657155922463131	0.969628613555423	0.9691005851519446	0.9677864882163075	0.9595809595327357	0.9621141202064033	0.9677217187677949	0.9761323443023201	0.981762329787769	0.967685501800032	0.9699635980222193	0.9693504438934957	0.9684117026668422	0.9675790474743312	0.9629299904467343	0.9688462172559481	0.9657085196314459	0.9684663481620301	0.9672722716672871	0.9695044477579354	0.9808591629092764	0.9693161894362842
0.96940738290735	0.9704423342852754	0.9688476517688743	0.969279533454561	0.9695309104996678	0.9655249079420751	0.9623680499175287	0.9676060512332729	0.9679740446493438	0.9707656479312071	0.990330079942165	0.991007947281243	0.9604370744439202	0.9836737507597635	1.0	0.9693983243274372	0.9598955060526493	0.9678129314922215	0.9882619572475424	0.9671078199005005	0.9696343240953846	0.9698052217424872	0.969049141976119	0.9595251004854107	0.9625883690058803	0.971201451668854	0.9796563383303463	0.9846314974085163	0.96839330934245	0.9708848892047096	0.9700711513111093	0.9693142773007395	0.9685273332911681	0.9643298187283481	0.9700579624147883	0.9665455897500007	0.9685238350252815	0.968590515641097	0.9704450141338318	0.9811937587000796	0.9701984497528143
0.9674492473565247	0.9677430679486307	0.9650994947075058	0.965314330401746	0.9673011852833383	0.9604199088851659	0.9605464990404268	0.9624382702690157	0.9662929467869786	0.9678944010569384	0.9688498127971802	0.9698559953719454	0.959063737248467	0.9698282289637271	0.9693983243274372	1.0	0.9537514149663574	0.9655978196932966	0.9670857721964515	0.9638592470573413	0.9688691975323459	0.9675655085149942	0.9654705917029922	0.9567432027045608	0.9597593975214237	0.9560785917462767	0.9653860811465301	0.9685170350389769	0.9668569054349863	0.9668543924895064	0.9675835680453059	0.9654314057170846	0.9644991288279974	0.9602828619433239	0.9661209525525702	0.9630658000199336	0.9672072127807825	0.9637428586124561	0.9671076046982138	0.9641931635642157	0.9682297330129235
0.9653265716663834	0.9641637377247219	0.9712080073182278	0.9716752749775406	0.9637869269577457	0.9896383035870198	0.9606797186670063	0.9701012590760247	0.9642750071872033	0.9640600990066619	0.9595928881192536	0.9598213919285218	0.9660154125567575	0.9577938537691193	0.9598955060526493	0.9537514149663574	1.0	0.9642606008858041	0.9576971798261612	0.9680787079231842	0.9640704795279227	0.9645849765252852	0.9724102989392914	0.9548394188494885	0.9582511457843801	0.9457811879550649	0.9519475581000965	0.9575689109552402	0.9598723086190682	0.9655228676398157	0.9642612170760619	0.9709388629806883	0.9711203003829121	0.9558630962427995	0.9628894253516159	0.9615164350892271	0.9618881673816181	0.971265747713808	0.9652943431129024	0.955343189424191	0.9643089223572499
0.9799754422407191	0.9766516878215538	0.971202384483579	0.9717331352114615	0.976176247309184	0.9695099695298228	0.9947379859493737	0.9688094360863848	0.9763177787114348	0.9759352243915181	0.967415792559233	0.9674407210200143	0.9679199830433305	0.9673262690110161	0.9678129314922215	0.9655978196932966	0.9642606008858041	1.0	0.9663328039835798	0.9690348312293481	0.977111590822622	0.9760107053386804	0.971111798165544	0.9673766422624851	0.9598182178381318	0.9532654598317161	0.9614015205979662	0.9670655119348466	0.9762371940117194	0.972478669210231	0.975554382954109	0.9730311206147506	0.9716741320677386	0.9640882376871304	0.9720579082642574	0.9702202893856525	0.9766083407041223	0.9701721140256786	0.9731016491815652	0.9632025204780056	0.9798244305149453
0.9650875893898248	0.9667489683842524	0.9654222776109802	0.9655750249388154	0.9663875659043124	0.962906273139992	0.9616849057067604	0.9639425580307817	0.9641815809255777	0.9671117053327412	0.9933252620530769	0.9891194519193666	0.9610659522403254	0.9812263812538252	0.9882619572475424	0.9670857721964515	0.9576971798261612	0.9663328039835798	1.0	0.9645008241175157	0.9675689904208764	0.9670083551536272	0.9660811146335155	0.9583766190477588	0.9571122955860547	0.9682609579334263	0.9778345227600777	0.9831087589437516	0.9657349504359061	0.9681193909957343	0.967403492900399	0.9667002438258664	0.9654354545432368	0.961761793099464	0.9665617756837036	0.9652967563916125	0.9677041583746369	0.9647876953636058	0.9665614595678022	0.9792611077127065	0.9665835526137364
0.9704141367967462	0.9698393808389146	0.9762484692504177	0.9762699583216722	0.9696968531308362	0.9740163022194296	0.9639456957636249	0.9759047206439142	0.9693923849684989	0.9717436889109781	0.9659712382545577	0.9661314317888802	0.9884041779548164	0.9657155922463131	0.9671078199005005	0.9638592470573413	0.9680787079231842	0.9690348312293481	0.9645008241175157	1.0	0.9694407179141178	0.9698851433873311	0.9933950621937859	0.9579179131904185	0.9706137813964606	0.9520616461488727	0.9620745319917016	0.9670121857928943	0.9677794298416696	0.9709708996432361	0.9706356292927768	0.9769595334531027	0.9764799573454417	0.9659568944186862	0.969302062966566	0.9680666308253644	0.9685615962087263	0.976405110445162	0.9709990809557207	0.9616106337111662	0.9699566081335942
0.9761363425321821	0.9772028821951314	0.9722854468046176	0.972623119523587	0.9764029232228181	0.9697537403185601	0.9737637583945232	0.971035709197906	0.9755682165957871	0.9770035207430318	0.9691087415624972	0.969475857326554	0.9681579697943972	0.969628613555423	0.9696343240953846	0.9688691975323459	0.9640704795279227	0.977111590822622	0.9675689904208764	0.9694407179141178	1.0	0.9944577029439575	0.9726028919362459	0.9665592439471554	0.9625378807010454	0.9564190104083337	0.9638238095328492	0.9688775371495683	0.9757075606128495	0.9743143538699538	0.9760203806553015	0.9733742442573045	0.9711968787239201	0.9664278717456065	0.9723111942334653	0.9700324563434665	0.9774526124962302	0.9708279800666652	0.9738564378839762	0.9653374827721016	0.9772621583115284
0.9771103804915661	0.976736320132015	0.9723630804962464	0.972852817167972	0.9763931130924726	0.969947897974019	0.971077341686404	0.9712411139135501	0.975985556355552	0.977713031928234	0.9697790870379734	0.9698533058571136	0.9643524711583503	0.9691005851519446	0.9698052217424872	0.9675655085149942	0.9645849765252852	0.9760107053386804	0.9670083551536272	0.9698851433873311	0.9944577029439575	1.0	0.973142629792841	0.967978237781232	0.9664755923462568	0.9559399443512384	0.962427723359194	0.9688246535956331	0.9739890653408947	0.9747511836236991	0.9757946437590096	0.9729631572375484	0.9718760424555315	0.966617913840885	0.9720777191224623	0.9705200469328448	0.9763805988685225	0.9712902296893967	0.9745981918822033	0.9661274476070105	0.9774686317694875
0.9741645704644389	0.9734906291436307	0.980586918382603	0.9811831844279648	0.9730862563483417	0.977586371376089	0.9666027335894695	0.9796639466567056	0.9735241242089191	0.9744970910879059	0.9682762143831144	0.9685122301393264	0.9910370096165948	0.9677864882163075	0.969049141976119	0.9654705917029922	0.9724102989392914	0.971111798165544	0.9660811146335155	0.9933950621937859	0.9726028919362459	0.973142629792841	1.0	0.9622687421823003	0.9726967107073272	0.9558703927389469	0.962595474908309	0.968738301002799	0.9695763738291026	0.974650833453088	0.9746183631923333	0.9800226592669216	0.9814020379100462	0.9669842363390088	0.9729642608072036	0.9694635242526132	0.9709595559089488	0.9816476075760557	0.9753129268616734	0.9640978588793185	0.9744173454877811
0.967183962378101	0.969121945225918	0.9613511252265582	0.9622662153290771	0.968365252064349	0.9595154203394477	0.9626032764368104	0.9598777412302271	0.965531699916538	0.9674876561215225	0.960411158787548	0.9599657946658767	0.9539084522179334	0.9595809595327357	0.9595251004854107	0.9567432027045608	0.9548394188494885	0.9673766422624851	0.9583766190477588	0.9579179131904185	0.9665592439471554	0.967978237781232	0.9622687421823003	1.0	0.9598765341830137	0.9479185387338537	0.9541206390731074	0.9599926624771759	0.9681459780673818	0.9632020119041739	0.9655481460958291	0.9625362328126142	0.9608177281027582	0.9557137230911987	0.9625736924257677	0.9605697473983796	0.9711597665621636	0.9611699937925031	0.964946553325034	0.9561460745496287	0.9679403813114734
0.9661149888404125	0.9641623037003912	0.9703349548159851	0.971265747713808	0.9638679356935139	0.9656710874639186	0.9496831868631918	0.9698342701832251	0.9645596101935954	0.9681048362300804	0.9625684391363414	0.961864458544752	0.9538484139659246	0.9621141202064033	0.9625883690058803	0.9597593975214237	0.9582511457843801	0.9598182178381318	0.9571122955860547	0.9706137813964606	0.9625378807010454	0.9664755923462568	0.9726967107073272	0.9598765341830137	1.0	0.947730253780264	0.956308470074668	0.9629462990694908	0.9588880531509039	0.9680869122562356	0.9654028967290461	0.9696586394111817	0.9712302036460474	0.9613853157055473	0.9661564269449477	0.9620069479634902	0.9599577930892854	0.970587482473824	0.9672918100830785	0.9576323393879606	0.9665252208404815
0.9553191021856389	0.9567664617263555	0.9553928513981738	0.9558754742941267	0.9564392532569886	0.9518110447153385	0.9469568945777923	0.9542200509676859	0.9562730980121608	0.9571711404169483	0.9724032491064972	0.9715577639408949	0.9482604371375705	0.9677217187677949	0.971201451668854	0.9560785917462767	0.9457811879550649	0.9532654598317161	0.9682609579334263	0.9520616461488727	0.9564190104083337	0.9559399443512384	0.9558703927389469	0.9479185387338537	0.947730253780264	1.0	0.9840371914888222	0.9835655192730789	0.9542346506729297	0.9579532950176297	0.957263695476725	0.9554634487552798	0.9553868995436923	0.948914331319984	0.9550516123891772	0.9507749142861892	0.9532422806905987	0.9553474362907719	0.9577636139800202	0.9650985622665713	0.9571641951652553
0.9608498590968101	0.9645131192948598	0.9618597093157234	0.9623435693449456	0.9626508117265956	0.9584280349889244	0.9565441492309152	0.9606360611461934	0.9615657082923194	0.9638914381087824	0.9794437846675643	0.9793662047898626	0.9586141779053071	0.9761323443023201	0.9796563383303463	0.9653860811465301	0.9519475581000965	0.9614015205979662	0.9778345227600777	0.9620745319917016	0.9638238095328492	0.962427723359194	0.962595474908309	0.9541206390731074	0.956308470074668	0.9840371914888222	1.0	0.9923500724210468	0.9624256244674858	0.9646183548630727	0.9632871354513324	0.9629422426099313	0.9615600499578456	0.9580843134652198	0.9629523798571478	0.9596880582836022	0.9624378473751355	0.9613572707671406	0.9644116723062568	0.9725296009730283	0.9627970963751538
0.9681571311465681	0.9696222678341455	0.9674185052858355	0.9677430726807664	0.9687759203265179	0.9640899128609473	0.9610515987543365	0.9664387374604414	0.9676340929265753	0.9702722201321351	0.9852531052738811	0.9849998236188048	0.9609373656374196	0.981762329787769	0.9846314974085163	0.9685170350389769	0.9575689109552402	0.9670655119348466	0.9831087589437516	0.9670121857928943	0.9688775371495683	0.9688246535956331	0.968738301002799	0.9599926624771759	0.9629462990694908	0.9835655192730789	0.9923500724210468	1.0	0.9676512784703677	0.970590939631587	0.9690605625349784	0.9681065132238518	0.9678968168129841	0.963700945248314	0.9687838726215902	0.9664700819835008	0.9681888799281252	0.9672963348438157	0.9703514360821166	0.9790991999571271	0.9696980541744146
0.9748816849414916	0.9776745897850748	0.9695133194408374	0.9694373823778683	0.9772375081671032	0.9658132737450528	0.9737120834979	0.9669894176582141	0.9744794580295401	0.9744810626968214	0.9673069625772472	0.9671551321313562	0.9641561286493154	0.967685501800032	0.96839330934245	0.9668569054349863	0.9598723086190682	0.9762371940117194	0.9657349504359061	0.9677794298416696	0.9757075606128495	0.9739890653408947	0.9695763738291026	0.9681459780673818	0.9588880531509039	0.9542346506729297	0.9624256244674858	0.9676512784703677	1.0	0.9711084288654848	0.974239635451836	0.970052602292653	0.9685259594597173	0.9625438575906474	0.9700722602774247	0.9673616373785443	0.9797848334848841	0.9673568226862834	0.9719800663302348	0.9629500086904983	0.976483320550181
0.9755057376511936	0.9752636754108396	0.974656172802961	0.975031599791187	0.9752079311691578	0.9711641548629767	0.9669795042853222	0.9728128277510327	0.9746726900575272	0.9768428278016702	0.9710931005829183	0.9708211375061196	0.9665456141533308	0.9699635980222193	0.9708848892047096	0.9668543924895064	0.9655228676398157	0.972478669210231	0.9681193909957343	0.9709708996432361	0.9743143538699538	0.9747511836236991	0.974650833453088	0.9632020119041739	0.9680869122562356	0.9579532950176297	0.9646183548630727	0.970590939631587	0.9711084288654848	1.0	0.9768410016802477	0.9757537931432677	0.974048625087767	0.9700141679441303	0.9765690607388113	0.9716680336128526	0.9711944511350725	0.9740043951500413	0.9771882269856274	0.9665656728745063	0.9752753009007138
0.9771267363917049	0.9781010452764539	0.9738798258103548	0.9744301099676606	0.977673176399879	0.9699556776121878	0.9712572990759039	0.9722229698669534	0.9791935363704852	0.9779729470819312	0.9700177467568057	0.970108268270118	0.9662648957821444	0.9693504438934957	0.9700711513111093	0.9675835680453059	0.9642612170760619	0.975554382954109	0.967403492900399	0.9706356292927768	0.9760203806553015	0.9757946437590096	0.9746183631923333	0.9655481460958291	0.9654028967290461	0.957263695476725	0.9632871354513324	0.9690605625349784	0.974239635451836	0.9768410016802477	1.0	0.9750454550228073	0.9740128819208324	0.9684483029116223	0.9756974896290515	0.9727753254235555	0.9743830209793385	0.9734170592651749	0.976687769294444	0.9648243093420868	0.9769533967137412
0.9750461567392011	0.9733588243723382	0.9814201349731634	0.9818650218163886	0.9732045409644036	0.9767123216154773	0.9683002624041599	0.9788278768300838	0.9737941601267656	0.9746531114261575	0.9688785744359201	0.9687415245604347	0.9728010900027602	0.9684117026668422	0.9693142773007395	0.9654314057170846	0.9709388629806883	0.9730311206147506	0.9667002438258664	0.9769595334531027	0.9733742442573045	0.9729631572375484	0.9800226592669216	0.9625362328126142	0.9696586394111817	0.9554634487552798	0.9629422426099313	0.9681065132238518	0.970052602292653	0.9757537931432677	0.9750454550228073	1.0	0.9821852909542483	0.967872658681861	0.9733340870263788	0.9701582807237623	0.9707281836940067	0.979079935712204	0.9751105334660581	0.9639019690176439	0.9740039461004757
0.9737074956553119	0.9728365851973415	0.9816972323917371	0.9823302078544847	0.9731526033093222	0.9762907740672648	0.967776255833392	0.9788073131353088	0.9737039884198653	0.9736957844504996	0.9679318949128637	0.9680937214802234	0.9733035008002114	0.9675790474743312	0.9685273332911681	0.9644991288279974	0.9711203003829121	0.9716741320677386	0.9654354545432368	0.9764799573454417	0.9711968787239201	0.9718760424555315	0.9814020379100462	0.9608177281027582	0.9712302036460474	0.9553868995436923	0.9615600499578456	0.9678968168129841	0.9685259594597173	0.974048625087767	0.9740128819208324	0.9821852909542483	1.0	0.9664636427845374	0.9722448352867583	0.9689532992115873	0.9696289680501297	0.9798882965166461	0.9754752962015595	0.9631643274362123	0.9736487955979062
0.9671118120805853	0.9671128104760575	0.9677508601843036	0.9682646460026129	0.9665490829810852	0.9624353805912437	0.9605224154136554	0.9645542469782425	0.9660360119350179	0.9670682302983775	0.9635467072907626	0.9638235691723007	0.9592093248651681	0.9629299904467343	0.9643298187283481	0.9602828619433239	0.9558630962427995	0.9640882376871304	0.961761793099464	0.9659568944186862	0.9664278717456065	0.966617913840885	0.9669842363390088	0.9557137230911987	0.9613853157055473	0.948914331319984	0.9580843134652198	0.963700945248314	0.9625438575906474	0.9700141679441303	0.9684483029116223	0.967872658681861	0.9664636427845374	1.0	0.9712952733601298	0.9638691676723798	0.9635682541351022	0.9665139300291292	0.9697432029335337	0.957919717470742	0.9666570499390708
0.9738149299047208	0.9736586381845044	0.9727228221775184	0.9732016570656743	0.9740725967955508	0.9687880205658186	0.9668444222626216	0.970950524579607	0.9732934175117041	0.9741194111356487	0.9690264521536498	0.9694080045575563	0.9656191636349863	0.9688462172559481	0.9700579624147883	0.9661209525525702	0.9628894253516159	0.9720579082642574	0.9665617756837036	0.969302062966566	0.9723111942334653	0.9720777191224623	0.9729642608072036	0.9625736924257677	0.9661564269449477	0.9550516123891772	0.9629523798571478	0.9687838726215902	0.9700722602774247	0.9765690607388113	0.9756974896290515	0.9733340870263788	0.9722448352867583	0.9712952733601298	1.0	0.9699775583592786	0.9707677652870608	0.971851106450936	0.9752735334475323	0.9640758286396764	0.9727039866332966
0.9705991709222799	0.9711088879677789	0.9688879328481524	0.9694536829222404	0.9698518103219753	0.9663762721157578	0.9657651304557	0.9668999627491882	0.9690549967835832	0.9715665227552207	0.9664020806243786	0.9667764618530097	0.962565018854545	0.9657085196314459	0.9665455897500007	0.9630658000199336	0.9615164350892271	0.9702202893856525	0.9652967563916125	0.9680666308253644	0.9700324563434665	0.9705200469328448	0.9694635242526132	0.9605697473983796	0.9620069479634902	0.9507749142861892	0.9596880582836022	0.9664700819835008	0.9673616373785443	0.9716680336128526	0.9727753254235555	0.9701582807237623	0.9689532992115873	0.9638691676723798	0.9699775583592786	1.0	0.9683865524379168	0.9673148586934331	0.9715986254510066	0.962404016914294	0.9703999072643091
0.9758952402203491	0.9784712186853795	0.9700744955847479	0.9702974224395431	0.9784406795666849	0.9671800824255281	0.973265689536694	0.9677622315958349	0.9750611892622341	0.975868495055807	0.9683080730047763	0.9684270150576592	0.9665624036617149	0.9684663481620301	0.9685238350252815	0.9672072127807825	0.9618881673816181	0.9766083407041223	0.9677041583746369	0.9685615962087263	0.9774526124962302	0.9763805988685225	0.9709595559089488	0.9711597665621636	0.9599577930892854	0.9532422806905987	0.9624378473751355	0.9681888799281252	0.9797848334848841	0.9711944511350725	0.9743830209793385	0.9707281836940067	0.9696289680501297	0.9635682541351022	0.9707677652870608	0.9683865524379168	1.0	0.9690338871455897	0.9721332766118645	0.9641383450086536	0.9771006268780574
0.9723224998780303	0.9718960551659171	0.9794129573097506	0.9802327167136256	0.9717394514655828	0.97653526000159	0.9651502309965916	0.9779218647368916	0.9717105762687257	0.9724439700142923	0.9677138665458539	0.9680817770026368	0.9733500663610682	0.9672722716672871	0.968590515641097	0.9637428586124561	0.971265747713808	0.9701721140256786	0.9647876953636058	0.976405110445162	0.9708279800666652	0.9712902296893967	0.9816476075760557	0.9611699937925031	0.970587482473824	0.9553474362907719	0.9613572707671406	0.9672963348438157	0.9673568226862834	0.9740043951500413	0.9734170592651749	0.979079935712204	0.9798882965166461	0.9665139300291292	0.971851106450936	0.9673148586934331	0.9690338871455897	1.0	0.974013089776745	0.9630505012802126	0.9722330290526311
0.9757815374774674	0.976562236375633	0.9751106243092323	0.9756601458179559	0.9762190111629455	0.9710733816008951	0.9683111360746877	0.9725698012644021	0.9754517805399772	0.9767204204612111	0.9697669068225088	0.9703730504559228	0.9667595817090425	0.9695044477579354	0.9704450141338318	0.9671076046982138	0.9652943431129024	0.9731016491815652	0.9665614595678022	0.9709990809557207	0.9738564378839762	0.9745981918822033	0.9753129268616734	0.964946553325034	0.9672918100830785	0.9577636139800202	0.9644116723062568	0.9703514360821166	0.9719800663302348	0.9771882269856274	0.976687769294444	0.9751105334660581	0.9754752962015595	0.9697432029335337	0.9752735334475323	0.9715986254510066	0.9721332766118645	0.974013089776745	1.0	0.9658083160321517	0.9749076423056352
0.9649378093293383	0.9652055172839296	0.9636229104767098	0.9639915214654194	0.964743849310763	0.9606904668997343	0.9573884910645318	0.9621436149015702	0.962997002376677	0.9667359051191156	0.9815177379808578	0.9810138330837757	0.9561799158611687	0.9808591629092764	0.9811937587000796	0.9641931635642157	0.955343189424191	0.9632025204780056	0.9792611077127065	0.9616106337111662	0.9653374827721016	0.9661274476070105	0.9640978588793185	0.9561460745496287	0.9576323393879606	0.9650985622665713	0.9725296009730283	0.9790991999571271	0.9629500086904983	0.9665656728745063	0.9648243093420868	0.9639019690176439	0.9631643274362123	0.957919717470742	0.9640758286396764	0.962404016914294	0.9641383450086536	0.9630505012802126	0.9658083160321517	1.0	0.9658684287672284
0.981021155125501	0.9786011424108298	0.9728355953404586	0.9733157505873078	0.9791035966429364	0.9697816834294299	0.9756328188060925	0.9713401837899552	0.9783717651202537	0.9791656347266747	0.9692577051302357	0.9696072213748806	0.9651172463432623	0.9693161894362842	0.9701984497528143	0.9682297330129235	0.9643089223572499	0.9798244305149453	0.9665835526137364	0.9699566081335942	0.9772621583115284	0.9774686317694875	0.9744173454877811	0.9679403813114734	0.9665252208404815	0.9571641951652553	0.9627970963751538	0.9696980541744146	0.976483320550181	0.9752753009007138	0.9769533967137412	0.9740039461004757	0.9736487955979062	0.9666570499390708	0.9727039866332966	0.9703999072643091	0.9771006268780574	0.9722330290526311	0.9749076423056352	0.9658684287672284	1.0
