/home/jshaw/scratch/2022_sketched_distance/references/SGB_genome_fastas_part2/3668/BritoIL_2016__M1.24.ST__bin.70.fa	/home/jshaw/scratch/2022_sketched_distance/references/SGB_genome_fastas_part2/3668/BritoIL_2016__M1.48.ST__bin.96.fa	/home/jshaw/scratch/2022_sketched_distance/references/SGB_genome_fastas_part2/3668/BritoIL_2016__M2.37.ST__bin.7.fa	/home/jshaw/scratch/2022_sketched_distance/references/SGB_genome_fastas_part2/3668/BritoIL_2016__W1.21.ST__bin.42.fa	/home/jshaw/scratch/2022_sketched_distance/references/SGB_genome_fastas_part2/3668/BritoIL_2016__W1.22.ST__bin.59.fa	/home/jshaw/scratch/2022_sketched_distance/references/SGB_genome_fastas_part2/3668/BritoIL_2016__W1.40.ST__bin.10.fa	/home/jshaw/scratch/2022_sketched_distance/references/SGB_genome_fastas_part2/3668/BritoIL_2016__W1.42.ST__bin.78.fa	/home/jshaw/scratch/2022_sketched_distance/references/SGB_genome_fastas_part2/3668/BritoIL_2016__W1.5.ST__bin.49.fa	/home/jshaw/scratch/2022_sketched_distance/references/SGB_genome_fastas_part2/3668/BritoIL_2016__W1.9.ST__bin.49.fa	/home/jshaw/scratch/2022_sketched_distance/references/SGB_genome_fastas_part2/3668/BritoIL_2016__W2.23.ST__bin.47.fa	/home/jshaw/scratch/2022_sketched_distance/references/SGB_genome_fastas_part2/3668/BritoIL_2016__W2.39.ST__bin.74.fa	/home/jshaw/scratch/2022_sketched_distance/references/SGB_genome_fastas_part2/3668/BritoIL_2016__W2.5.ST__bin.71.fa	/home/jshaw/scratch/2022_sketched_distance/references/SGB_genome_fastas_part2/3668/BritoIL_2016__W2.61.ST__bin.18.fa	/home/jshaw/scratch/2022_sketched_distance/references/SGB_genome_fastas_part2/3668/BritoIL_2016__W2.63.ST__bin.39.fa	/home/jshaw/scratch/2022_sketched_distance/references/SGB_genome_fastas_part2/3668/BritoIL_2016__W3.20.ST__bin.21.fa	/home/jshaw/scratch/2022_sketched_distance/references/SGB_genome_fastas_part2/3668/BritoIL_2016__WL.26.ST__bin.47.fa	/home/jshaw/scratch/2022_sketched_distance/references/SGB_genome_fastas_part2/3668/BritoIL_2016__WL.28.ST__bin.21.fa	/home/jshaw/scratch/2022_sketched_distance/references/SGB_genome_fastas_part2/3668/BritoIL_2016__WL.2.ST__bin.57.fa	/home/jshaw/scratch/2022_sketched_distance/references/SGB_genome_fastas_part2/3668/BritoIL_2016__WL.43.ST__bin.74.fa	/home/jshaw/scratch/2022_sketched_distance/references/SGB_genome_fastas_part2/3668/CM_madagascar__A04_04_1FE__bin.47.fa	/home/jshaw/scratch/2022_sketched_distance/references/SGB_genome_fastas_part2/3668/CM_madagascar__A13_03_1FE__bin.44.fa	/home/jshaw/scratch/2022_sketched_distance/references/SGB_genome_fastas_part2/3668/CM_madagascar__A40_02_1FE__bin.22.fa	/home/jshaw/scratch/2022_sketched_distance/references/SGB_genome_fastas_part2/3668/CM_madagascar__A46_02_1FE__bin.13.fa	/home/jshaw/scratch/2022_sketched_distance/references/SGB_genome_fastas_part2/3668/CM_madagascar__A47_01_1FE__bin.7.fa	/home/jshaw/scratch/2022_sketched_distance/references/SGB_genome_fastas_part2/3668/CM_madagascar__A48_01_1FE__bin.10.fa	/home/jshaw/scratch/2022_sketched_distance/references/SGB_genome_fastas_part2/3668/CM_madagascar__A62_01_1FE__bin.65.fa	/home/jshaw/scratch/2022_sketched_distance/references/SGB_genome_fastas_part2/3668/CM_madagascar__A72_02_1FE__bin.10.fa	/home/jshaw/scratch/2022_sketched_distance/references/SGB_genome_fastas_part2/3668/CM_madagascar__V32_02_2FE__bin.3.fa	/home/jshaw/scratch/2022_sketched_distance/references/SGB_genome_fastas_part2/3668/DavidLA_2015__LD-Run2-11__bin.7.fa	/home/jshaw/scratch/2022_sketched_distance/references/SGB_genome_fastas_part2/3668/Obregon-TitoAJ_2015__HCO11__bin.31.fa	/home/jshaw/scratch/2022_sketched_distance/references/SGB_genome_fastas_part2/3668/Obregon-TitoAJ_2015__HCO74__bin.29.fa	/home/jshaw/scratch/2022_sketched_distance/references/SGB_genome_fastas_part2/3668/Obregon-TitoAJ_2015__SM31__bin.16.fa	/home/jshaw/scratch/2022_sketched_distance/references/SGB_genome_fastas_part2/3668/Obregon-TitoAJ_2015__SM43__bin.39.fa	/home/jshaw/scratch/2022_sketched_distance/references/SGB_genome_fastas_part2/3668/RampelliS_2015__H10__bin.78.fa	/home/jshaw/scratch/2022_sketched_distance/references/SGB_genome_fastas_part2/3668/RampelliS_2015__H1__bin.43.fa	/home/jshaw/scratch/2022_sketched_distance/references/SGB_genome_fastas_part2/3668/RampelliS_2015__H20__bin.18.fa	/home/jshaw/scratch/2022_sketched_distance/references/SGB_genome_fastas_part2/3668/RampelliS_2015__H24__bin.33.fa	/home/jshaw/scratch/2022_sketched_distance/references/SGB_genome_fastas_part2/3668/RampelliS_2015__H8__bin.12.fa	/home/jshaw/scratch/2022_sketched_distance/references/SGB_genome_fastas_part2/3668/SmitsSA_2017__TZ_29321__bin.1.fa
1.0	0.997331179378208	0.9974874755846469	0.9947427033791315	0.9975480822825343	0.9960761201496733	0.9964971389819297	0.9961344730921206	0.9964140769427839	0.9965519009122751	0.9968802298171269	0.9964991673025465	0.9984400392681222	0.9961822254584	0.998173626096628	0.9966208435667886	0.9970086444128637	0.9975616273611021	0.9965738197355688	0.9950937335074017	0.9929574497624583	0.994087540308458	0.9931071220099575	0.9934685274342311	0.9946256523187449	0.9945999922211631	0.9937015446039331	0.9945045090237764	0.994622792596622	0.9949370974678723	0.9929882139144733	0.9929862771034823	0.9932179065893487	0.9938516492527161	0.9931904000455719	0.9932826917634582	0.9938770718486076	0.9915562726875553	0.9908719450000814
0.997331179378208	1.0	0.985040040180381	0.9962006581518988	0.9961686989353137	0.9947978413400776	0.9906874853325113	0.9962963516673313	0.9968021123251947	0.9972074485417243	0.9967707268657683	0.9918004378749741	0.9940565032245019	0.9977606467623795	0.9959772978514251	0.997083255418119	0.9975772680924171	0.9963917702361013	0.9906497333471281	0.9944965678265509	0.9952939602459296	0.996707866864254	0.9954250150014342	0.996328188327172	0.987355358438306	0.9963599944969901	0.9962963516673313	0.996707866864254	0.9939541145669152	0.9940565032245019	0.997083255418119	0.99113717499986	0.9952282382235154	0.9919096991926254	0.9962006581518988	0.9930969614960043	0.9963599944969901	0.9953595523314739	0.9858171894747293
0.9974874755846469	0.985040040180381	1.0	0.9965514380661832	0.9918840074459161	0.9956555886442675	0.9860450336676014	0.990103273155727	0.988220947350711	0.9974874755846469	0.9977095209960145	0.9879248427225232	0.988887928038745	0.998521522422115	0.9894756292550387	0.9977095209960145	0.9974874755846469	0.9967147164975588	0.9873677683466466	0.9871509732524792	0.9930685257965896	0.9959235546950371	0.9944222150329548	0.995689202948097	0.9849005817160373	0.9960899416534612	0.9946309891092661	0.9963214914734886	0.9932136531536301	0.9917329147388291	0.9955545409708134	0.989983733825259	0.9955207899238422	0.9913138130119058	0.9872812216161153	0.9763742988828331	0.9963214914734886	0.9945962846052192	0.9817748012350728
0.9947427033791315	0.9962006581518988	0.9965514380661832	1.0	0.995888075875133	0.9955692729025609	0.9950214770386054	0.9989044681728001	0.99685983214106	0.9953182000199537	0.9946513463491561	0.9955400017007846	0.9968654245056625	0.994948982213028	0.9968733210211476	0.9950994082318411	0.9951267245996854	0.9955587387004211	0.9946933704174904	0.994741196419261	0.9930498420262553	0.9934866138955125	0.9935401380217359	0.9935193833092295	0.9947843695014583	0.9943442348754615	0.9943027223898525	0.9948829470337571	0.994041465897725	0.9951999116060475	0.9938128581063722	0.993409568247005	0.9934677907582061	0.9939876285334853	0.9937862633410884	0.9944830636458546	0.9943442348754615	0.9920592991214975	0.9914120308391059
0.9975480822825343	0.9961686989353137	0.9918840074459161	0.995888075875133	1.0	0.9945088615740257	0.9882656152781156	0.9914433767416964	0.9939702811909111	0.9979059782627189	0.9970561212568612	0.9901500212803376	0.9966788440611098	0.9974451148039427	0.9966515709894177	0.9976763448640571	0.998310341969885	0.9967679376780102	0.9883675264347193	0.9901821387705131	0.992922353866053	0.9947893306195293	0.9942827652429717	0.9952332047583667	0.9853131408459913	0.9959690336522588	0.9947334262905536	0.9956984030024477	0.9926851236931349	0.9913800163413357	0.995562255671193	0.9894682304212816	0.9939407020516937	0.9906285330800981	0.9897296242736756	0.9907828415801914	0.9949842569072235	0.9936529266764454	0.9841386173530916
0.9960761201496733	0.9947978413400776	0.9956555886442675	0.9955692729025609	0.9945088615740257	1.0	0.9904192987478608	0.9940627901606719	0.99387958213595	0.9955283887743025	0.9957119720110963	0.9904130394493973	0.9953425785431764	0.9954669679809693	0.9942291293155502	0.9958945453924226	0.9959349812475825	0.9948255375409301	0.9897719317225597	0.9920443722650552	0.9912784907411829	0.9954464690929139	0.9939362227467674	0.9952201414756959	0.9893783442663655	0.9954259575332324	0.9945106570218356	0.9955896960938634	0.9911386604740409	0.9927303793441931	0.9944895582715634	0.988816869026435	0.9943838626124076	0.9897555383376663	0.990755156094514	0.9916891661027457	0.9950545642943786	0.9933079380820464	0.985341686205852
0.9964971389819297	0.9906874853325113	0.9860450336676014	0.9950214770386054	0.9882656152781156	0.9904192987478608	1.0	0.9876519898454248	0.9885709605103881	0.9962269441778205	0.9965948492241626	0.9877576438744456	0.9909394770374403	0.9967408778303278	0.9904736687119701	0.9958549174175352	0.9968378748751827	0.9957550021251276	0.9850006266799748	0.9857053400344464	0.9912321848225336	0.9948162379277958	0.9938501212064594	0.9939295128157164	0.9814779148219706	0.995478673950514	0.9946356057418124	0.9948419623871242	0.9919133722502219	0.986158096999318	0.9946356057418124	0.988637942110268	0.9944279566657881	0.9907701311966222	0.985774241595003	0.9861585363105054	0.9945838152798762	0.9927181787103553	0.9813385342635657
0.9961344730921206	0.9962963516673313	0.990103273155727	0.9989044681728001	0.9914433767416964	0.9940627901606719	0.9876519898454248	1.0	0.9948638756892013	0.9962717461933456	0.9957748839667314	0.9898192547837649	0.9958579940192076	0.996216905030342	0.9944279837318876	0.9956075967542232	0.9958026833789606	0.9953268970082941	0.9877230286427059	0.9925652100869061	0.994004169310504	0.9957470612523933	0.9951289845461009	0.9956355365774112	0.9855221620081642	0.9955516464410197	0.9950722205712228	0.9965174168966139	0.9927485380078614	0.995157330148093	0.9963811575770748	0.9906412999008639	0.9950438021138331	0.9916330122949286	0.9945280609906219	0.9936144032280807	0.9960794045578376	0.9952422219169844	0.9847933354545796
0.9964140769427839	0.9968021123251947	0.988220947350711	0.99685983214106	0.9939702811909111	0.99387958213595	0.9885709605103881	0.9948638756892013	1.0	0.9960757903135323	0.9959622578777195	0.9895516586025926	0.995665650037303	0.9965540190299688	0.9959772978514251	0.9957912278935754	0.9958768530318896	0.9953307917527491	0.9873763700420976	0.993453005010576	0.9941208967176051	0.9955618083665994	0.9946870734163126	0.9953307917527491	0.9850074694447744	0.9965819368381713	0.995990677404692	0.9965819368381713	0.9931139393913186	0.9937886340898331	0.9962171621088397	0.9903696554177753	0.9945093233064571	0.9912007165556577	0.9945093233064571	0.9937242394830456	0.9963016971885436	0.9948638756892013	0.9848486097529349
0.9965519009122751	0.9972074485417243	0.9974874755846469	0.9953182000199537	0.9979059782627189	0.9955283887743025	0.9962269441778205	0.9962717461933456	0.9960757903135323	1.0	0.9965058792963639	0.9964991673025465	0.998172789331624	0.9973695726341595	0.9977816775941123	0.9961421503670538	0.9972196618594275	0.9967496191692566	0.9965025153237373	0.9937168017732013	0.9927718878734607	0.9946431434498999	0.9937211385723219	0.9941524044514969	0.994678642509377	0.9955243922501174	0.9940368455209951	0.9954452391082622	0.9941359206852467	0.9940128229710126	0.9940203041546767	0.9930470796451163	0.9932503316070006	0.9934994034123543	0.9927000542791847	0.992947623336879	0.9945618564756002	0.9918493863997226	0.991652219004852
0.9968802298171269	0.9967707268657683	0.9977095209960145	0.9946513463491561	0.9970561212568612	0.9957119720110963	0.9965948492241626	0.9957748839667314	0.9959622578777195	0.9965058792963639	1.0	0.9977364385446216	0.998172789331624	0.9967745569215021	0.9966886322597301	0.9965133530056716	0.9973096894225428	0.998832841380594	0.9962157569866861	0.994494917956611	0.9931235706089212	0.9940739589127632	0.9936557582588101	0.9939605114835908	0.9946256523187449	0.9949047700916197	0.9940278593944045	0.9950464744620247	0.9947711720488732	0.9945024939640658	0.9935027963850442	0.9930673223650677	0.9933347539203806	0.9940457349599707	0.9930469332318443	0.9927976083139721	0.9943639098627768	0.9917103151612502	0.9914120308391059
0.9964991673025465	0.9918004378749741	0.9879248427225232	0.9955400017007846	0.9901500212803376	0.9904130394493973	0.9877576438744456	0.9898192547837649	0.9895516586025926	0.9964991673025465	0.9977364385446216	1.0	0.9919618286239111	0.9972118087068567	0.9904289520604929	0.9962279356547229	0.9972338343688694	0.9970572190471897	0.9881891669531736	0.9873143123358956	0.9922544155527456	0.9954239469242478	0.994432715709269	0.994695201211859	0.98489067683226	0.9957478829858116	0.9949320344765735	0.9960002046391444	0.9922544155527456	0.9864830671108987	0.9953541187192152	0.9902231278822363	0.9945999922211631	0.9906018647962295	0.9869710950329714	0.9872881716174868	0.9952841432420549	0.9939743772954399	0.9821301433199463
0.9984400392681222	0.9940565032245019	0.988887928038745	0.9968654245056625	0.9966788440611098	0.9953425785431764	0.9909394770374403	0.9958579940192076	0.995665650037303	0.998172789331624	0.998172789331624	0.9919618286239111	1.0	0.998675806437774	0.9950174889083676	0.9981131078323827	0.9984696016566249	0.9979033754024881	0.9903029663894302	0.9946868407718297	0.9944208713127074	0.9960174336663408	0.9951798554351897	0.9953750276095901	0.9860303092444533	0.99674115403302	0.9960492299158178	0.99674115403302	0.9941527504794482	0.9955045074632428	0.9969273858900426	0.9914910954190495	0.9953750276095901	0.9926379891643495	0.9952450404877211	0.988807230382874	0.9963340342649779	0.9956334840576826	0.9859872398612198
0.9961822254584	0.9977606467623795	0.998521522422115	0.994948982213028	0.9974451148039427	0.9954669679809693	0.9967408778303278	0.996216905030342	0.9965540190299688	0.9973695726341595	0.9967745569215021	0.9972118087068567	0.998675806437774	1.0	0.9979960399605116	0.9963282703057867	0.9973546119406937	0.9971893176871023	0.9969515466587663	0.9946046009703597	0.9932888619994218	0.9943552341451066	0.9936019125302037	0.9940298054151139	0.9949423306049269	0.9954540588912096	0.9941603606418661	0.9952182613718017	0.9948081633950762	0.9947928616356925	0.9940788239238318	0.9932288200453522	0.9933858751707831	0.9938516492527161	0.993361743574362	0.9933936318620787	0.9946132959683013	0.9920418166637269	0.9918378328073817
0.998173626096628	0.9959772978514251	0.9894756292550387	0.9968733210211476	0.9966515709894177	0.9942291293155502	0.9904736687119701	0.9944279837318876	0.9959772978514251	0.9977816775941123	0.9966886322597301	0.9904289520604929	0.9950174889083676	0.9979960399605116	1.0	0.9979247392212464	0.9977816775941123	0.9962786661609413	0.9891050870157414	0.9930929341755015	0.9934624077549433	0.995520052771636	0.9941092414238455	0.9946650449987374	0.9865389994256945	0.9961283239145498	0.9947436902284222	0.9957494626763578	0.9934215581438359	0.9935846551230034	0.9962786661609413	0.9901593726312929	0.9941092414238455	0.9914424212118432	0.9942291293155502	0.9871377662050917	0.9955583980520816	0.9941492522654397	0.9845675732124541
0.9966208435667886	0.997083255418119	0.9977095209960145	0.9950994082318411	0.9976763448640571	0.9958945453924226	0.9958549174175352	0.9956075967542232	0.9957912278935754	0.9961421503670538	0.9965133530056716	0.9962279356547229	0.9981131078323827	0.9963282703057867	0.9979247392212464	1.0	0.9966668046908032	0.9967021616727115	0.9956835136768185	0.9939689088136848	0.9927346503122891	0.9940890716702933	0.9933021057136331	0.993839937775443	0.994359423369617	0.9949546428582284	0.993823262048738	0.9949062469750072	0.9939846635134065	0.9941113376988641	0.9935384826658074	0.9925369454424423	0.9928242277721172	0.9930836577601412	0.9925544413236403	0.9923434389483	0.9942046961993535	0.9915984341424838	0.9906808092767533
0.9970086444128637	0.9975772680924171	0.9974874755846469	0.9951267245996854	0.998310341969885	0.9959349812475825	0.9968378748751827	0.9958026833789606	0.9958768530318896	0.9972196618594275	0.9973096894225428	0.9972338343688694	0.9984696016566249	0.9973546119406937	0.9977816775941123	0.9966668046908032	1.0	0.9973915028136583	0.9971621462585256	0.9945223727499355	0.9929389403213561	0.9945292857974778	0.9935873038813238	0.9939374732248601	0.9948107486594086	0.9953658966982057	0.9939540559853018	0.9952863640974395	0.9943615197811235	0.9944295029238785	0.9939871966276193	0.9928643359083922	0.9932672619145788	0.9936368333876344	0.9931330879093516	0.9927599980657508	0.9944966830873432	0.9918847017577185	0.9916787991559188
0.9975616273611021	0.9963917702361013	0.9967147164975588	0.9955587387004211	0.9967679376780102	0.9948255375409301	0.9957550021251276	0.9953268970082941	0.9953307917527491	0.9967496191692566	0.998832841380594	0.9970572190471897	0.9979033754024881	0.9971893176871023	0.9962786661609413	0.9967021616727115	0.9973915028136583	1.0	0.9959507019510447	0.9941914047744561	0.9919428202688254	0.9946282449202799	0.9940502930788094	0.9945438814181513	0.9939560268105333	0.9956078576346816	0.9945100758139314	0.9957058779450988	0.9937755509229678	0.9936407615987949	0.9940674363109683	0.9924957929212678	0.9936188036786514	0.9932228205036039	0.9922023328531611	0.9921906529096569	0.9950302284468883	0.9926134626683483	0.9907355324546523
0.9965738197355688	0.9906497333471281	0.9873677683466466	0.9946933704174904	0.9883675264347193	0.9897719317225597	0.9850006266799748	0.9877230286427059	0.9873763700420976	0.9965025153237373	0.9962157569866861	0.9881891669531736	0.9903029663894302	0.9969515466587663	0.9891050870157414	0.9956835136768185	0.9971621462585256	0.9959507019510447	1.0	0.9860618762427402	0.9924318859991483	0.9950432923973329	0.9948187668466908	0.9945674979427017	0.984243220646145	0.9953403149741681	0.9950432923973329	0.9955123580097822	0.991504314715568	0.9852135191043552	0.9951425957166292	0.9886750415884584	0.9940335510866846	0.9904358446291186	0.9852684648479212	0.9862503489182801	0.9949686193129281	0.9930713264299699	0.9813059203263569
0.9950937335074017	0.9944965678265509	0.9871509732524792	0.994741196419261	0.9901821387705131	0.9920443722650552	0.9857053400344464	0.9925652100869061	0.993453005010576	0.9937168017732013	0.994494917956611	0.9873143123358956	0.9946868407718297	0.9946046009703597	0.9930929341755015	0.9939689088136848	0.9945223727499355	0.9941914047744561	0.9860618762427402	1.0	0.9921624658900576	0.9949043716393604	0.9939409914737358	0.9946866257504774	0.9835191261004177	0.9955491616102068	0.9943020950509205	0.9960246627610349	0.9915977262000265	0.9921624658900576	0.9941081437648004	0.9893013033409663	0.9937449086001104	0.9904694770824592	0.9906006978314432	0.9913767344745469	0.9951206971652247	0.9940246730235693	0.9823489731547991
0.9929574497624583	0.9952939602459296	0.9930685257965896	0.9930498420262553	0.992922353866053	0.9912784907411829	0.9912321848225336	0.994004169310504	0.9941208967176051	0.9927718878734607	0.9931235706089212	0.9922544155527456	0.9944208713127074	0.9932888619994218	0.9934624077549433	0.9927346503122891	0.9929389403213561	0.9919428202688254	0.9924318859991483	0.9921624658900576	1.0	0.9950198748117052	0.9933803352318121	0.9935625271121201	0.9929673474180658	0.9949502515905907	0.9933985995933943	0.9946702877329212	0.9919527332088076	0.9915028305841463	0.9929204205233899	0.9895023530166975	0.9923599514251376	0.9902350788645208	0.9920248629102437	0.9924195681317416	0.9935625271121201	0.9914429649017026	0.989708170900634
0.994087540308458	0.996707866864254	0.9959235546950371	0.9934866138955125	0.9947893306195293	0.9954464690929139	0.9948162379277958	0.9957470612523933	0.9955618083665994	0.9946431434498999	0.9940739589127632	0.9954239469242478	0.9960174336663408	0.9943552341451066	0.995520052771636	0.9940890716702933	0.9945292857974778	0.9946282449202799	0.9950432923973329	0.9949043716393604	0.9950198748117052	1.0	0.9938366356903854	0.994719609088283	0.995229986367864	0.996500507857034	0.9939465815210539	0.9955686983713529	0.9945110705886173	0.9945753246429847	0.9931449459449024	0.9931279763586377	0.9933847053915094	0.9937346496940365	0.9935888310774142	0.9941599786673935	0.9939763863886962	0.9919907381803483	0.9919434318206575
0.9931071220099575	0.9954250150014342	0.9944222150329548	0.9935401380217359	0.9942827652429717	0.9939362227467674	0.9938501212064594	0.9951289845461009	0.9946870734163126	0.9937211385723219	0.9936557582588101	0.994432715709269	0.9951798554351897	0.9936019125302037	0.9941092414238455	0.9933021057136331	0.9935873038813238	0.9940502930788094	0.9948187668466908	0.9939409914737358	0.9933803352318121	0.9938366356903854	1.0	0.9942764653824523	0.9951256726754296	0.9939675653589582	0.994357278571557	0.995561990651505	0.9939467410846835	0.9934406066976458	0.9931071220099575	0.992680577507625	0.9928310496494749	0.9935190712160238	0.9926418859722024	0.9926846490880579	0.994646585507505	0.9923268589153976	0.9926217269405357
0.9934685274342311	0.996328188327172	0.995689202948097	0.9935193833092295	0.9952332047583667	0.9952201414756959	0.9939295128157164	0.9956355365774112	0.9953307917527491	0.9941524044514969	0.9939605114835908	0.994695201211859	0.9953750276095901	0.9940298054151139	0.9946650449987374	0.993839937775443	0.9939374732248601	0.9945438814181513	0.9945674979427017	0.9946866257504774	0.9935625271121201	0.994719609088283	0.9942764653824523	1.0	0.9955667584101325	0.9945534652388147	0.9940927384478857	0.9990563712143575	0.9940792801280998	0.9942830368764747	0.9927977642193874	0.9929050329128541	0.9935009666236746	0.9935976258369437	0.993361743574362	0.9949090031083212	0.9943965185540371	0.9923660764921687	0.9914388047754445
0.9946256523187449	0.987355358438306	0.9849005817160373	0.9947843695014583	0.9853131408459913	0.9893783442663655	0.9814779148219706	0.9855221620081642	0.9850074694447744	0.994678642509377	0.9946256523187449	0.98489067683226	0.9860303092444533	0.9949423306049269	0.9865389994256945	0.994359423369617	0.9948107486594086	0.9939560268105333	0.984243220646145	0.9835191261004177	0.9929673474180658	0.995229986367864	0.9951256726754296	0.9955667584101325	1.0	0.9956182674628852	0.9947051058796601	0.9963563038745963	0.9921202731360947	0.9856302497881894	0.9943861426892678	0.9884645830166333	0.9941717825610343	0.9902372047602188	0.9835111458973359	0.9842175158851888	0.9954634998284554	0.9936843411556009	0.9821430562305791
0.9945999922211631	0.9963599944969901	0.9960899416534612	0.9943442348754615	0.9959690336522588	0.9954259575332324	0.995478673950514	0.9955516464410197	0.9965819368381713	0.9955243922501174	0.9949047700916197	0.9957478829858116	0.99674115403302	0.9954540588912096	0.9961283239145498	0.9949546428582284	0.9953658966982057	0.9956078576346816	0.9953403149741681	0.9955491616102068	0.9949502515905907	0.996500507857034	0.9939675653589582	0.9945534652388147	0.9956182674628852	1.0	0.9941089383820421	0.9954649772156623	0.9951026180746199	0.9944538511328451	0.9934559558173272	0.9937284824548379	0.993814490885092	0.994506954601899	0.9932476131371759	0.9931341910020267	0.9940152793455362	0.9920250364198867	0.992127422470446
0.9937015446039331	0.9962963516673313	0.9946309891092661	0.9943027223898525	0.9947334262905536	0.9945106570218356	0.9946356057418124	0.9950722205712228	0.995990677404692	0.9940368455209951	0.9940278593944045	0.9949320344765735	0.9960492299158178	0.9941603606418661	0.9947436902284222	0.993823262048738	0.9939540559853018	0.9945100758139314	0.9950432923973329	0.9943020950509205	0.9933985995933943	0.9939465815210539	0.994357278571557	0.9940927384478857	0.9947051058796601	0.9941089383820421	1.0	0.9952393576552084	0.9939277635807203	0.9941850320160988	0.9933388458562018	0.9932086758671035	0.9931844457532886	0.9933416390410462	0.9942886087020432	0.9950146385604893	0.9945113843254929	0.9922262782484561	0.9927505888209925
0.9945045090237764	0.996707866864254	0.9963214914734886	0.9948829470337571	0.9956984030024477	0.9955896960938634	0.9948419623871242	0.9965174168966139	0.9965819368381713	0.9954452391082622	0.9950464744620247	0.9960002046391444	0.99674115403302	0.9952182613718017	0.9957494626763578	0.9949062469750072	0.9952863640974395	0.9957058779450988	0.9955123580097822	0.9960246627610349	0.9946702877329212	0.9955686983713529	0.995561990651505	0.9990563712143575	0.9963563038745963	0.9954649772156623	0.9952393576552084	1.0	0.9951575384819578	0.9953186876892101	0.9940693484651374	0.9941032478615509	0.9944650004696102	0.9946022395140321	0.9944543790954293	0.9950146385604893	0.9943505548865619	0.9933356660934942	0.9927248565596607
0.994622792596622	0.9939541145669152	0.9932136531536301	0.994041465897725	0.9926851236931349	0.9911386604740409	0.9919133722502219	0.9927485380078614	0.9931139393913186	0.9941359206852467	0.9947711720488732	0.9922544155527456	0.9941527504794482	0.9948081633950762	0.9934215581438359	0.9939846635134065	0.9943615197811235	0.9937755509229678	0.991504314715568	0.9915977262000265	0.9919527332088076	0.9945110705886173	0.9939467410846835	0.9940792801280998	0.9921202731360947	0.9951026180746199	0.9939277635807203	0.9951575384819578	1.0	0.9906401800272713	0.9935459124111252	0.9887268785851216	0.9937946157961631	0.9895992518097787	0.9906006978314432	0.9910613207497244	0.9942677067136029	0.9925517800700593	0.9877023475811519
0.9949370974678723	0.9940565032245019	0.9917329147388291	0.9951999116060475	0.9913800163413357	0.9927303793441931	0.986158096999318	0.995157330148093	0.9937886340898331	0.9940128229710126	0.9945024939640658	0.9864830671108987	0.9955045074632428	0.9947928616356925	0.9935846551230034	0.9941113376988641	0.9944295029238785	0.9936407615987949	0.9852135191043552	0.9921624658900576	0.9915028305841463	0.9945753246429847	0.9934406066976458	0.9942830368764747	0.9856302497881894	0.9944538511328451	0.9941850320160988	0.9953186876892101	0.9906401800272713	1.0	0.9947205077712188	0.9893592484026834	0.9932644732257849	0.9898104515523836	0.9913658660291019	0.9922289156365457	0.9946963546885971	0.9938397142101056	0.9818805718049906
0.9929882139144733	0.997083255418119	0.9955545409708134	0.9938128581063722	0.995562255671193	0.9944895582715634	0.9946356057418124	0.9963811575770748	0.9962171621088397	0.9940203041546767	0.9935027963850442	0.9953541187192152	0.9969273858900426	0.9940788239238318	0.9962786661609413	0.9935384826658074	0.9939871966276193	0.9940674363109683	0.9951425957166292	0.9941081437648004	0.9929204205233899	0.9931449459449024	0.9931071220099575	0.9927977642193874	0.9943861426892678	0.9934559558173272	0.9933388458562018	0.9940693484651374	0.9935459124111252	0.9947205077712188	1.0	0.993807733510589	0.9934511903536185	0.9933811506563589	0.9939265694046122	0.9942680239780013	0.9936346880113734	0.9919735757104187	0.9928019933932516
0.9929862771034823	0.99113717499986	0.989983733825259	0.993409568247005	0.9894682304212816	0.988816869026435	0.988637942110268	0.9906412999008639	0.9903696554177753	0.9930470796451163	0.9930673223650677	0.9902231278822363	0.9914910954190495	0.9932288200453522	0.9901593726312929	0.9925369454424423	0.9928643359083922	0.9924957929212678	0.9886750415884584	0.9893013033409663	0.9895023530166975	0.9931279763586377	0.992680577507625	0.9929050329128541	0.9884645830166333	0.9937284824548379	0.9932086758671035	0.9941032478615509	0.9887268785851216	0.9893592484026834	0.993807733510589	1.0	0.993369487161767	0.9876954487807572	0.9879250577903225	0.9889342340907946	0.9937879385147709	0.9917882506336335	0.98588464016159
0.9932179065893487	0.9952282382235154	0.9955207899238422	0.9934677907582061	0.9939407020516937	0.9943838626124076	0.9944279566657881	0.9950438021138331	0.9945093233064571	0.9932503316070006	0.9933347539203806	0.9945999922211631	0.9953750276095901	0.9933858751707831	0.9941092414238455	0.9928242277721172	0.9932672619145788	0.9936188036786514	0.9940335510866846	0.9937449086001104	0.9923599514251376	0.9933847053915094	0.9928310496494749	0.9935009666236746	0.9941717825610343	0.993814490885092	0.9931844457532886	0.9944650004696102	0.9937946157961631	0.9932644732257849	0.9934511903536185	0.993369487161767	1.0	0.9930437892874683	0.9920545074516548	0.9926469101599912	0.9939128851892584	0.9918349269700488	0.9905160935064684
0.9938516492527161	0.9919096991926254	0.9913138130119058	0.9939876285334853	0.9906285330800981	0.9897555383376663	0.9907701311966222	0.9916330122949286	0.9912007165556577	0.9934994034123543	0.9940457349599707	0.9906018647962295	0.9926379891643495	0.9938516492527161	0.9914424212118432	0.9930836577601412	0.9936368333876344	0.9932228205036039	0.9904358446291186	0.9904694770824592	0.9902350788645208	0.9937346496940365	0.9935190712160238	0.9935976258369437	0.9902372047602188	0.994506954601899	0.9933416390410462	0.9946022395140321	0.9895992518097787	0.9898104515523836	0.9933811506563589	0.9876954487807572	0.9930437892874683	1.0	0.9888521615651512	0.988380314754205	0.9950558337609066	0.992923894936126	0.9877622392003561
0.9931904000455719	0.9962006581518988	0.9872812216161153	0.9937862633410884	0.9897296242736756	0.990755156094514	0.985774241595003	0.9945280609906219	0.9945093233064571	0.9927000542791847	0.9930469332318443	0.9869710950329714	0.9952450404877211	0.993361743574362	0.9942291293155502	0.9925544413236403	0.9931330879093516	0.9922023328531611	0.9852684648479212	0.9906006978314432	0.9920248629102437	0.9935888310774142	0.9926418859722024	0.993361743574362	0.9835111458973359	0.9932476131371759	0.9942886087020432	0.9944543790954293	0.9906006978314432	0.9913658660291019	0.9939265694046122	0.9879250577903225	0.9920545074516548	0.9888521615651512	1.0	0.9964929161167003	0.9945369544443964	0.9932761826498859	0.9829298811895715
0.9932826917634582	0.9930969614960043	0.9763742988828331	0.9944830636458546	0.9907828415801914	0.9916891661027457	0.9861585363105054	0.9936144032280807	0.9937242394830456	0.992947623336879	0.9927976083139721	0.9872881716174868	0.988807230382874	0.9933936318620787	0.9871377662050917	0.9923434389483	0.9927599980657508	0.9921906529096569	0.9862503489182801	0.9913767344745469	0.9924195681317416	0.9941599786673935	0.9926846490880579	0.9949090031083212	0.9842175158851888	0.9931341910020267	0.9950146385604893	0.9950146385604893	0.9910613207497244	0.9922289156365457	0.9942680239780013	0.9889342340907946	0.9926469101599912	0.988380314754205	0.9964929161167003	1.0	0.994051579933193	0.9943757182001682	0.9836766158882848
0.9938770718486076	0.9963599944969901	0.9963214914734886	0.9943442348754615	0.9949842569072235	0.9950545642943786	0.9945838152798762	0.9960794045578376	0.9963016971885436	0.9945618564756002	0.9943639098627768	0.9952841432420549	0.9963340342649779	0.9946132959683013	0.9955583980520816	0.9942046961993535	0.9944966830873432	0.9950302284468883	0.9949686193129281	0.9951206971652247	0.9935625271121201	0.9939763863886962	0.994646585507505	0.9943965185540371	0.9954634998284554	0.9940152793455362	0.9945113843254929	0.9943505548865619	0.9942677067136029	0.9946963546885971	0.9936346880113734	0.9937879385147709	0.9939128851892584	0.9950558337609066	0.9945369544443964	0.994051579933193	1.0	0.9940366036465922	0.9926475394949666
0.9915562726875553	0.9953595523314739	0.9945962846052192	0.9920592991214975	0.9936529266764454	0.9933079380820464	0.9927181787103553	0.9952422219169844	0.9948638756892013	0.9918493863997226	0.9917103151612502	0.9939743772954399	0.9956334840576826	0.9920418166637269	0.9941492522654397	0.9915984341424838	0.9918847017577185	0.9926134626683483	0.9930713264299699	0.9940246730235693	0.9914429649017026	0.9919907381803483	0.9923268589153976	0.9923660764921687	0.9936843411556009	0.9920250364198867	0.9922262782484561	0.9933356660934942	0.9925517800700593	0.9938397142101056	0.9919735757104187	0.9917882506336335	0.9918349269700488	0.992923894936126	0.9932761826498859	0.9943757182001682	0.9940366036465922	1.0	0.9905436032591383
0.9908719450000814	0.9858171894747293	0.9817748012350728	0.9914120308391059	0.9841386173530916	0.985341686205852	0.9813385342635657	0.9847933354545796	0.9848486097529349	0.991652219004852	0.9914120308391059	0.9821301433199463	0.9859872398612198	0.9918378328073817	0.9845675732124541	0.9906808092767533	0.9916787991559188	0.9907355324546523	0.9813059203263569	0.9823489731547991	0.989708170900634	0.9919434318206575	0.9926217269405357	0.9914388047754445	0.9821430562305791	0.992127422470446	0.9927505888209925	0.9927248565596607	0.9877023475811519	0.9818805718049906	0.9928019933932516	0.98588464016159	0.9905160935064684	0.9877622392003561	0.9829298811895715	0.9836766158882848	0.9926475394949666	0.9905436032591383	1.0
