/home/jshaw/scratch/2022_sketched_distance/references/SGB_genome_fastas_part3/4988/BackhedF_2015__SID42_4M__bin.11.fa	/home/jshaw/scratch/2022_sketched_distance/references/SGB_genome_fastas_part3/4988/CosteaPI_2017__SID713A062-11-90-0__bin.58.fa	/home/jshaw/scratch/2022_sketched_distance/references/SGB_genome_fastas_part3/4988/CosteaPI_2017__SID713A089-11-90-0__bin.48.fa	/home/jshaw/scratch/2022_sketched_distance/references/SGB_genome_fastas_part3/4988/CosteaPI_2017__SID713B026-11-0-0__bin.28.fa	/home/jshaw/scratch/2022_sketched_distance/references/SGB_genome_fastas_part3/4988/FengQ_2015__SID31137__bin.52.fa	/home/jshaw/scratch/2022_sketched_distance/references/SGB_genome_fastas_part3/4988/FengQ_2015__SID31873__bin.55.fa	/home/jshaw/scratch/2022_sketched_distance/references/SGB_genome_fastas_part3/4988/FengQ_2015__SID530227__bin.21.fa	/home/jshaw/scratch/2022_sketched_distance/references/SGB_genome_fastas_part3/4988/HMP_2012__SRS012273__bin.44.fa	/home/jshaw/scratch/2022_sketched_distance/references/SGB_genome_fastas_part3/4988/IjazUZ_2017__S32_a_WGS__bin.1.fa	/home/jshaw/scratch/2022_sketched_distance/references/SGB_genome_fastas_part3/4988/IjazUZ_2017__S33_a_WGS__bin.8.fa	/home/jshaw/scratch/2022_sketched_distance/references/SGB_genome_fastas_part3/4988/IjazUZ_2017__S34_a_WGS__bin.12.fa	/home/jshaw/scratch/2022_sketched_distance/references/SGB_genome_fastas_part3/4988/KarlssonFH_2013__S58__bin.29.fa	/home/jshaw/scratch/2022_sketched_distance/references/SGB_genome_fastas_part3/4988/LeChatelierE_2013__MH0101__bin.17.fa	/home/jshaw/scratch/2022_sketched_distance/references/SGB_genome_fastas_part3/4988/LiJ_2014__MH0336__bin.3.fa	/home/jshaw/scratch/2022_sketched_distance/references/SGB_genome_fastas_part3/4988/LiJ_2014__O2.UC47-1__bin.24.fa	/home/jshaw/scratch/2022_sketched_distance/references/SGB_genome_fastas_part3/4988/LiuW_2016__SRR3992973__bin.26.fa	/home/jshaw/scratch/2022_sketched_distance/references/SGB_genome_fastas_part3/4988/LiuW_2016__SRR3992987__bin.97.fa	/home/jshaw/scratch/2022_sketched_distance/references/SGB_genome_fastas_part3/4988/NielsenHB_2014__MH0101__bin.36.fa	/home/jshaw/scratch/2022_sketched_distance/references/SGB_genome_fastas_part3/4988/QinJ_2012__DLM022__bin.52.fa	/home/jshaw/scratch/2022_sketched_distance/references/SGB_genome_fastas_part3/4988/QinJ_2012__T2D-084__bin.22.fa	/home/jshaw/scratch/2022_sketched_distance/references/SGB_genome_fastas_part3/4988/VatanenT_2016__G69211__bin.2.fa	/home/jshaw/scratch/2022_sketched_distance/references/SGB_genome_fastas_part3/4988/VatanenT_2016__G78521__bin.10.fa	/home/jshaw/scratch/2022_sketched_distance/references/SGB_genome_fastas_part3/4988/VincentC_2016__MM034.2__bin.23.fa	/home/jshaw/scratch/2022_sketched_distance/references/SGB_genome_fastas_part3/4988/VincentC_2016__MM058.1__bin.1.fa	/home/jshaw/scratch/2022_sketched_distance/references/SGB_genome_fastas_part3/4988/VogtmannE_2016__MMRS44197125ST-27-0-0__bin.14.fa	/home/jshaw/scratch/2022_sketched_distance/references/SGB_genome_fastas_part3/4988/XieH_2016__YSZC12003_36695__bin.8.fa	/home/jshaw/scratch/2022_sketched_distance/references/SGB_genome_fastas_part3/4988/XieH_2016__YSZC12003_37199__bin.80.fa	/home/jshaw/scratch/2022_sketched_distance/references/SGB_genome_fastas_part3/4988/XieH_2016__YSZC12003_37296R1__bin.49.fa	/home/jshaw/scratch/2022_sketched_distance/references/SGB_genome_fastas_part3/4988/XieH_2016__YSZC12003_37652__bin.56.fa	/home/jshaw/scratch/2022_sketched_distance/references/SGB_genome_fastas_part3/4988/XieH_2016__YSZC12003_37880__bin.55.fa	/home/jshaw/scratch/2022_sketched_distance/references/SGB_genome_fastas_part3/4988/YuJ_2015__SZAXPI003424-12__bin.38.fa	/home/jshaw/scratch/2022_sketched_distance/references/SGB_genome_fastas_part3/4988/ZeeviD_2015__PNP_Main_319__bin.19.fa	/home/jshaw/scratch/2022_sketched_distance/references/SGB_genome_fastas_part3/4988/ZeeviD_2015__PNP_Main_381__bin.25.fa	/home/jshaw/scratch/2022_sketched_distance/references/SGB_genome_fastas_part3/4988/ZeeviD_2015__PNP_Main_448__bin.40.fa	/home/jshaw/scratch/2022_sketched_distance/references/SGB_genome_fastas_part3/4988/ZellerG_2014__CCIS44093303ST-4-0__bin.45.fa	/home/jshaw/scratch/2022_sketched_distance/references/SGB_genome_fastas_part3/4988/ZellerG_2014__CCIS58234805ST-4-0__bin.18.fa	/home/jshaw/scratch/2022_sketched_distance/references/SGB_genome_fastas_part3/4988/ZellerG_2014__CCMD45988061ST-21-0__bin.51.fa
1.0	0.9780063049693597	0.9753509440820187	0.9764102650144683	0.9775228446431897	0.9764565223717223	0.9779394574325196	0.9762748501868366	0.9891273889631685	0.9936700170835872	0.988077654451818	0.9747270654379608	0.976188875265918	0.9759797043268217	0.9760407492989669	0.9742249425631436	0.9686647243945806	0.9751074001368822	0.9782592487164586	0.9765113141153908	0.9766138134408566	0.9765767234187206	0.9706353366097474	0.9777604826439564	0.9775106873912338	0.9781670157313718	0.9768647559439554	0.9981656746460013	0.9759163447308982	0.9766079398208057	0.9986330519135492	0.9761166146815148	0.9762915271924074	0.9767529050567049	0.9751879878325392	0.9768763577289328	0.9692232249214583
0.9780063049693597	1.0	0.9794119353428932	0.9795865349543241	0.998197400043764	0.9830044083696751	0.9827725160410334	0.979884525307061	0.9691076323386464	0.9741334276342033	0.9678863308540236	0.9783584715973429	0.9802260530864211	0.979933295337009	0.9817040823403556	0.9790547464815577	0.9737624406757037	0.979292386251668	0.9984138519335483	0.9799948511838618	0.9792633478133138	0.9961126061628185	0.974492781266202	0.9814896018759194	0.9813272184037728	0.9825814077385228	0.9813983715067701	0.9772824379841881	0.9796638028401863	0.9802696719545771	0.9777757682363832	0.9798076847738911	0.9798957621441649	0.9792250698143242	0.9938602220840079	0.9794003925228916	0.9745409813727871
0.9753509440820187	0.9794119353428932	1.0	0.9895918492361035	0.9790205279636462	0.9815646105570333	0.9794187434794112	0.9902497253945873	0.9676465934342304	0.9728450389193862	0.9664034114084444	0.9885536021831642	0.9784860555441387	0.9900131411039887	0.9790959779255858	0.9840519546289235	0.9736746305133097	0.9778041673632085	0.9793515993220602	0.9900457746183982	0.9894827566345277	0.979063971012856	0.9853544737333021	0.9802540628934416	0.9797111142183569	0.9799965504875371	0.9808118072175399	0.9747869467175929	0.9898714478194536	0.991516559003143	0.9754126989990412	0.9898197693347885	0.9898963018302807	0.9890908733498329	0.9779239698483814	0.9892126446927407	0.973208096974113
0.9764102650144683	0.9795865349543241	0.9895918492361035	1.0	0.979009486892708	0.9834562316956268	0.9801316720588139	0.998232025351773	0.9694211021765226	0.9741541812214938	0.9678388503808857	0.9931796486431811	0.9786131529534877	0.9978703750248243	0.9798473541599659	0.9882637911742874	0.973229724548205	0.9776431560248628	0.9797851567443872	0.9982762449611867	0.9982760712082389	0.9785351165226742	0.9907897560856164	0.9805587288422734	0.9801353708825737	0.9809936685233251	0.9817523309623529	0.9771256074067683	0.9989226014398315	0.9940333228435934	0.9765868844995306	0.9984575800733599	0.9981214937896458	0.9987772759919412	0.9774977383438459	0.9984848250907016	0.9717994360738527
0.9775228446431897	0.998197400043764	0.9790205279636462	0.979009486892708	1.0	0.9827552224831585	0.9825056943712124	0.9794066553105668	0.9691023595058658	0.9738722535466487	0.9677922766898549	0.977919909085412	0.9799947183226643	0.9794796147585684	0.9814482968078344	0.978377211126493	0.9737420321061188	0.9791230079975825	0.9984114608262338	0.9794522320287478	0.9787775846703761	0.9962479812267525	0.9741123298349788	0.9812540444511365	0.9811539717351859	0.9823086304129635	0.9812735604523268	0.9771070406737826	0.9791722087416949	0.979696486966911	0.977417521911062	0.9792738392708286	0.979446315622484	0.9787704823520649	0.9941803328523421	0.9788369023209749	0.9743828385386457
0.9764565223717223	0.9830044083696751	0.9815646105570333	0.9834562316956268	0.9827552224831585	1.0	0.9821903813019316	0.9837411879995539	0.968136042762536	0.9730982034637669	0.9671671265661261	0.9816229417863614	0.9806943829317066	0.9834341074818352	0.9825907933072948	0.9817455558129191	0.9744124824001232	0.979883733262213	0.982987853948168	0.98370349836688	0.9831446623864128	0.9826793722883614	0.9785952874565021	0.9821109908972159	0.9814268358548559	0.9837890194117821	0.9821776054374336	0.9759090021064017	0.9834417887936955	0.9831177512373526	0.9765141170924604	0.9837164801180869	0.9834815403242088	0.9831605508107149	0.9821793154322629	0.9831116191822512	0.9742665156244406
0.9779394574325196	0.9827725160410334	0.9794187434794112	0.9801316720588139	0.9825056943712124	0.9821903813019316	1.0	0.9805136353854612	0.9691502051524344	0.973778269141642	0.9681940888989212	0.9790009358113064	0.995311120063165	0.980340350428809	0.981307413336331	0.9790911909405763	0.9765490244892844	0.9940822527933052	0.9830376147358547	0.980647598683076	0.9797964525396798	0.9816107842312357	0.9753873803474264	0.9966728790604568	0.9966663950990288	0.997032259686433	0.995642881699531	0.9771393341822807	0.9801023974116625	0.9803630858113369	0.9777134399177108	0.9803571221491505	0.9805374775813503	0.9799181915888546	0.9804074778974297	0.98007139403299	0.9879993809801865
0.9762748501868366	0.979884525307061	0.9902497253945873	0.998232025351773	0.9794066553105668	0.9837411879995539	0.9805136353854612	1.0	0.9679691178641157	0.9729054330666544	0.9665726415445469	0.9932620584188854	0.9790000876823485	0.998034939828365	0.9801956695926561	0.9886872480577134	0.9728893536432348	0.9781140031374013	0.9798427782278964	0.9987399740221996	0.9972882413823431	0.9792055924090416	0.9914883682832841	0.9808511914956861	0.9804225049887039	0.981136581569253	0.9819952567817278	0.9758620361819446	0.9980808747101698	0.9944646668210576	0.9762834252006188	0.9986161215668156	0.9984898348968121	0.9977084302691086	0.9779555680815271	0.9977549737492502	0.9723084934490077
0.9891273889631685	0.9691076323386464	0.9676465934342304	0.9694211021765226	0.9691023595058658	0.968136042762536	0.9691502051524344	0.9679691178641157	1.0	0.9873267545103006	0.9832503161130705	0.9671393498288989	0.9686221071724304	0.9679150260049701	0.968436906889463	0.9659718716765282	0.9634636657178914	0.9678575993760056	0.9694915361301797	0.9680302472207567	0.9694639547609744	0.968933651744722	0.9636115893436292	0.9692049502075384	0.968851988801512	0.9692381383596612	0.9691690207111973	0.9895343434789718	0.969341269506997	0.9677324863275165	0.988829463767473	0.9676014618898606	0.9676695030254109	0.9697317754982174	0.9679754321451074	0.9700767163756494	0.9633275289855006
0.9936700170835872	0.9741334276342033	0.9728450389193862	0.9741541812214938	0.9738722535466487	0.9730982034637669	0.973778269141642	0.9729054330666544	0.9873267545103006	1.0	0.9869544177978172	0.9720062254777484	0.9724046606695899	0.9727967419277865	0.9734206190880678	0.9715461980270305	0.9675684045508284	0.9715120475021702	0.974487940030056	0.9728922663684508	0.9742585565187436	0.9735876031350174	0.9684504816846118	0.9738457328180018	0.9735454778237043	0.9738618389579351	0.9734525688971224	0.9937734386083719	0.9740757226001657	0.9730662432062296	0.9934304856696728	0.972654850480199	0.9728345166196377	0.9744844921553872	0.9728886659366142	0.9747629154601475	0.9675617456937987
0.988077654451818	0.9678863308540236	0.9664034114084444	0.9678388503808857	0.9677922766898549	0.9671671265661261	0.9681940888989212	0.9665726415445469	0.9832503161130705	0.9869544177978172	1.0	0.9656252915087425	0.9672497392716377	0.9665522572654112	0.9668887727118303	0.965064433195226	0.9631653646207515	0.9668556168806455	0.9682921223282464	0.9665766480279442	0.9676585602255844	0.9673756284525712	0.9634700341687096	0.9682974670743615	0.967984931303532	0.9683497153528061	0.9679765799888872	0.988257524841855	0.9676102530296501	0.9666563686602013	0.9878969534766633	0.9662150648194153	0.9663269889696972	0.9681528108315485	0.9672374856705831	0.9684696767170626	0.9624101461842288
0.9747270654379608	0.9783584715973429	0.9885536021831642	0.9931796486431811	0.977919909085412	0.9816229417863614	0.9790009358113064	0.9932620584188854	0.9671393498288989	0.9720062254777484	0.9656252915087425	1.0	0.9780777293635959	0.9929534240375322	0.9785609235230621	0.9854196220684555	0.9710701029944411	0.9772730947393147	0.978352024290773	0.9932111757682819	0.9926810800863651	0.977322996895363	0.987070874690442	0.9795563251430502	0.9789869431120133	0.9794531367828434	0.9802539712834741	0.9743990909177225	0.9928504284306149	0.9950167641919752	0.9745407332542728	0.9929132181161868	0.9928661261558983	0.9926353991959429	0.9766458950546496	0.9926560232178762	0.9717192587908312
0.976188875265918	0.9802260530864211	0.9784860555441387	0.9786131529534877	0.9799947183226643	0.9806943829317066	0.995311120063165	0.9790000876823485	0.9686221071724304	0.9724046606695899	0.9672497392716377	0.9780777293635959	1.0	0.9792348094379961	0.979724844445529	0.9778572960373694	0.9759908932975935	0.9976589721969465	0.9804739982534804	0.9790582497680209	0.9783523764426402	0.9794777892168852	0.974453206846577	0.9963518853933306	0.9965950757599104	0.99631157499843	0.9938158456284865	0.9752762571388396	0.9786482000134459	0.97917151363076	0.9761076036616412	0.9789074303718189	0.978945752296968	0.9783414671296579	0.9783036588924567	0.9786090389986175	0.9865941647572936
0.9759797043268217	0.979933295337009	0.9900131411039887	0.9978703750248243	0.9794796147585684	0.9834341074818352	0.980340350428809	0.998034939828365	0.9679150260049701	0.9727967419277865	0.9665522572654112	0.9929534240375322	0.9792348094379961	1.0	0.9802013245966839	0.9887301974661696	0.9730369876573056	0.9781616060518776	0.9799168013719078	0.9986239062524008	0.9970177313280193	0.9788726483014624	0.9909709110242961	0.9808895545654358	0.9805023622955296	0.9811396914573491	0.9820030612490037	0.97539406885038	0.9977672670929183	0.9940850637659048	0.9759660536056003	0.9983138936373086	0.9984645653853842	0.997074328549579	0.9779599418961658	0.9970952840266	0.9727318659527634
0.9760407492989669	0.9817040823403556	0.9790959779255858	0.9798473541599659	0.9814482968078344	0.9825907933072948	0.981307413336331	0.9801956695926561	0.968436906889463	0.9734206190880678	0.9668887727118303	0.9785609235230621	0.979724844445529	0.9802013245966839	1.0	0.9795226914183113	0.9738871883274148	0.9790277292625591	0.9819043284038854	0.9803196181724442	0.9797761862691258	0.9810369857216144	0.9758085818184833	0.9812800545901419	0.9809506615423573	0.9818437845772936	0.9811352978334541	0.9759507318857061	0.9799206741790129	0.9801490230768767	0.9760274782341621	0.9800774912362078	0.9801536966834801	0.9792727755598994	0.9800926800009556	0.9795752206427533	0.9746630927405894
0.9742249425631436	0.9790547464815577	0.9840519546289235	0.9882637911742874	0.978377211126493	0.9817455558129191	0.9790911909405763	0.9886872480577134	0.9659718716765282	0.9715461980270305	0.965064433195226	0.9854196220684555	0.9778572960373694	0.9887301974661696	0.9795226914183113	1.0	0.9738106906756725	0.9767365372145775	0.9788265495436019	0.9889892636426261	0.98810012231764	0.9782663957691824	0.9844645907599584	0.9794949550569881	0.9790248173384509	0.9797319607933287	0.9796806916161575	0.973533875530897	0.9883214568795714	0.9863724035075313	0.9743439578040425	0.9887221310524236	0.9887982732456787	0.9877015807846757	0.9779114108031737	0.9881106133697056	0.973429903475035
0.9686647243945806	0.9737624406757037	0.9736746305133097	0.973229724548205	0.9737420321061188	0.9744124824001232	0.9765490244892844	0.9728893536432348	0.9634636657178914	0.9675684045508284	0.9631653646207515	0.9710701029944411	0.9759908932975935	0.9730369876573056	0.9738871883274148	0.9738106906756725	1.0	0.9748653792271667	0.9739224892833904	0.9729139653441963	0.9733166790388215	0.9739661410201439	0.9719953274464829	0.9768995569109986	0.9769012908643442	0.9776251542651893	0.9770688668099604	0.9689645121723226	0.9734073698528399	0.9729527186598715	0.9688659403508204	0.9728670479684899	0.9728745728943379	0.9730944515628746	0.9747620286282463	0.9732460860294966	0.9743108504054913
0.9751074001368822	0.979292386251668	0.9778041673632085	0.9776431560248628	0.9791230079975825	0.979883733262213	0.9940822527933052	0.9781140031374013	0.9678575993760056	0.9715120475021702	0.9668556168806455	0.9772730947393147	0.9976589721969465	0.9781616060518776	0.9790277292625591	0.9767365372145775	0.9748653792271667	1.0	0.9797170993488902	0.9781663364864559	0.9773600172063373	0.9787213606974978	0.9735154043641164	0.9950089640834241	0.9954312517949053	0.9953509862972703	0.9926777640628592	0.9742828738778441	0.9777824766637355	0.9782020358343289	0.9750721316015153	0.9779598803738125	0.9780340855464021	0.9774013678414311	0.9774814095687817	0.9776837524172354	0.9860287960757419
0.9782592487164586	0.9984138519335483	0.9793515993220602	0.9797851567443872	0.9984114608262338	0.982987853948168	0.9830376147358547	0.9798427782278964	0.9694915361301797	0.974487940030056	0.9682921223282464	0.978352024290773	0.9804739982534804	0.9799168013719078	0.9819043284038854	0.9788265495436019	0.9739224892833904	0.9797170993488902	1.0	0.9799627034291053	0.9792230465933011	0.9964297983334488	0.974447676069439	0.981771697931296	0.9816586236008615	0.9828720584544616	0.9816523564349738	0.9774997462523589	0.979611162680637	0.980223601615055	0.9781195318602661	0.9797488696248992	0.9798960169779218	0.9794464793218065	0.9940458051305123	0.9793356301070608	0.9749575645646628
0.9765113141153908	0.9799948511838618	0.9900457746183982	0.9982762449611867	0.9794522320287478	0.98370349836688	0.980647598683076	0.9987399740221996	0.9680302472207567	0.9728922663684508	0.9665766480279442	0.9932111757682819	0.9790582497680209	0.9986239062524008	0.9803196181724442	0.9889892636426261	0.9729139653441963	0.9781663364864559	0.9799627034291053	1.0	0.997433438678119	0.9789222311328014	0.9912490737648322	0.9810097964517615	0.9804668894736986	0.9812526023902095	0.9820936735588587	0.9756598379170388	0.9980485461798819	0.9944743392100147	0.976457192311369	0.999138402496933	0.9991185591514348	0.9977245518185182	0.9778810857182293	0.9979571795772151	0.9724900939275554
0.9766138134408566	0.9792633478133138	0.9894827566345277	0.9982760712082389	0.9787775846703761	0.9831446623864128	0.9797964525396798	0.9972882413823431	0.9694639547609744	0.9742585565187436	0.9676585602255844	0.9926810800863651	0.9783523764426402	0.9970177313280193	0.9797761862691258	0.98810012231764	0.9733166790388215	0.9773600172063373	0.9792230465933011	0.997433438678119	1.0	0.9783220454828059	0.9905750129362442	0.9802017359787997	0.9796054090673985	0.9804282571859273	0.981419645482384	0.977548148640709	0.9980909475581211	0.9934656601785411	0.9759874955281262	0.997638446744681	0.9973272616563758	0.9977027054366724	0.9773045312912918	0.9975317656325037	0.9717677152949944
0.9765767234187206	0.9961126061628185	0.979063971012856	0.9785351165226742	0.9962479812267525	0.9826793722883614	0.9816107842312357	0.9792055924090416	0.968933651744722	0.9735876031350174	0.9673756284525712	0.977322996895363	0.9794777892168852	0.9788726483014624	0.9810369857216144	0.9782663957691824	0.9739661410201439	0.9787213606974978	0.9964297983334488	0.9789222311328014	0.9783220454828059	1.0	0.974665847610675	0.9805920242410394	0.9802803640033045	0.9817017805856372	0.9807424710177581	0.9759843827653054	0.9787602564442832	0.9790066133934311	0.9766373108864026	0.9785490497099443	0.9787122439550505	0.9782023994281073	0.9935243554460003	0.9784100887534121	0.974581583060987
0.9706353366097474	0.974492781266202	0.9853544737333021	0.9907897560856164	0.9741123298349788	0.9785952874565021	0.9753873803474264	0.9914883682832841	0.9636115893436292	0.9684504816846118	0.9634700341687096	0.987070874690442	0.974453206846577	0.9909709110242961	0.9758085818184833	0.9844645907599584	0.9719953274464829	0.9735154043641164	0.974447676069439	0.9912490737648322	0.9905750129362442	0.974665847610675	1.0	0.9761636377064475	0.9756861324076114	0.9761051616001868	0.9772656214255964	0.970047577645339	0.9907556513300664	0.9876797540265341	0.970624318195845	0.990945755124595	0.9909760075484707	0.9902411921119444	0.9746796099035299	0.9907847133726266	0.9712353403215535
0.9777604826439564	0.9814896018759194	0.9802540628934416	0.9805587288422734	0.9812540444511365	0.9821109908972159	0.9966728790604568	0.9808511914956861	0.9692049502075384	0.9738457328180018	0.9682974670743615	0.9795563251430502	0.9963518853933306	0.9808895545654358	0.9812800545901419	0.9794949550569881	0.9768995569109986	0.9950089640834241	0.981771697931296	0.9810097964517615	0.9802017359787997	0.9805920242410394	0.9761636377064475	1.0	0.9975611395671758	0.9969376895520129	0.9947317796406941	0.9767864021390393	0.9805311304024485	0.9811423005395838	0.9775651907998926	0.98075667606332	0.9808401904981943	0.9802931458870539	0.9794510405778157	0.9804703797072076	0.987480090766759
0.9775106873912338	0.9813272184037728	0.9797111142183569	0.9801353708825737	0.9811539717351859	0.9814268358548559	0.9966663950990288	0.9804225049887039	0.968851988801512	0.9735454778237043	0.967984931303532	0.9789869431120133	0.9965950757599104	0.9805023622955296	0.9809506615423573	0.9790248173384509	0.9769012908643442	0.9954312517949053	0.9816586236008615	0.9804668894736986	0.9796054090673985	0.9802803640033045	0.9756861324076114	0.9975611395671758	1.0	0.9971945537660462	0.9948246910555346	0.9766182476974503	0.9801141427768018	0.9805897773510316	0.977467535298348	0.9802974969101885	0.9803805235819626	0.9798255737517376	0.9792671845675771	0.9800484976924081	0.9875186121245982
0.9781670157313718	0.9825814077385228	0.9799965504875371	0.9809936685233251	0.9823086304129635	0.9837890194117821	0.997032259686433	0.981136581569253	0.9692381383596612	0.9738618389579351	0.9683497153528061	0.9794531367828434	0.99631157499843	0.9811396914573491	0.9818437845772936	0.9797319607933287	0.9776251542651893	0.9953509862972703	0.9828720584544616	0.9812526023902095	0.9804282571859273	0.9817017805856372	0.9761051616001868	0.9969376895520129	0.9971945537660462	1.0	0.9949508761317302	0.9775306236457004	0.9809599480372998	0.9812218686234251	0.9783643685645812	0.9810807287907586	0.981188937852459	0.9806393892254363	0.9803265882218588	0.9808874456319778	0.9871838886506192
0.9768647559439554	0.9813983715067701	0.9808118072175399	0.9817523309623529	0.9812735604523268	0.9821776054374336	0.995642881699531	0.9819952567817278	0.9691690207111973	0.9734525688971224	0.9679765799888872	0.9802539712834741	0.9938158456284865	0.9820030612490037	0.9811352978334541	0.9796806916161575	0.9770688668099604	0.9926777640628592	0.9816523564349738	0.9820936735588587	0.981419645482384	0.9807424710177581	0.9772656214255964	0.9947317796406941	0.9948246910555346	0.9949508761317302	1.0	0.9762955992970768	0.9818442193873979	0.9815846895177776	0.9768797436640014	0.9819872697295222	0.9821385356531916	0.9814360210022152	0.9799271578468328	0.9816814184404413	0.9873725952437283
0.9981656746460013	0.9772824379841881	0.9747869467175929	0.9771256074067683	0.9771070406737826	0.9759090021064017	0.9771393341822807	0.9758620361819446	0.9895343434789718	0.9937734386083719	0.988257524841855	0.9743990909177225	0.9752762571388396	0.97539406885038	0.9759507318857061	0.973533875530897	0.9689645121723226	0.9742828738778441	0.9774997462523589	0.9756598379170388	0.977548148640709	0.9759843827653054	0.970047577645339	0.9767864021390393	0.9766182476974503	0.9775306236457004	0.9762955992970768	1.0	0.9769540706400475	0.975943995951581	0.9973653148055103	0.9757799984828558	0.9755132768736374	0.9775036719238479	0.9747458814011575	0.9776028178275052	0.9686632094530576
0.9759163447308982	0.9796638028401863	0.9898714478194536	0.9989226014398315	0.9791722087416949	0.9834417887936955	0.9801023974116625	0.9980808747101698	0.969341269506997	0.9740757226001657	0.9676102530296501	0.9928504284306149	0.9786482000134459	0.9977672670929183	0.9799206741790129	0.9883214568795714	0.9734073698528399	0.9777824766637355	0.979611162680637	0.9980485461798819	0.9980909475581211	0.9787602564442832	0.9907556513300664	0.9805311304024485	0.9801141427768018	0.9809599480372998	0.9818442193873979	0.9769540706400475	1.0	0.993876463481327	0.9761570463650666	0.9984893448046815	0.99826218010477	0.9986132800498086	0.9775513474094384	0.9981408986476386	0.9720001381259775
0.9766079398208057	0.9802696719545771	0.991516559003143	0.9940333228435934	0.979696486966911	0.9831177512373526	0.9803630858113369	0.9944646668210576	0.9677324863275165	0.9730662432062296	0.9666563686602013	0.9950167641919752	0.97917151363076	0.9940850637659048	0.9801490230768767	0.9863724035075313	0.9729527186598715	0.9782020358343289	0.980223601615055	0.9944743392100147	0.9934656601785411	0.9790066133934311	0.9876797540265341	0.9811423005395838	0.9805897773510316	0.9812218686234251	0.9815846895177776	0.975943995951581	0.993876463481327	1.0	0.9764704238423024	0.9942357742529947	0.9943366047321948	0.9934109981137803	0.977985990424504	0.9939480449813543	0.9724195693337967
0.9986330519135492	0.9777757682363832	0.9754126989990412	0.9765868844995306	0.977417521911062	0.9765141170924604	0.9777134399177108	0.9762834252006188	0.988829463767473	0.9934304856696728	0.9878969534766633	0.9745407332542728	0.9761076036616412	0.9759660536056003	0.9760274782341621	0.9743439578040425	0.9688659403508204	0.9750721316015153	0.9781195318602661	0.976457192311369	0.9759874955281262	0.9766373108864026	0.970624318195845	0.9775651907998926	0.977467535298348	0.9783643685645812	0.9768797436640014	0.9973653148055103	0.9761570463650666	0.9764704238423024	1.0	0.9760582572534164	0.9763281100668725	0.9769665170409989	0.9753038914376702	0.9770483214982186	0.9692793542575241
0.9761166146815148	0.9798076847738911	0.9898197693347885	0.9984575800733599	0.9792738392708286	0.9837164801180869	0.9803571221491505	0.9986161215668156	0.9676014618898606	0.972654850480199	0.9662150648194153	0.9929132181161868	0.9789074303718189	0.9983138936373086	0.9800774912362078	0.9887221310524236	0.9728670479684899	0.9779598803738125	0.9797488696248992	0.999138402496933	0.997638446744681	0.9785490497099443	0.990945755124595	0.98075667606332	0.9802974969101885	0.9810807287907586	0.9819872697295222	0.9757799984828558	0.9984893448046815	0.9942357742529947	0.9760582572534164	1.0	0.9991773783142635	0.9981684848537712	0.977599752722678	0.9979915354657681	0.9720596921726558
0.9762915271924074	0.9798957621441649	0.9898963018302807	0.9981214937896458	0.979446315622484	0.9834815403242088	0.9805374775813503	0.9984898348968121	0.9676695030254109	0.9728345166196377	0.9663269889696972	0.9928661261558983	0.978945752296968	0.9984645653853842	0.9801536966834801	0.9887982732456787	0.9728745728943379	0.9780340855464021	0.9798960169779218	0.9991185591514348	0.9973272616563758	0.9787122439550505	0.9909760075484707	0.9808401904981943	0.9803805235819626	0.981188937852459	0.9821385356531916	0.9755132768736374	0.99826218010477	0.9943366047321948	0.9763281100668725	0.9991773783142635	1.0	0.997763168950256	0.9777747787831776	0.9978249867677029	0.9721807986130424
0.9767529050567049	0.9792250698143242	0.9890908733498329	0.9987772759919412	0.9787704823520649	0.9831605508107149	0.9799181915888546	0.9977084302691086	0.9697317754982174	0.9744844921553872	0.9681528108315485	0.9926353991959429	0.9783414671296579	0.997074328549579	0.9792727755598994	0.9877015807846757	0.9730944515628746	0.9774013678414311	0.9794464793218065	0.9977245518185182	0.9977027054366724	0.9782023994281073	0.9902411921119444	0.9802931458870539	0.9798255737517376	0.9806393892254363	0.9814360210022152	0.9775036719238479	0.9986132800498086	0.9934109981137803	0.9769665170409989	0.9981684848537712	0.997763168950256	1.0	0.9771474892506599	0.9986573469954774	0.9715394022553113
0.9751879878325392	0.9938602220840079	0.9779239698483814	0.9774977383438459	0.9941803328523421	0.9821793154322629	0.9804074778974297	0.9779555680815271	0.9679754321451074	0.9728886659366142	0.9672374856705831	0.9766458950546496	0.9783036588924567	0.9779599418961658	0.9800926800009556	0.9779114108031737	0.9747620286282463	0.9774814095687817	0.9940458051305123	0.9778810857182293	0.9773045312912918	0.9935243554460003	0.9746796099035299	0.9794510405778157	0.9792671845675771	0.9803265882218588	0.9799271578468328	0.9747458814011575	0.9775513474094384	0.977985990424504	0.9753038914376702	0.977599752722678	0.9777747787831776	0.9771474892506599	1.0	0.9774767953980833	0.9752283623236228
0.9768763577289328	0.9794003925228916	0.9892126446927407	0.9984848250907016	0.9788369023209749	0.9831116191822512	0.98007139403299	0.9977549737492502	0.9700767163756494	0.9747629154601475	0.9684696767170626	0.9926560232178762	0.9786090389986175	0.9970952840266	0.9795752206427533	0.9881106133697056	0.9732460860294966	0.9776837524172354	0.9793356301070608	0.9979571795772151	0.9975317656325037	0.9784100887534121	0.9907847133726266	0.9804703797072076	0.9800484976924081	0.9808874456319778	0.9816814184404413	0.9776028178275052	0.9981408986476386	0.9939480449813543	0.9770483214982186	0.9979915354657681	0.9978249867677029	0.9986573469954774	0.9774767953980833	1.0	0.9718598300985606
0.9692232249214583	0.9745409813727871	0.973208096974113	0.9717994360738527	0.9743828385386457	0.9742665156244406	0.9879993809801865	0.9723084934490077	0.9633275289855006	0.9675617456937987	0.9624101461842288	0.9717192587908312	0.9865941647572936	0.9727318659527634	0.9746630927405894	0.973429903475035	0.9743108504054913	0.9860287960757419	0.9749575645646628	0.9724900939275554	0.9717677152949944	0.974581583060987	0.9712353403215535	0.987480090766759	0.9875186121245982	0.9871838886506192	0.9873725952437283	0.9686632094530576	0.9720001381259775	0.9724195693337967	0.9692793542575241	0.9720596921726558	0.9721807986130424	0.9715394022553113	0.9752283623236228	0.9718598300985606	1.0
