/home/jshaw/scratch/2022_sketched_distance/references/SGB_genome_fastas_part5/15313/BackhedF_2015__SID546_12M__bin.13.fa	/home/jshaw/scratch/2022_sketched_distance/references/SGB_genome_fastas_part5/15313/BackhedF_2015__SID590_12M__bin.7.fa	/home/jshaw/scratch/2022_sketched_distance/references/SGB_genome_fastas_part5/15313/CosteaPI_2017__SID713B029-11-0-0__bin.8.fa	/home/jshaw/scratch/2022_sketched_distance/references/SGB_genome_fastas_part5/15313/CosteaPI_2017__SID713B029-11-90-0__bin.52.fa	/home/jshaw/scratch/2022_sketched_distance/references/SGB_genome_fastas_part5/15313/FengQ_2015__SID31137__bin.30.fa	/home/jshaw/scratch/2022_sketched_distance/references/SGB_genome_fastas_part5/15313/KarlssonFH_2013__S317__bin.12.fa	/home/jshaw/scratch/2022_sketched_distance/references/SGB_genome_fastas_part5/15313/LeChatelierE_2013__MH0088__bin.22.fa	/home/jshaw/scratch/2022_sketched_distance/references/SGB_genome_fastas_part5/15313/LeChatelierE_2013__MH0212__bin.11.fa	/home/jshaw/scratch/2022_sketched_distance/references/SGB_genome_fastas_part5/15313/LiJ_2014__V1.FI13__bin.43.fa	/home/jshaw/scratch/2022_sketched_distance/references/SGB_genome_fastas_part5/15313/LiJ_2017__H1M513606__bin.21.fa	/home/jshaw/scratch/2022_sketched_distance/references/SGB_genome_fastas_part5/15313/LiJ_2017__H1M513747__bin.9.fa	/home/jshaw/scratch/2022_sketched_distance/references/SGB_genome_fastas_part5/15313/LoombaR_2017__SID5571_lgi__bin.7.fa	/home/jshaw/scratch/2022_sketched_distance/references/SGB_genome_fastas_part5/15313/LouisS_2016__AS51_12__bin.20.fa	/home/jshaw/scratch/2022_sketched_distance/references/SGB_genome_fastas_part5/15313/LouisS_2016__AS51_18__bin.30.fa	/home/jshaw/scratch/2022_sketched_distance/references/SGB_genome_fastas_part5/15313/LouisS_2016__AS51_24__bin.10.fa	/home/jshaw/scratch/2022_sketched_distance/references/SGB_genome_fastas_part5/15313/LouisS_2016__AS51_3__bin.10.fa	/home/jshaw/scratch/2022_sketched_distance/references/SGB_genome_fastas_part5/15313/LouisS_2016__AS51_6__bin.8.fa	/home/jshaw/scratch/2022_sketched_distance/references/SGB_genome_fastas_part5/15313/Obregon-TitoAJ_2015__NO01__bin.16.fa	/home/jshaw/scratch/2022_sketched_distance/references/SGB_genome_fastas_part5/15313/VogtmannE_2016__MMRS40913371ST-27-0-0__bin.37.fa	/home/jshaw/scratch/2022_sketched_distance/references/SGB_genome_fastas_part5/15313/VogtmannE_2016__MMRS42780924ST-27-0-0__bin.86.fa	/home/jshaw/scratch/2022_sketched_distance/references/SGB_genome_fastas_part5/15313/VogtmannE_2016__MMRS57569834ST-27-0-0__bin.18.fa	/home/jshaw/scratch/2022_sketched_distance/references/SGB_genome_fastas_part5/15313/VogtmannE_2016__MMRS59699117ST-27-0-0__bin.34.fa	/home/jshaw/scratch/2022_sketched_distance/references/SGB_genome_fastas_part5/15313/VogtmannE_2016__MMRS62376181ST-27-0-0__bin.39.fa	/home/jshaw/scratch/2022_sketched_distance/references/SGB_genome_fastas_part5/15313/VogtmannE_2016__MMRS64281211ST-27-0-0__bin.48.fa	/home/jshaw/scratch/2022_sketched_distance/references/SGB_genome_fastas_part5/15313/VogtmannE_2016__MMRS99045180ST-27-0-0__bin.36.fa	/home/jshaw/scratch/2022_sketched_distance/references/SGB_genome_fastas_part5/15313/XieH_2016__YSZC12003_35704__bin.28.fa	/home/jshaw/scratch/2022_sketched_distance/references/SGB_genome_fastas_part5/15313/XieH_2016__YSZC12003_37283__bin.60.fa
1.0	0.9894931086708267	0.9862032220849154	0.9882401199653583	0.9857132308316738	0.9857885421647717	0.9872461273491195	0.9896817188179827	0.9858637120420788	0.9851205807575213	0.9846802573327411	0.9860396025366913	0.9872174483380383	0.9878199332593816	0.9852407219275581	0.9851525099465165	0.9879936010469403	0.9900789706309282	0.9874949567855772	0.9896346672872336	0.9890407886077995	0.9861802523811046	0.9893034137715699	0.9883871505946762	0.9893034137715699	0.9853491065544466	0.9850313055565202
0.9894931086708267	1.0	0.9898940263788837	0.9864434652476839	0.9882740992026733	0.9904244568578693	0.9881097776720742	0.9890593147223582	0.9888156758234381	0.9888746513997764	0.9883307434011294	0.989524762556052	0.9875248849325374	0.9877928922016999	0.9883399753352952	0.9870383181614409	0.988998233105713	0.9882503789866248	0.985165927449136	0.9878883006053253	0.9889852950100515	0.9899174727340009	0.9879738543329873	0.9900881243534249	0.9882291900840662	0.988710838495048	0.9875900347650092
0.9862032220849154	0.9898940263788837	1.0	0.9976999660819148	0.9802840499037367	0.9890782598171216	0.9769277356365295	0.9906609655961952	0.9828311909064745	0.9822905053829629	0.9855967862857533	0.9857325202546455	0.9890476552520007	0.9889249520855531	0.9802136432175463	0.9860023176276586	0.9897444726949305	0.9909801525299896	0.9872867778313441	0.9889249520855531	0.9889863607577548	0.989864169823359	0.9908934070152822	0.9892612930285922	0.9900726006308304	0.9816036057539451	0.9613051807257473
0.9882401199653583	0.9864434652476839	0.9976999660819148	1.0	0.9874041189492712	0.9887806496795681	0.9877424124127837	0.9880229038260064	0.9873873796477658	0.9871192408718871	0.9871837462134864	0.9872690312080272	0.9864701413059209	0.9860180242647355	0.9868431323699358	0.987282333771726	0.9881164549586772	0.988166622130559	0.985755909675351	0.9868939755672959	0.9877373678822889	0.9885406151128074	0.9876022012495146	0.9886957922257269	0.9867145112731371	0.9871064599779046	0.9854460832921779
0.9857132308316738	0.9882740992026733	0.9802840499037367	0.9874041189492712	1.0	0.9848547215399921	0.980897365828093	0.9888660299977307	0.9831546055618272	0.9795130451213171	0.9860344697447138	0.9846052531115295	0.9870185751733597	0.987442426065885	0.9792191597027224	0.9847717758811362	0.9884230817753422	0.9891943780056907	0.9863921499522221	0.9881619184408623	0.9875189068109816	0.9837597219059369	0.988086918450437	0.9883486747044379	0.9890852916205511	0.978773309617696	0.9644034072018272
0.9857885421647717	0.9904244568578693	0.9890782598171216	0.9887806496795681	0.9848547215399921	1.0	0.9820785003740974	0.9899842068989999	0.9850902048382288	0.9865011129972471	0.9855076648973646	0.9851959005145665	0.9882139835507063	0.9881619818561517	0.9851035922781015	0.9858723392671175	0.9892371465147973	0.9905214979079573	0.9871848344800096	0.9900579909082527	0.988958928129668	0.989809414834599	0.9904730130361898	0.9890350390090744	0.9890350390090744	0.9854551227670884	0.9782756704584777
0.9872461273491195	0.9881097776720742	0.9769277356365295	0.9877424124127837	0.980897365828093	0.9820785003740974	1.0	0.9885632963181769	0.980118691936324	0.9765772584105035	0.9853815930481199	0.9851159094312247	0.9863270760714177	0.9869321052366762	0.9774356825896828	0.9846795353035855	0.987402021755473	0.9893055612862598	0.9873085737543401	0.9893642267969537	0.9893349070868923	0.9788918563689816	0.9885632963181769	0.9869005375490478	0.9892761893478045	0.9780437781722909	0.9797798373182108
0.9896817188179827	0.9890593147223582	0.9906609655961952	0.9880229038260064	0.9888660299977307	0.9899842068989999	0.9885632963181769	1.0	0.9893700984847763	0.9884853130683495	0.9876873576376729	0.9894020473940766	0.9882097254581709	0.9880165274614242	0.9887422606271535	0.987884573441	0.9898135371771093	0.9894607239532766	0.9864964654683727	0.9889101864796551	0.9883937055962314	0.9893736086623325	0.9897117512221577	0.9900433938067207	0.9886744703969651	0.9888065727602937	0.9873477991043322
0.9858637120420788	0.9888156758234381	0.9828311909064745	0.9873873796477658	0.9831546055618272	0.9850902048382288	0.980118691936324	0.9893700984847763	1.0	0.9842412471410796	0.9858637120420788	0.9847756277209903	0.9879661519651373	0.9883369714794389	0.9823829234731697	0.9863794852374859	0.9892047483871041	0.9896438529900129	0.9858331189066873	0.9893150738556886	0.9875039509981485	0.9816262721815628	0.9890663204136633	0.9883369714794389	0.9890663204136633	0.9812846157791247	0.9762922945633569
0.9851205807575213	0.9888746513997764	0.9822905053829629	0.9871192408718871	0.9795130451213171	0.9865011129972471	0.9765772584105035	0.9884853130683495	0.9842412471410796	1.0	0.9862924614228258	0.9844632990879286	0.9881243325733443	0.9882889051267503	0.9793221840881663	0.9853367827494633	0.9885505230599191	0.9887777471653291	0.9861876369619117	0.988712985697782	0.9870511307761963	0.9831846515113993	0.9885505230599191	0.9878260137028357	0.9881902602944851	0.9788877339036041	0.9687267714521274
0.9846802573327411	0.9883307434011294	0.9855967862857533	0.9871837462134864	0.9860344697447138	0.9855076648973646	0.9853815930481199	0.9876873576376729	0.9858637120420788	0.9862924614228258	1.0	0.9847623934162818	0.9862573518507363	0.9869034392630678	0.9851035922781015	0.9843223381751062	0.9871329586145026	0.9888896033773604	0.9862573518507363	0.9885262063238045	0.987812065796415	0.9850742478539488	0.9882079875432163	0.9865431953392567	0.9880847725090939	0.9844156718099407	0.9819136933190904
0.9860396025366913	0.989524762556052	0.9857325202546455	0.9872690312080272	0.9846052531115295	0.9851959005145665	0.9851159094312247	0.9894020473940766	0.9847756277209903	0.9844632990879286	0.9847623934162818	1.0	0.9871112529667263	0.9875563412667755	0.9844092185255421	0.9845920778247704	0.9875823364338197	0.9901796501597463	0.9876083110896963	0.9896226070211358	0.9885552481151806	0.9864210569364278	0.9890311379996624	0.9881490983205155	0.98976883171176	0.9844156718099407	0.9821424186755151
0.9872174483380383	0.9875248849325374	0.9890476552520007	0.9864701413059209	0.9870185751733597	0.9882139835507063	0.9863270760714177	0.9882097254581709	0.9879661519651373	0.9881243325733443	0.9862573518507363	0.9871112529667263	1.0	0.9971252941435237	0.99704788558854	0.995711220148694	0.9972130770813968	0.9891232290925498	0.9856012908811074	0.987823399496457	0.9870134559702359	0.9881445601000439	0.9877776499795524	0.9883206424696743	0.9879147082799917	0.9873404992778115	0.9837002753958641
0.9878199332593816	0.9877928922016999	0.9889249520855531	0.9860180242647355	0.987442426065885	0.9881619818561517	0.9869321052366762	0.9880165274614242	0.9883369714794389	0.9882889051267503	0.9869034392630678	0.9875563412667755	0.9971252941435237	1.0	0.9979683219865388	0.9960485936365531	0.997473162236849	0.98893956105064	0.9857086865732518	0.9878377409215681	0.9870209639147536	0.9884561460713176	0.9877255043727066	0.9887889161302094	0.9879272555235176	0.9883250957755493	0.98529115487293
0.9852407219275581	0.9883399753352952	0.9802136432175463	0.9868431323699358	0.9792191597027224	0.9851035922781015	0.9774356825896828	0.9887422606271535	0.9823829234731697	0.9793221840881663	0.9851035922781015	0.9844092185255421	0.99704788558854	0.9979683219865388	1.0	0.9949233178982562	0.9968799472107865	0.9898015516105151	0.9859514080606795	0.9884642793506339	0.9872961617409375	0.9820452542899886	0.9882464385659753	0.9871027695841204	0.9886190027981335	0.9783081992500475	0.9720765961059072
0.9851525099465165	0.9870383181614409	0.9860023176276586	0.987282333771726	0.9847717758811362	0.9858723392671175	0.9846795353035855	0.987884573441	0.9863794852374859	0.9853367827494633	0.9843223381751062	0.9845920778247704	0.995711220148694	0.9960485936365531	0.9949233178982562	1.0	0.996029940342018	0.9876930527732907	0.9851999350186512	0.9867430902301739	0.9871849445631089	0.9851678505676849	0.9874520744736172	0.9858992215713701	0.9868910353845509	0.9843062394930773	0.9835368606252802
0.9879936010469403	0.988998233105713	0.9897444726949305	0.9881164549586772	0.9884230817753422	0.9892371465147973	0.987402021755473	0.9898135371771093	0.9892047483871041	0.9885505230599191	0.9871329586145026	0.9875823364338197	0.9972130770813968	0.997473162236849	0.9968799472107865	0.996029940342018	1.0	0.9901814855746627	0.986783685345948	0.9887743756391827	0.9881393619620489	0.9887368715614571	0.9891984133208903	0.9891127934317466	0.9887069208527952	0.9883897006542008	0.9853945216398585
0.9900789706309282	0.9882503789866248	0.9909801525299896	0.988166622130559	0.9891943780056907	0.9905214979079573	0.9893055612862598	0.9894607239532766	0.9896438529900129	0.9887777471653291	0.9888896033773604	0.9901796501597463	0.9891232290925498	0.98893956105064	0.9898015516105151	0.9876930527732907	0.9901814855746627	1.0	0.9872823561064091	0.9877427896469304	0.9890485752399018	0.9907168233467801	0.9876322034319095	0.9911222146706244	0.9871529130266384	0.9896248273894703	0.9893750190551905
0.9874949567855772	0.985165927449136	0.9872867778313441	0.985755909675351	0.9863921499522221	0.9871848344800096	0.9873085737543401	0.9864964654683727	0.9858331189066873	0.9861876369619117	0.9862573518507363	0.9876083110896963	0.9856012908811074	0.9857086865732518	0.9859514080606795	0.9851999350186512	0.986783685345948	0.9872823561064091	1.0	0.9858370553114891	0.9870056455892898	0.9880875900900774	0.986063586532133	0.988249823850109	0.9863109807951019	0.986971972028596	0.9888217150489463
0.9896346672872336	0.9878883006053253	0.9889249520855531	0.9868939755672959	0.9881619184408623	0.9900579909082527	0.9893642267969537	0.9889101864796551	0.9893150738556886	0.988712985697782	0.9885262063238045	0.9896226070211358	0.987823399496457	0.9878377409215681	0.9884642793506339	0.9867430902301739	0.9887743756391827	0.9877427896469304	0.9858370553114891	1.0	0.9885602934376099	0.989646661495725	0.9869211958589227	0.9899986025494119	0.987068840934671	0.9895314429972596	0.9881642305408008
0.9890407886077995	0.9889852950100515	0.9889863607577548	0.9877373678822889	0.9875189068109816	0.988958928129668	0.9893349070868923	0.9883937055962314	0.9875039509981485	0.9870511307761963	0.987812065796415	0.9885552481151806	0.9870134559702359	0.9870209639147536	0.9872961617409375	0.9871849445631089	0.9881393619620489	0.9890485752399018	0.9870056455892898	0.9885602934376099	1.0	0.9888763426506282	0.9884531810961336	0.9896607159180922	0.9888583689637725	0.9878364775233863	0.9895119064601763
0.9861802523811046	0.9899174727340009	0.989864169823359	0.9885406151128074	0.9837597219059369	0.989809414834599	0.9788918563689816	0.9893736086623325	0.9816262721815628	0.9831846515113993	0.9850742478539488	0.9864210569364278	0.9881445601000439	0.9884561460713176	0.9820452542899886	0.9851678505676849	0.9887368715614571	0.9907168233467801	0.9880875900900774	0.989646661495725	0.9888763426506282	1.0	0.9899444320066245	0.9892912500377468	0.9906113549141811	0.9842696807964452	0.9726154117980688
0.9893034137715699	0.9879738543329873	0.9908934070152822	0.9876022012495146	0.988086918450437	0.9904730130361898	0.9885632963181769	0.9897117512221577	0.9890663204136633	0.9885505230599191	0.9882079875432163	0.9890311379996624	0.9877776499795524	0.9877255043727066	0.9882464385659753	0.9874520744736172	0.9891984133208903	0.9876322034319095	0.986063586532133	0.9869211958589227	0.9884531810961336	0.9899444320066245	1.0	0.9901327943566093	0.9865170719326621	0.9883250957755493	0.9864106881782975
0.9883871505946762	0.9900881243534249	0.9892612930285922	0.9886957922257269	0.9883486747044379	0.9890350390090744	0.9869005375490478	0.9900433938067207	0.9883369714794389	0.9878260137028357	0.9865431953392567	0.9881490983205155	0.9883206424696743	0.9887889161302094	0.9871027695841204	0.9858992215713701	0.9891127934317466	0.9911222146706244	0.988249823850109	0.9899986025494119	0.9896607159180922	0.9892912500377468	0.9901327943566093	1.0	0.9902442055769253	0.987638982011084	0.9858556888206402
0.9893034137715699	0.9882291900840662	0.9900726006308304	0.9867145112731371	0.9890852916205511	0.9890350390090744	0.9892761893478045	0.9886744703969651	0.9890663204136633	0.9881902602944851	0.9880847725090939	0.98976883171176	0.9879147082799917	0.9879272555235176	0.9886190027981335	0.9868910353845509	0.9887069208527952	0.9871529130266384	0.9863109807951019	0.987068840934671	0.9888583689637725	0.9906113549141811	0.9865170719326621	0.9902442055769253	1.0	0.9895937286242898	0.9880216174830398
0.9853491065544466	0.988710838495048	0.9816036057539451	0.9871064599779046	0.978773309617696	0.9854551227670884	0.9780437781722909	0.9888065727602937	0.9812846157791247	0.9788877339036041	0.9844156718099407	0.9844156718099407	0.9873404992778115	0.9883250957755493	0.9783081992500475	0.9843062394930773	0.9883897006542008	0.9896248273894703	0.986971972028596	0.9895314429972596	0.9878364775233863	0.9842696807964452	0.9883250957755493	0.987638982011084	0.9895937286242898	1.0	0.9702403082334565
0.9850313055565202	0.9875900347650092	0.9613051807257473	0.9854460832921779	0.9644034072018272	0.9782756704584777	0.9797798373182108	0.9873477991043322	0.9762922945633569	0.9687267714521274	0.9819136933190904	0.9821424186755151	0.9837002753958641	0.98529115487293	0.9720765961059072	0.9835368606252802	0.9853945216398585	0.9893750190551905	0.9888217150489463	0.9881642305408008	0.9895119064601763	0.9726154117980688	0.9864106881782975	0.9858556888206402	0.9880216174830398	0.9702403082334565	1.0
