/home/jshaw/scratch/2022_sketched_distance/references/SGB_genome_fastas_part4/5769/BackhedF_2015__SID587_M__bin.13.fa	/home/jshaw/scratch/2022_sketched_distance/references/SGB_genome_fastas_part4/5769/Bengtsson-PalmeJ_2015__TRAVELRES13__bin.15.fa	/home/jshaw/scratch/2022_sketched_distance/references/SGB_genome_fastas_part4/5769/Bengtsson-PalmeJ_2015__TRAVELRES14__bin.52.fa	/home/jshaw/scratch/2022_sketched_distance/references/SGB_genome_fastas_part4/5769/CM_madagascar__A34_02_1FE__bin.7.fa	/home/jshaw/scratch/2022_sketched_distance/references/SGB_genome_fastas_part4/5769/CM_madagascar__A41_01_1FE__bin.16.fa	/home/jshaw/scratch/2022_sketched_distance/references/SGB_genome_fastas_part4/5769/CosteaPI_2017__SID713A004-11-0-0__bin.50.fa	/home/jshaw/scratch/2022_sketched_distance/references/SGB_genome_fastas_part4/5769/CosteaPI_2017__SID713B051-11-0-0__bin.11.fa	/home/jshaw/scratch/2022_sketched_distance/references/SGB_genome_fastas_part4/5769/CosteaPI_2017__SID713B051-11-90-0__bin.34.fa	/home/jshaw/scratch/2022_sketched_distance/references/SGB_genome_fastas_part4/5769/FengQ_2015__SID31071__bin.55.fa	/home/jshaw/scratch/2022_sketched_distance/references/SGB_genome_fastas_part4/5769/FengQ_2015__SID31275__bin.9.fa	/home/jshaw/scratch/2022_sketched_distance/references/SGB_genome_fastas_part4/5769/FengQ_2015__SID31300__bin.38.fa	/home/jshaw/scratch/2022_sketched_distance/references/SGB_genome_fastas_part4/5769/FengQ_2015__SID530451__bin.74.fa	/home/jshaw/scratch/2022_sketched_distance/references/SGB_genome_fastas_part4/5769/LeChatelierE_2013__MH0006__bin.72.fa	/home/jshaw/scratch/2022_sketched_distance/references/SGB_genome_fastas_part4/5769/LeChatelierE_2013__MH0102__bin.17.fa	/home/jshaw/scratch/2022_sketched_distance/references/SGB_genome_fastas_part4/5769/LiJ_2014__MH0368__bin.53.fa	/home/jshaw/scratch/2022_sketched_distance/references/SGB_genome_fastas_part4/5769/LiJ_2014__MH0397__bin.67.fa	/home/jshaw/scratch/2022_sketched_distance/references/SGB_genome_fastas_part4/5769/LiJ_2017__H2MX14928__bin.10.fa	/home/jshaw/scratch/2022_sketched_distance/references/SGB_genome_fastas_part4/5769/LiuW_2016__SRR3992993__bin.63.fa	/home/jshaw/scratch/2022_sketched_distance/references/SGB_genome_fastas_part4/5769/LiuW_2016__SRR3993000__bin.39.fa	/home/jshaw/scratch/2022_sketched_distance/references/SGB_genome_fastas_part4/5769/LiuW_2016__SRR3993008__bin.46.fa	/home/jshaw/scratch/2022_sketched_distance/references/SGB_genome_fastas_part4/5769/LiuW_2016__SRR3993014__bin.71.fa	/home/jshaw/scratch/2022_sketched_distance/references/SGB_genome_fastas_part4/5769/LiuW_2016__SRR3993041__bin.8.fa	/home/jshaw/scratch/2022_sketched_distance/references/SGB_genome_fastas_part4/5769/LiuW_2016__SRR3993051__bin.63.fa	/home/jshaw/scratch/2022_sketched_distance/references/SGB_genome_fastas_part4/5769/LiuW_2016__SRR3993055__bin.42.fa	/home/jshaw/scratch/2022_sketched_distance/references/SGB_genome_fastas_part4/5769/LiuW_2016__SRR3993056__bin.53.fa	/home/jshaw/scratch/2022_sketched_distance/references/SGB_genome_fastas_part4/5769/NielsenHB_2014__MH0006__bin.64.fa	/home/jshaw/scratch/2022_sketched_distance/references/SGB_genome_fastas_part4/5769/NielsenHB_2014__MH0102__bin.35.fa	/home/jshaw/scratch/2022_sketched_distance/references/SGB_genome_fastas_part4/5769/QinJ_2012__DLM010__bin.5.fa	/home/jshaw/scratch/2022_sketched_distance/references/SGB_genome_fastas_part4/5769/QinJ_2012__T2D-040__bin.3.fa	/home/jshaw/scratch/2022_sketched_distance/references/SGB_genome_fastas_part4/5769/SchirmerM_2016__G88798__bin.3.fa	/home/jshaw/scratch/2022_sketched_distance/references/SGB_genome_fastas_part4/5769/VogtmannE_2016__MMRS20257302ST-27-0-0__bin.48.fa	/home/jshaw/scratch/2022_sketched_distance/references/SGB_genome_fastas_part4/5769/WenC_2017__RA009__bin.40.fa	/home/jshaw/scratch/2022_sketched_distance/references/SGB_genome_fastas_part4/5769/XieH_2016__YSZC12003_37543__bin.35.fa	/home/jshaw/scratch/2022_sketched_distance/references/SGB_genome_fastas_part4/5769/ZeeviD_2015__PNP_Main_172__bin.22.fa	/home/jshaw/scratch/2022_sketched_distance/references/SGB_genome_fastas_part4/5769/ZeeviD_2015__PNP_Main_228__bin.15.fa	/home/jshaw/scratch/2022_sketched_distance/references/SGB_genome_fastas_part4/5769/ZeeviD_2015__PNP_Main_456__bin.28.fa
1.0	0.9752626630270355	0.9736512210960953	0.9627513617242239	0.9626926000269183	0.9726171493261733	0.9733568205373356	0.9735616435972088	0.9764680664297949	0.9764310116227338	0.9750797112964853	0.9736548370068334	0.9739166021435846	0.9766906568864322	0.9637992649208418	0.9773284323660737	0.967410711941883	0.9745077916990167	0.9729417800274036	0.9718927232528132	0.9672387016941653	0.9743620124108411	0.97348152381575	0.9758458683909533	0.971506039842073	0.9735900974369467	0.9751092998216886	0.9644983384999183	0.9631043001993778	0.975710140664733	0.9740429859635227	0.9632004498740021	0.9670351967998483	0.9662694793931292	0.9659992333497825	0.9734466712493864
0.9752626630270355	1.0	0.9992925865698061	0.9540281520750598	0.9628606205074456	0.9686548016829013	0.9724752598396921	0.9725675294881744	0.9644524837832155	0.9703758493199183	0.9701284294074258	0.9728884208902737	0.9719630272524802	0.9704742897610228	0.956853394193077	0.9745337666264724	0.959100518707646	0.9664607979486689	0.9694761343018504	0.9686027682157066	0.9682887938521567	0.9655461787658253	0.9678120299042275	0.9693746024397769	0.963415989397188	0.9723363610327409	0.9678653528940309	0.9649684751407689	0.9627983155415436	0.9724752598396921	0.9703265165263257	0.9637809699687822	0.9678120299042275	0.9631086379536865	0.9662820181062439	0.9738324764777183
0.9736512210960953	0.9992925865698061	1.0	0.963847871734329	0.9621093592145685	0.9725420030993465	0.9731542692538295	0.9732293669017772	0.9791591729181255	0.9741144803589205	0.9744487067306479	0.971767829111644	0.9719323374541976	0.9761026040608607	0.9647387626666095	0.9734708161393806	0.9671705034987095	0.9779828452624192	0.9714587817951132	0.9712054879194454	0.9668628515337682	0.9743201331812178	0.9735191099794531	0.9748296898989813	0.9708412259186953	0.9719935998045804	0.9749085850291024	0.9644983384999183	0.9616245977339453	0.9751037350642207	0.9731471382867792	0.9624939173209357	0.9664830464212437	0.9658780937764703	0.9672869324100779	0.9728339750422128
0.9627513617242239	0.9540281520750598	0.963847871734329	1.0	0.9703040100497841	0.9621588449273349	0.96239716644986	0.9616768219235513	0.959191661983287	0.9605650092728747	0.9613718350654269	0.9621588449273349	0.96100197745302	0.958487755220255	0.9663047402502936	0.9634482373143793	0.964963039514751	0.9592610663920366	0.9631597085796785	0.9652901856027284	0.9656676990929697	0.960651090299836	0.9625156665217249	0.9625156665217249	0.9618584308053376	0.9636201183842309	0.9555387020546559	0.9727624146474144	0.9676432464522866	0.9617374726001356	0.9603126095315244	0.9715788651547199	0.965934666250633	0.956049540897489	0.9635056332699881	0.9649081902401
0.9626926000269183	0.9628606205074456	0.9621093592145685	0.9703040100497841	1.0	0.9660208856942135	0.9641091394822632	0.9640625453155933	0.9663908726253015	0.9650589354487826	0.9656805523236487	0.9622304666090128	0.9627706744485063	0.9651294859772703	0.971406274119558	0.9624919659204018	0.9705550453507117	0.9667950084895658	0.9643419026815838	0.9674084315868379	0.9662136705911423	0.9677966832184388	0.9673741896705798	0.9679110044435726	0.9672483071442786	0.9628634753869981	0.9630835910555274	0.9701806492751024	0.9682252410992281	0.9644018483524486	0.9639654793678978	0.9680274469036817	0.9656840259662502	0.9624534080489761	0.9662446300778004	0.9629759667769908
0.9726171493261733	0.9686548016829013	0.9725420030993465	0.9621588449273349	0.9660208856942135	1.0	0.9712371106833596	0.9715876711438612	0.9710729955271736	0.9720492595886038	0.9684579920979124	0.9713153416632041	0.9700809821849966	0.9714876567073204	0.963211304203836	0.9732489574162219	0.965538569036365	0.9704975298356676	0.9711979241900301	0.9691754936682381	0.970404062685812	0.9685065022989444	0.9699905958765066	0.9716971971961967	0.9672483071442786	0.9717422659390181	0.9700059371899502	0.9678983490197319	0.9631836248549812	0.9693004734803414	0.9695902267284952	0.9665685565316601	0.9695489921292342	0.963898793818849	0.9681578522810844	0.9716650607781969
0.9733568205373356	0.9724752598396921	0.9731542692538295	0.96239716644986	0.9641091394822632	0.9712371106833596	1.0	0.9978514928576511	0.9720462074301378	0.9731610546815784	0.9717943659458287	0.972296418263134	0.9709111049462549	0.9739167655342073	0.9633727276106137	0.973491155603219	0.9679329559355351	0.972060092459663	0.9694258558324959	0.9702030881022609	0.9694638308393446	0.9726432085199849	0.9715843030555616	0.9746077416426934	0.9698176705110184	0.97250438203963	0.9728301070483613	0.9650367032929961	0.9614285971644674	0.9720016960866433	0.9813843463637872	0.965768477526695	0.9695017612728342	0.9658288343775128	0.9675887017840439	0.9753473899478818
0.9735616435972088	0.9725675294881744	0.9732293669017772	0.9616768219235513	0.9640625453155933	0.9715876711438612	0.9978514928576511	1.0	0.9723828306086113	0.9731251989223813	0.97187110880698	0.9718999459648471	0.9705861836186905	0.9736378985124527	0.9630490651116119	0.9730619435969041	0.9678858270456958	0.9719468975662678	0.9694947146974786	0.9701653590256332	0.9685290379855303	0.9722882416575158	0.9720199803298977	0.9751232822680935	0.9699474006209812	0.9722804638493224	0.9726147448944684	0.9648080127455376	0.9612313904912606	0.9726316119877614	0.9814407283358368	0.9651529293155655	0.969292328219191	0.9664634029479147	0.9676283462347346	0.9746346325584732
0.9764680664297949	0.9644524837832155	0.9791591729181255	0.959191661983287	0.9663908726253015	0.9710729955271736	0.9720462074301378	0.9723828306086113	1.0	0.9739623260077978	0.9737489825841098	0.9762210456692996	0.9722710109375708	0.9692192620446953	0.9617751007385751	0.9753159110904062	0.9663236173363402	0.9677773386329793	0.9719332180940702	0.9733180419443045	0.9715918661352886	0.9690340957530922	0.9731004060931152	0.9736417827242798	0.9710148265278752	0.9743848527631417	0.9657804581719472	0.9669899348985903	0.9599395736763151	0.9747501076966898	0.9724942658426463	0.9667914823346023	0.9710148265278752	0.9622371309321226	0.9693421192519238	0.9752648794806998
0.9764310116227338	0.9703758493199183	0.9741144803589205	0.9605650092728747	0.9650589354487826	0.9720492595886038	0.9731610546815784	0.9731251989223813	0.9739623260077978	1.0	0.9721762752323962	0.9739050151220485	0.9747348897088682	0.9740750491069912	0.96166418977837	0.9781047270475165	0.9661913570250329	0.9736046697996594	0.9722525477762353	0.9717324359205199	0.9715446392021212	0.975593928302866	0.972604799911411	0.9793647395960333	0.970376113353076	0.976203381596363	0.9731292312795357	0.9655615574170351	0.9620688390955068	0.9720764424843598	0.9734724996506391	0.9649666999866098	0.9687531446283307	0.9639510972005225	0.9681312248974471	0.9819069285824695
0.9750797112964853	0.9701284294074258	0.9744487067306479	0.9613718350654269	0.9656805523236487	0.9684579920979124	0.9717943659458287	0.97187110880698	0.9737489825841098	0.9721762752323962	1.0	0.9741642772649721	0.9721002526525685	0.971785556862591	0.9606286854194926	0.9738052006458658	0.965078756092841	0.9712592933735947	0.9707797968533111	0.9710560929544925	0.9698141706546829	0.9730379552823665	0.9707768252761466	0.9732044862142791	0.969205281885041	0.9735878325470568	0.970792607429525	0.9657269435962568	0.9608828260424893	0.9723277874530961	0.9708984984173521	0.9663240251614205	0.9696503918176462	0.9626172581748518	0.9678352433700647	0.975356272591436
0.9736548370068334	0.9728884208902737	0.971767829111644	0.9621588449273349	0.9622304666090128	0.9713153416632041	0.972296418263134	0.9718999459648471	0.9762210456692996	0.9739050151220485	0.9741642772649721	1.0	0.9730905855622166	0.9769807471180887	0.9634263555869234	0.9730019962451811	0.9669284918510471	0.9739262950272624	0.9714234727090643	0.9717132809549002	0.9670513243973944	0.9751476290049422	0.9730651764792747	0.9751962678389385	0.9710504507005385	0.9723839898471163	0.9753882344698448	0.9642488011352417	0.9621575010277713	0.9739969240186159	0.9737946310291744	0.9636358573629666	0.9659273406111807	0.9659272779242518	0.9664071952627334	0.9727688022463167
0.9739166021435846	0.9719630272524802	0.9719323374541976	0.96100197745302	0.9627706744485063	0.9700809821849966	0.9709111049462549	0.9705861836186905	0.9722710109375708	0.9747348897088682	0.9721002526525685	0.9730905855622166	1.0	0.974193257455761	0.9629948026983987	0.9749757258708436	0.965078756092841	0.9712592933735947	0.9682718967880481	0.9686189026503786	0.9666303401936783	0.9730379552823665	0.9719017391737377	0.9749768176152704	0.9681276819042752	0.999896495549317	0.973341215099758	0.9638133695931613	0.9611323301308513	0.9719267768513982	0.9715077184586183	0.9629086140237556	0.9674773229784897	0.9664634029479147	0.9655075839301228	0.9739492095056269
0.9766906568864322	0.9704742897610228	0.9761026040608607	0.958487755220255	0.9651294859772703	0.9714876567073204	0.9739167655342073	0.9736378985124527	0.9692192620446953	0.9740750491069912	0.971785556862591	0.9769807471180887	0.974193257455761	1.0	0.9598199150530147	0.9762875145340956	0.961785587442565	0.968980166830867	0.9713161895444505	0.9722899546977006	0.9704890819619925	0.9707346750852447	0.9708835058558966	0.9718701703711867	0.9681582837683634	0.9754280861022739	0.997524212871306	0.9660532207309018	0.962015859782898	0.9740355504987741	0.9735577801478401	0.9655946670819042	0.9707087996574909	0.9619584465497932	0.9688150362646426	0.9747005794809
0.9637992649208418	0.956853394193077	0.9647387626666095	0.9663047402502936	0.971406274119558	0.963211304203836	0.9633727276106137	0.9630490651116119	0.9617751007385751	0.96166418977837	0.9606286854194926	0.9634263555869234	0.9629948026983987	0.9598199150530147	1.0	0.9633727276106137	0.9660917855118696	0.9606595237958391	0.9640630031645379	0.9662951166248395	0.9670220151089024	0.9622739710227916	0.962557368811336	0.9621138886369369	0.9617207482948601	0.9649438633311002	0.9580647781141197	0.9760740658987183	0.971406274119558	0.9617207482948601	0.9608617074223655	0.9764702050728604	0.9674504131572121	0.9560474173423346	0.9657514351993831	0.9641678953325407
0.9773284323660737	0.9745337666264724	0.9734708161393806	0.9634482373143793	0.9624919659204018	0.9732489574162219	0.973491155603219	0.9730619435969041	0.9753159110904062	0.9781047270475165	0.9738052006458658	0.9730019962451811	0.9749757258708436	0.9762875145340956	0.9633727276106137	1.0	0.9668311761027146	0.9750275410121695	0.9735429776113587	0.9721422843453628	0.9681547633071834	0.9755132373089255	0.973027060403599	0.9760240339628597	0.9714648865324909	0.9744509736232182	0.9756254312878555	0.9637862223239947	0.9620612659536464	0.9756098551742598	0.9754945120082101	0.9643966431622004	0.9666960396008495	0.9657300888870649	0.9662446300778004	0.9753992735536113
0.967410711941883	0.959100518707646	0.9671705034987095	0.964963039514751	0.9705550453507117	0.965538569036365	0.9679329559355351	0.9678858270456958	0.9663236173363402	0.9661913570250329	0.965078756092841	0.9669284918510471	0.965078756092841	0.961785587442565	0.9660917855118696	0.9668311761027146	1.0	0.9688556430954538	0.967410711941883	0.9726565098654277	0.9722057428665586	0.9666487008464476	0.9672186885672399	0.9667335656065494	0.9698527011998721	0.9669284918510471	0.9596547273946239	0.9725750170870683	0.9670255146556471	0.9652327583357013	0.9640859001255309	0.9715386812057999	0.9702934504483953	0.9609086883358046	0.97474469344036	0.9677913622238477
0.9745077916990167	0.9664607979486689	0.9779828452624192	0.9592610663920366	0.9667950084895658	0.9704975298356676	0.972060092459663	0.9719468975662678	0.9677773386329793	0.9736046697996594	0.9712592933735947	0.9739262950272624	0.9712592933735947	0.968980166830867	0.9606595237958391	0.9750275410121695	0.9688556430954538	1.0	0.9721728932881606	0.9734967492069796	0.9720035444459553	0.970079797349589	0.9728966825345154	0.9737122327030923	0.9712592933735947	0.9732253668468327	0.9651581931191976	0.9669938836159224	0.9619221665191865	0.9717763602008038	0.9712592933735947	0.9666617399695809	0.9704381830601418	0.9618446920776812	0.968605145823128	0.9741389551090184
0.9729417800274036	0.9694761343018504	0.9714587817951132	0.9631597085796785	0.9643419026815838	0.9711979241900301	0.9694258558324959	0.9694947146974786	0.9719332180940702	0.9722525477762353	0.9707797968533111	0.9714234727090643	0.9682718967880481	0.9713161895444505	0.9640630031645379	0.9735429776113587	0.967410711941883	0.9721728932881606	1.0	0.9718927232528132	0.9692689347902528	0.9732552006128216	0.9708584855532987	0.9738567657581895	0.9712583317611968	0.9699785598492551	0.9700059371899502	0.9656777611801475	0.9612313904912606	0.9694329431270029	0.9695380640463689	0.9653382982012197	0.9698304542846301	0.9674158921937093	0.9674035063985179	0.970491651765113
0.9718927232528132	0.9686027682157066	0.9712054879194454	0.9652901856027284	0.9674084315868379	0.9691754936682381	0.9702030881022609	0.9701653590256332	0.9733180419443045	0.9717324359205199	0.9710560929544925	0.9717132809549002	0.9686189026503786	0.9722899546977006	0.9662951166248395	0.9721422843453628	0.9726565098654277	0.9734967492069796	0.9718927232528132	1.0	0.9717132809549002	0.9749427222863226	0.9739297101318325	0.9747558754790323	0.9976560015190474	0.9703535657998295	0.9700994859081402	0.9680999307170394	0.9636628914828371	0.9711294813730175	0.9679138217910787	0.9670362515835567	0.9708008440001259	0.9667521170037086	0.972879640860388	0.9729143382368942
0.9672387016941653	0.9682887938521567	0.9668628515337682	0.9656676990929697	0.9662136705911423	0.970404062685812	0.9694638308393446	0.9685290379855303	0.9715918661352886	0.9715446392021212	0.9698141706546829	0.9670513243973944	0.9666303401936783	0.9704890819619925	0.9670220151089024	0.9681547633071834	0.9722057428665586	0.9720035444459553	0.9692689347902528	0.9717132809549002	1.0	0.9721541203973738	0.9715843030555616	0.9727360277160162	0.9719147222375423	0.9666303755611491	0.9690552506819722	0.9661142083865256	0.9639331825954812	0.9706649102277257	0.9687985514318156	0.9660202183087789	0.9702681457191232	0.9662694793931292	0.9703696034739763	0.9693306889406539
0.9743620124108411	0.9655461787658253	0.9743201331812178	0.960651090299836	0.9677966832184388	0.9685065022989444	0.9726432085199849	0.9722882416575158	0.9690340957530922	0.975593928302866	0.9730379552823665	0.9751476290049422	0.9730379552823665	0.9707346750852447	0.9622739710227916	0.9755132373089255	0.9666487008464476	0.970079797349589	0.9732552006128216	0.9749427222863226	0.9721541203973738	1.0	0.975593928302866	0.9776624339726412	0.971657537225808	0.9748191552425629	0.9672799344533234	0.969053470328584	0.9643935608246231	0.9719293439167709	0.9728631052429988	0.969151931441226	0.9710606779649731	0.9628171310365904	0.9704526058616609	0.9819112340158862
0.97348152381575	0.9678120299042275	0.9735191099794531	0.9625156665217249	0.9673741896705798	0.9699905958765066	0.9715843030555616	0.9720199803298977	0.9731004060931152	0.972604799911411	0.9707768252761466	0.9730651764792747	0.9719017391737377	0.9708835058558966	0.962557368811336	0.973027060403599	0.9672186885672399	0.9728966825345154	0.9708584855532987	0.9739297101318325	0.9715843030555616	0.975593928302866	1.0	0.9750134957029989	0.9714648865324909	0.9736316079745138	0.9689102039842262	0.9675553718411362	0.9620517319358856	0.9711426847746594	0.9709399402921403	0.9665925994993316	0.9712234283391418	0.9627802758660506	0.9691417967855426	0.9758034137735081
0.9758458683909533	0.9693746024397769	0.9748296898989813	0.9625156665217249	0.9679110044435726	0.9716971971961967	0.9746077416426934	0.9751232822680935	0.9736417827242798	0.9793647395960333	0.9732044862142791	0.9751962678389385	0.9749768176152704	0.9718701703711867	0.9621138886369369	0.9760240339628597	0.9667335656065494	0.9737122327030923	0.9738567657581895	0.9747558754790323	0.9727360277160162	0.9776624339726412	0.9750134957029989	1.0	0.9712583317611968	0.9766226021118083	0.9700059371899502	0.9684541780591694	0.9629353262602258	0.9738187571372998	0.9731268781615405	0.9677278955188771	0.9716565693025189	0.9643664876294958	0.9709164131331719	0.9832890302758959
0.971506039842073	0.963415989397188	0.9708412259186953	0.9618584308053376	0.9672483071442786	0.9672483071442786	0.9698176705110184	0.9699474006209812	0.9710148265278752	0.970376113353076	0.969205281885041	0.9710504507005385	0.9681276819042752	0.9681582837683634	0.9617207482948601	0.9714648865324909	0.9698527011998721	0.9712592933735947	0.9712583317611968	0.9976560015190474	0.9719147222375423	0.971657537225808	0.9714648865324909	0.9712583317611968	1.0	0.9699474006209812	0.9653262465167577	0.9677141228193452	0.9635744223343141	0.9690725320238466	0.9662959828977967	0.9672951926745236	0.9704611781534161	0.961565116856799	0.9726772976519847	0.9722781796831331
0.9735900974369467	0.9723363610327409	0.9719935998045804	0.9636201183842309	0.9628634753869981	0.9717422659390181	0.97250438203963	0.9722804638493224	0.9743848527631417	0.976203381596363	0.9735878325470568	0.9723839898471163	0.999896495549317	0.9754280861022739	0.9649438633311002	0.9744509736232182	0.9669284918510471	0.9732253668468327	0.9699785598492551	0.9703535657998295	0.9666303755611491	0.9748191552425629	0.9736316079745138	0.9766226021118083	0.9699474006209812	1.0	0.9747875584065263	0.9635737372121188	0.9620130399042526	0.973820525967325	0.9730014791215974	0.9630799473672911	0.9677691877217302	0.9676496815633364	0.9667699950792861	0.9745767733471956
0.9751092998216886	0.9678653528940309	0.9749085850291024	0.9555387020546559	0.9630835910555274	0.9700059371899502	0.9728301070483613	0.9726147448944684	0.9657804581719472	0.9731292312795357	0.970792607429525	0.9753882344698448	0.973341215099758	0.997524212871306	0.9580647781141197	0.9756254312878555	0.9596547273946239	0.9651581931191976	0.9700059371899502	0.9700994859081402	0.9690552506819722	0.9672799344533234	0.9689102039842262	0.9700059371899502	0.9653262465167577	0.9747875584065263	1.0	0.963886444258776	0.9604840451608675	0.9728301070483613	0.9728730083651014	0.9638297583783384	0.9687645029380739	0.9607349566781633	0.9664438884008503	0.9737610726249318
0.9644983384999183	0.9649684751407689	0.9644983384999183	0.9727624146474144	0.9701806492751024	0.9678983490197319	0.9650367032929961	0.9648080127455376	0.9669899348985903	0.9655615574170351	0.9657269435962568	0.9642488011352417	0.9638133695931613	0.9660532207309018	0.9760740658987183	0.9637862223239947	0.9725750170870683	0.9669938836159224	0.9656777611801475	0.9680999307170394	0.9661142083865256	0.969053470328584	0.9675553718411362	0.9684541780591694	0.9677141228193452	0.9635737372121188	0.963886444258776	1.0	0.9734999880039714	0.9649651003060687	0.9648700491596026	0.9748018408890726	0.9668927139857637	0.964520885398473	0.9662446300778004	0.9641047647604044
0.9631043001993778	0.9627983155415436	0.9616245977339453	0.9676432464522866	0.9682252410992281	0.9631836248549812	0.9614285971644674	0.9612313904912606	0.9599395736763151	0.9620688390955068	0.9608828260424893	0.9621575010277713	0.9611323301308513	0.962015859782898	0.971406274119558	0.9620612659536464	0.9670255146556471	0.9619221665191865	0.9612313904912606	0.9636628914828371	0.9639331825954812	0.9643935608246231	0.9620517319358856	0.9629353262602258	0.9635744223343141	0.9620130399042526	0.9604840451608675	0.9734999880039714	1.0	0.9596652464314668	0.9594073910224681	0.9766851315357521	0.9640239741436291	0.9617895073370414	0.9623968329672375	0.9616245977339453
0.975710140664733	0.9724752598396921	0.9751037350642207	0.9617374726001356	0.9644018483524486	0.9693004734803414	0.9720016960866433	0.9726316119877614	0.9747501076966898	0.9720764424843598	0.9723277874530961	0.9739969240186159	0.9719267768513982	0.9740355504987741	0.9617207482948601	0.9756098551742598	0.9652327583357013	0.9717763602008038	0.9694329431270029	0.9711294813730175	0.9706649102277257	0.9719293439167709	0.9711426847746594	0.9738187571372998	0.9690725320238466	0.973820525967325	0.9728301070483613	0.9649651003060687	0.9596652464314668	1.0	0.9713928602747917	0.9649185376116056	0.9687368650764652	0.9648274742988211	0.9667304213161331	0.9741023046269642
0.9740429859635227	0.9703265165263257	0.9731471382867792	0.9603126095315244	0.9639654793678978	0.9695902267284952	0.9813843463637872	0.9814407283358368	0.9724942658426463	0.9734724996506391	0.9708984984173521	0.9737946310291744	0.9715077184586183	0.9735577801478401	0.9608617074223655	0.9754945120082101	0.9640859001255309	0.9712592933735947	0.9695380640463689	0.9679138217910787	0.9687985514318156	0.9728631052429988	0.9709399402921403	0.9731268781615405	0.9662959828977967	0.9730014791215974	0.9728730083651014	0.9648700491596026	0.9594073910224681	0.9713928602747917	1.0	0.9648230694034355	0.9689229851985594	0.963317764993541	0.9670480503127342	0.9757637920076149
0.9632004498740021	0.9637809699687822	0.9624939173209357	0.9715788651547199	0.9680274469036817	0.9665685565316601	0.965768477526695	0.9651529293155655	0.9667914823346023	0.9649666999866098	0.9663240251614205	0.9636358573629666	0.9629086140237556	0.9655946670819042	0.9764702050728604	0.9643966431622004	0.9715386812057999	0.9666617399695809	0.9653382982012197	0.9670362515835567	0.9660202183087789	0.969151931441226	0.9665925994993316	0.9677278955188771	0.9672951926745236	0.9630799473672911	0.9638297583783384	0.9748018408890726	0.9766851315357521	0.9649185376116056	0.9648230694034355	1.0	0.9638567846852638	0.9630501453375755	0.9655444233837065	0.9644442565784329
0.9670351967998483	0.9678120299042275	0.9664830464212437	0.965934666250633	0.9656840259662502	0.9695489921292342	0.9695017612728342	0.969292328219191	0.9710148265278752	0.9687531446283307	0.9696503918176462	0.9659273406111807	0.9674773229784897	0.9707087996574909	0.9674504131572121	0.9666960396008495	0.9702934504483953	0.9704381830601418	0.9698304542846301	0.9708008440001259	0.9702681457191232	0.9710606779649731	0.9712234283391418	0.9716565693025189	0.9704611781534161	0.9677691877217302	0.9687645029380739	0.9668927139857637	0.9640239741436291	0.9687368650764652	0.9689229851985594	0.9638567846852638	1.0	0.9686586931162405	0.9712538097105499	0.9694754626571228
0.9662694793931292	0.9631086379536865	0.9658780937764703	0.956049540897489	0.9624534080489761	0.963898793818849	0.9658288343775128	0.9664634029479147	0.9622371309321226	0.9639510972005225	0.9626172581748518	0.9659272779242518	0.9664634029479147	0.9619584465497932	0.9560474173423346	0.9657300888870649	0.9609086883358046	0.9618446920776812	0.9674158921937093	0.9667521170037086	0.9662694793931292	0.9628171310365904	0.9627802758660506	0.9643664876294958	0.961565116856799	0.9676496815633364	0.9607349566781633	0.964520885398473	0.9617895073370414	0.9648274742988211	0.963317764993541	0.9630501453375755	0.9686586931162405	1.0	0.9694173426547134	0.965779499492904
0.9659992333497825	0.9662820181062439	0.9672869324100779	0.9635056332699881	0.9662446300778004	0.9681578522810844	0.9675887017840439	0.9676283462347346	0.9693421192519238	0.9681312248974471	0.9678352433700647	0.9664071952627334	0.9655075839301228	0.9688150362646426	0.9657514351993831	0.9662446300778004	0.97474469344036	0.968605145823128	0.9674035063985179	0.972879640860388	0.9703696034739763	0.9704526058616609	0.9691417967855426	0.9709164131331719	0.9726772976519847	0.9667699950792861	0.9664438884008503	0.9662446300778004	0.9623968329672375	0.9667304213161331	0.9670480503127342	0.9655444233837065	0.9712538097105499	0.9694173426547134	1.0	0.9668100551682876
0.9734466712493864	0.9738324764777183	0.9728339750422128	0.9649081902401	0.9629759667769908	0.9716650607781969	0.9753473899478818	0.9746346325584732	0.9752648794806998	0.9819069285824695	0.975356272591436	0.9727688022463167	0.9739492095056269	0.9747005794809	0.9641678953325407	0.9753992735536113	0.9677913622238477	0.9741389551090184	0.970491651765113	0.9729143382368942	0.9693306889406539	0.9819112340158862	0.9758034137735081	0.9832890302758959	0.9722781796831331	0.9745767733471956	0.9737610726249318	0.9641047647604044	0.9616245977339453	0.9741023046269642	0.9757637920076149	0.9644442565784329	0.9694754626571228	0.965779499492904	0.9668100551682876	1.0
