/home/jshaw/scratch/2022_sketched_distance/references/SGB_genome_fastas_part3/4752/BackhedF_2015__SID12_12M__bin.11.fa	/home/jshaw/scratch/2022_sketched_distance/references/SGB_genome_fastas_part3/4752/BackhedF_2015__SID130_12M__bin.16.fa	/home/jshaw/scratch/2022_sketched_distance/references/SGB_genome_fastas_part3/4752/BackhedF_2015__SID157_12M__bin.15.fa	/home/jshaw/scratch/2022_sketched_distance/references/SGB_genome_fastas_part3/4752/BackhedF_2015__SID180_12M__bin.16.fa	/home/jshaw/scratch/2022_sketched_distance/references/SGB_genome_fastas_part3/4752/BackhedF_2015__SID195_12M__bin.8.fa	/home/jshaw/scratch/2022_sketched_distance/references/SGB_genome_fastas_part3/4752/BackhedF_2015__SID229_12M__bin.22.fa	/home/jshaw/scratch/2022_sketched_distance/references/SGB_genome_fastas_part3/4752/BackhedF_2015__SID258_12M__bin.21.fa	/home/jshaw/scratch/2022_sketched_distance/references/SGB_genome_fastas_part3/4752/BackhedF_2015__SID265_12M__bin.15.fa	/home/jshaw/scratch/2022_sketched_distance/references/SGB_genome_fastas_part3/4752/BackhedF_2015__SID272_12M__bin.5.fa	/home/jshaw/scratch/2022_sketched_distance/references/SGB_genome_fastas_part3/4752/BackhedF_2015__SID275_12M__bin.13.fa	/home/jshaw/scratch/2022_sketched_distance/references/SGB_genome_fastas_part3/4752/BackhedF_2015__SID281_12M__bin.16.fa	/home/jshaw/scratch/2022_sketched_distance/references/SGB_genome_fastas_part3/4752/BackhedF_2015__SID282_12M__bin.23.fa	/home/jshaw/scratch/2022_sketched_distance/references/SGB_genome_fastas_part3/4752/BackhedF_2015__SID332_12M__bin.35.fa	/home/jshaw/scratch/2022_sketched_distance/references/SGB_genome_fastas_part3/4752/BackhedF_2015__SID343_12M__bin.16.fa	/home/jshaw/scratch/2022_sketched_distance/references/SGB_genome_fastas_part3/4752/BackhedF_2015__SID521_12M__bin.10.fa	/home/jshaw/scratch/2022_sketched_distance/references/SGB_genome_fastas_part3/4752/BackhedF_2015__SID526_12M__bin.21.fa	/home/jshaw/scratch/2022_sketched_distance/references/SGB_genome_fastas_part3/4752/BackhedF_2015__SID560_12M__bin.12.fa	/home/jshaw/scratch/2022_sketched_distance/references/SGB_genome_fastas_part3/4752/BackhedF_2015__SID590_12M__bin.26.fa	/home/jshaw/scratch/2022_sketched_distance/references/SGB_genome_fastas_part3/4752/BackhedF_2015__SID591_12M__bin.12.fa	/home/jshaw/scratch/2022_sketched_distance/references/SGB_genome_fastas_part3/4752/BackhedF_2015__SID608_12M__bin.6.fa	/home/jshaw/scratch/2022_sketched_distance/references/SGB_genome_fastas_part3/4752/BackhedF_2015__SID608_4M__bin.8.fa	/home/jshaw/scratch/2022_sketched_distance/references/SGB_genome_fastas_part3/4752/BackhedF_2015__SID635_4M__bin.8.fa	/home/jshaw/scratch/2022_sketched_distance/references/SGB_genome_fastas_part3/4752/BackhedF_2015__SID70_4M__bin.11.fa	/home/jshaw/scratch/2022_sketched_distance/references/SGB_genome_fastas_part3/4752/BackhedF_2015__SID9_12M__bin.2.fa	/home/jshaw/scratch/2022_sketched_distance/references/SGB_genome_fastas_part3/4752/GeversD_2014__SKSTL0001__bin.7.fa	/home/jshaw/scratch/2022_sketched_distance/references/SGB_genome_fastas_part3/4752/KosticAD_2015__PRJNA231909.3105747__bin.1.fa	/home/jshaw/scratch/2022_sketched_distance/references/SGB_genome_fastas_part3/4752/KosticAD_2015__PRJNA231909.3112118__bin.9.fa	/home/jshaw/scratch/2022_sketched_distance/references/SGB_genome_fastas_part3/4752/NielsenHB_2014__V1_CD21_0__bin.18.fa	/home/jshaw/scratch/2022_sketched_distance/references/SGB_genome_fastas_part3/4752/WenC_2017__N209__bin.11.fa
1.0	0.9835481669709306	0.988283650550771	0.9882045914294069	0.9839032512579995	0.9837676177971938	0.9836006299322084	0.9830388887562287	0.9825047861655627	0.9886374731028332	0.9859163832703747	0.9832323190994621	0.9830114818407812	0.984296404835751	0.9841772630733392	0.9841950623840806	0.9851522963920845	0.984052491726464	0.9841390530505683	0.984032727765548	0.9821070320924571	0.9874145184944212	0.9830323572552673	0.9884686684826423	0.984618582376152	0.98174505709905	0.9834507539827494	0.9828903541930755	0.9829070734111972
0.9835481669709306	1.0	0.9936630247931091	0.9936971794492613	0.996693234413528	0.9971905656713307	0.9928381594986967	0.9937631837692475	0.9908083137233243	0.9934146225806594	0.9909428306524373	0.9917221141810658	0.995504213854984	0.9977884057809895	0.9942660433662859	0.9965713426080111	0.9950841913835672	0.9989494445964751	0.9970878305511807	0.9962669245599772	0.9962711213218838	0.9918167130479915	0.995888543563674	0.9934357145291085	0.9890332678858731	0.9936770776845493	0.9962229324023746	0.9942250620508558	0.9910295398247755
0.988283650550771	0.9936630247931091	1.0	0.9973516675303575	0.9936123623004378	0.993161020552681	0.990945614887821	0.9897618597782732	0.9866470747976689	0.9982665151068868	0.9952129140010321	0.9927203949642647	0.9927355498032379	0.9936562285487591	0.9924011297772386	0.9939236661611994	0.9934533207616528	0.9940073371462995	0.9939323039241803	0.9933706525959584	0.992669452571542	0.9946756882048859	0.9929107019342281	0.997781023665604	0.990555348014769	0.9906087977146136	0.9932619856584182	0.9914651261229768	0.9907936456834928
0.9882045914294069	0.9936971794492613	0.9973516675303575	1.0	0.9936584708889804	0.9934388952483585	0.9912830884520413	0.9900676474818692	0.9870481753245061	0.9980245175209329	0.9949831814873263	0.99217781416579	0.9928944063667574	0.993865610849059	0.9927063342488857	0.9938797148967483	0.9936362171142199	0.994089337961009	0.9939874152676469	0.9933710202252172	0.9925150222563149	0.9947992371368054	0.992843292481831	0.9976802258127965	0.9910889523962896	0.9905803536171028	0.9933223503713349	0.9917460372086363	0.9912217693563594
0.9839032512579995	0.996693234413528	0.9936123623004378	0.9936584708889804	1.0	0.9958544480671615	0.9934263430076513	0.9925791753540653	0.9893016559590824	0.9935637076771608	0.9906336475010362	0.9916620040450645	0.9980690252405784	0.9961195247998453	0.9960387062961481	0.9970970177048849	0.993664939561621	0.9966841136574183	0.9961237644900771	0.9969998114640477	0.9973550981340402	0.9921760134710244	0.9967908416480473	0.9933166774937643	0.9893282923329304	0.994638803768906	0.9968894471227878	0.9948650695955764	0.9913057520268721
0.9837676177971938	0.9971905656713307	0.993161020552681	0.9934388952483585	0.9958544480671615	1.0	0.9920464880674681	0.9931585301412954	0.9906006978314432	0.9930099117112993	0.990392326729779	0.9914679091155648	0.9952033716388448	0.9978056425677274	0.9938552971563447	0.9960181345628546	0.9947374589241318	0.9973804471495383	0.9962518051796456	0.9953210354025103	0.9942380062546348	0.9919395264108833	0.9956196098834149	0.993007302189601	0.9888370411805023	0.9924955225197076	0.9950716369075057	0.9930691299216934	0.9910366593357175
0.9836006299322084	0.9928381594986967	0.990945614887821	0.9912830884520413	0.9934263430076513	0.9920464880674681	1.0	0.9910318470540318	0.9883300466496517	0.9907801443614614	0.9882640404414302	0.9895543188971297	0.9926975504019905	0.9926977702891127	0.9918357218865325	0.9929288957895338	0.9920243763768501	0.993105566622205	0.9926285553599983	0.9923475633982876	0.9919265721903008	0.9902508750927289	0.9928331549758187	0.9912993559028236	0.988156634290978	0.9911556366946506	0.9933377309493926	0.9920796135566904	0.9890139917738433
0.9830388887562287	0.9937631837692475	0.9897618597782732	0.9900676474818692	0.9925791753540653	0.9931585301412954	0.9910318470540318	1.0	0.9895118697683124	0.9896341282563511	0.9873974576382935	0.9884375574252713	0.9919342922987477	0.9941735073866284	0.9911824153874692	0.9926010061789632	0.9923936717566022	0.9941348631613431	0.9939648670691563	0.9922277786126912	0.9919066166089352	0.9891497645531392	0.992283438722822	0.9899441323388449	0.9866239753339642	0.9907998559004391	0.9925809292314584	0.9914058947058626	0.9881227815000073
0.9825047861655627	0.9908083137233243	0.9866470747976689	0.9870481753245061	0.9893016559590824	0.9906006978314432	0.9883300466496517	0.9895118697683124	1.0	0.9864692840709341	0.9837462133796533	0.9850339697564401	0.9886119114673337	0.9911064377830004	0.9889587216701502	0.9896301127196218	0.9894240851140758	0.9912587772244904	0.9900154798849083	0.9891002019981856	0.9879208042540242	0.9872097839601123	0.9891897814125381	0.9864873942092995	0.9855175891750734	0.9876925149483377	0.989631389739148	0.9880923449997157	0.9857235032349484
0.9886374731028332	0.9934146225806594	0.9982665151068868	0.9980245175209329	0.9935637076771608	0.9930099117112993	0.9907801443614614	0.9896341282563511	0.9864692840709341	1.0	0.9955925412606034	0.9925799518738512	0.9926481764389509	0.9935106518624911	0.9923352210106706	0.9934703716004621	0.9933660882286005	0.9937823458806353	0.9938260842164188	0.9930755826193506	0.9925526348168338	0.9952825783308493	0.9924552248364736	0.9984244716586762	0.9909249954389018	0.9901109108883572	0.9929149868538253	0.9910226401475744	0.9908892400252687
0.9859163832703747	0.9909428306524373	0.9952129140010321	0.9949831814873263	0.9906336475010362	0.990392326729779	0.9882640404414302	0.9873974576382935	0.9837462133796533	0.9955925412606034	1.0	0.9899969913142099	0.9899969040142816	0.9909754923879636	0.9894999392034949	0.9907358463189297	0.9907724649590025	0.9912541185354252	0.9913932649262485	0.9903706291637782	0.9897346495046644	0.9928576818734798	0.9898810385083686	0.9952945207730685	0.9886325485889949	0.9875813174021271	0.9902459716604509	0.9885837501654469	0.9882473371665383
0.9832323190994621	0.9917221141810658	0.9927203949642647	0.99217781416579	0.9916620040450645	0.9914679091155648	0.9895543188971297	0.9884375574252713	0.9850339697564401	0.9925799518738512	0.9899969913142099	1.0	0.9910171738515566	0.9917499742311517	0.9900526539852893	0.9916726422425739	0.9911518550480007	0.9919319577463002	0.9915931444852042	0.9910460961355712	0.9905836420478836	0.9905646029553191	0.9909283445153076	0.992834646581329	0.9879479404723337	0.988642350231995	0.9911668972211497	0.9903889733082906	0.9891091787488377
0.9830114818407812	0.995504213854984	0.9927355498032379	0.9928944063667574	0.9980690252405784	0.9952033716388448	0.9926975504019905	0.9919342922987477	0.9886119114673337	0.9926481764389509	0.9899969040142816	0.9910171738515566	1.0	0.994790626251605	0.9950975633540479	0.995787867187636	0.9926689991849026	0.9956551831879132	0.995034668373887	0.9955353912465034	0.9966692381577621	0.9916075354100684	0.9965386046332367	0.9925707156020039	0.9887288918832722	0.9939050997944848	0.996512495049218	0.9945311246826455	0.9904245989866453
0.984296404835751	0.9977884057809895	0.9936562285487591	0.993865610849059	0.9961195247998453	0.9978056425677274	0.9926977702891127	0.9941735073866284	0.9911064377830004	0.9935106518624911	0.9909754923879636	0.9917499742311517	0.994790626251605	1.0	0.9942375021520766	0.9962692667491447	0.9955080355281416	0.9978692552431957	0.9972482843627046	0.9959333001183321	0.9952875968393354	0.9923709310101927	0.9955116613781134	0.9935322050215478	0.9894494316398381	0.9934746358288269	0.9956728163506372	0.9936362664977476	0.9913216175585001
0.9841772630733392	0.9942660433662859	0.9924011297772386	0.9927063342488857	0.9960387062961481	0.9938552971563447	0.9918357218865325	0.9911824153874692	0.9889587216701502	0.9923352210106706	0.9894999392034949	0.9900526539852893	0.9950975633540479	0.9942375021520766	1.0	0.9950873321324464	0.99316896416882	0.9944517978728704	0.9931989641737192	0.9956567381216704	0.9945340042424715	0.9915561593364992	0.994141419954636	0.9921343893219466	0.989162117595199	0.9924442494980454	0.9948976267174917	0.9926977702891127	0.9901003497743673
0.9841950623840806	0.9965713426080111	0.9939236661611994	0.9938797148967483	0.9970970177048849	0.9960181345628546	0.9929288957895338	0.9926010061789632	0.9896301127196218	0.9934703716004621	0.9907358463189297	0.9916726422425739	0.995787867187636	0.9962692667491447	0.9950873321324464	1.0	0.9943417620905228	0.9969714762733115	0.9956298200755369	0.9964941473946958	0.9957108623260775	0.9921797125664855	0.9974124253200174	0.9936275174110892	0.9891649102299341	0.9941792287258311	0.996496624970907	0.9951041946339674	0.9915820939197371
0.9851522963920845	0.9950841913835672	0.9934533207616528	0.9936362171142199	0.993664939561621	0.9947374589241318	0.9920243763768501	0.9923936717566022	0.9894240851140758	0.9933660882286005	0.9907724649590025	0.9911518550480007	0.9926689991849026	0.9955080355281416	0.99316896416882	0.9943417620905228	1.0	0.9953912822412216	0.9946806404819203	0.994165522539633	0.9929964931782475	0.9921908414050437	0.993411120956847	0.9938216669067239	0.9889804944993608	0.9912656256032295	0.9935671119586691	0.9925208808754632	0.9900622369206906
0.984052491726464	0.9989494445964751	0.9940073371462995	0.994089337961009	0.9966841136574183	0.9973804471495383	0.993105566622205	0.9941348631613431	0.9912587772244904	0.9937823458806353	0.9912541185354252	0.9919319577463002	0.9956551831879132	0.9978692552431957	0.9944517978728704	0.9969714762733115	0.9953912822412216	1.0	0.9972039327451176	0.9964239085761888	0.9960111385176561	0.9924140067735224	0.9961029520207763	0.9937557758998905	0.9892828578369839	0.9937031382457984	0.9963228209165143	0.9944743195431264	0.9913128810347247
0.9841390530505683	0.9970878305511807	0.9939323039241803	0.9939874152676469	0.9961237644900771	0.9962518051796456	0.9926285553599983	0.9939648670691563	0.9900154798849083	0.9938260842164188	0.9913932649262485	0.9915931444852042	0.995034668373887	0.9972482843627046	0.9931989641737192	0.9956298200755369	0.9946806404819203	0.9972039327451176	1.0	0.9950058804239016	0.9956117601964565	0.9922928197273738	0.9955751617231868	0.9938468972498158	0.9892047483871041	0.9933026035887036	0.9958602474033384	0.9934678273944871	0.9908220504409769
0.984032727765548	0.9962669245599772	0.9933706525959584	0.9933710202252172	0.9969998114640477	0.9953210354025103	0.9923475633982876	0.9922277786126912	0.9891002019981856	0.9930755826193506	0.9903706291637782	0.9910460961355712	0.9955353912465034	0.9959333001183321	0.9956567381216704	0.9964941473946958	0.994165522539633	0.9964239085761888	0.9950058804239016	1.0	0.9970180974380016	0.9916833909776589	0.9950975054110791	0.9929245292574613	0.9893811989568777	0.9936254601868578	0.9962286134459616	0.9943409807224841	0.9910273746182315
0.9821070320924571	0.9962711213218838	0.992669452571542	0.9925150222563149	0.9973550981340402	0.9942380062546348	0.9919265721903008	0.9919066166089352	0.9879208042540242	0.9925526348168338	0.9897346495046644	0.9905836420478836	0.9966692381577621	0.9952875968393354	0.9945340042424715	0.9957108623260775	0.9929964931782475	0.9960111385176561	0.9956117601964565	0.9970180974380016	1.0	0.99075776481754	0.9954459385929181	0.992268462309702	0.9877423558128771	0.9942103811357555	0.9963988071476206	0.994414609172831	0.9896818356145274
0.9874145184944212	0.9918167130479915	0.9946756882048859	0.9947992371368054	0.9921760134710244	0.9919395264108833	0.9902508750927289	0.9891497645531392	0.9872097839601123	0.9952825783308493	0.9928576818734798	0.9905646029553191	0.9916075354100684	0.9923709310101927	0.9915561593364992	0.9921797125664855	0.9921908414050437	0.9924140067735224	0.9922928197273738	0.9916833909776589	0.99075776481754	1.0	0.991820384818402	0.995045035758118	0.990725546014297	0.9895171313257266	0.9918213710597391	0.9902692957334357	0.9900397008279861
0.9830323572552673	0.995888543563674	0.9929107019342281	0.992843292481831	0.9967908416480473	0.9956196098834149	0.9928331549758187	0.992283438722822	0.9891897814125381	0.9924552248364736	0.9898810385083686	0.9909283445153076	0.9965386046332367	0.9955116613781134	0.994141419954636	0.9974124253200174	0.993411120956847	0.9961029520207763	0.9955751617231868	0.9950975054110791	0.9954459385929181	0.991820384818402	1.0	0.9925672674294729	0.9886606312027548	0.9939596434318186	0.9962420826161853	0.9945293336721006	0.9909250253543718
0.9884686684826423	0.9934357145291085	0.997781023665604	0.9976802258127965	0.9933166774937643	0.993007302189601	0.9912993559028236	0.9899441323388449	0.9864873942092995	0.9984244716586762	0.9952945207730685	0.992834646581329	0.9925707156020039	0.9935322050215478	0.9921343893219466	0.9936275174110892	0.9938216669067239	0.9937557758998905	0.9938468972498158	0.9929245292574613	0.992268462309702	0.995045035758118	0.9925672674294729	1.0	0.9910697150693704	0.9902484824376083	0.9930739515083814	0.9917718771581522	0.9909147257334381
0.984618582376152	0.9890332678858731	0.990555348014769	0.9910889523962896	0.9893282923329304	0.9888370411805023	0.988156634290978	0.9866239753339642	0.9855175891750734	0.9909249954389018	0.9886325485889949	0.9879479404723337	0.9887288918832722	0.9894494316398381	0.989162117595199	0.9891649102299341	0.9889804944993608	0.9892828578369839	0.9892047483871041	0.9893811989568777	0.9877423558128771	0.990725546014297	0.9886606312027548	0.9910697150693704	1.0	0.9878560437531927	0.9896707369968553	0.9881580629100282	0.9867709655448215
0.98174505709905	0.9936770776845493	0.9906087977146136	0.9905803536171028	0.994638803768906	0.9924955225197076	0.9911556366946506	0.9907998559004391	0.9876925149483377	0.9901109108883572	0.9875813174021271	0.988642350231995	0.9939050997944848	0.9934746358288269	0.9924442494980454	0.9941792287258311	0.9912656256032295	0.9937031382457984	0.9933026035887036	0.9936254601868578	0.9942103811357555	0.9895171313257266	0.9939596434318186	0.9902484824376083	0.9878560437531927	1.0	0.9948760842101433	0.9925170331374435	0.9884813828084891
0.9834507539827494	0.9962229324023746	0.9932619856584182	0.9933223503713349	0.9968894471227878	0.9950716369075057	0.9933377309493926	0.9925809292314584	0.989631389739148	0.9929149868538253	0.9902459716604509	0.9911668972211497	0.996512495049218	0.9956728163506372	0.9948976267174917	0.996496624970907	0.9935671119586691	0.9963228209165143	0.9958602474033384	0.9962286134459616	0.9963988071476206	0.9918213710597391	0.9962420826161853	0.9930739515083814	0.9896707369968553	0.9948760842101433	1.0	0.9949600053896879	0.9910621993079151
0.9828903541930755	0.9942250620508558	0.9914651261229768	0.9917460372086363	0.9948650695955764	0.9930691299216934	0.9920796135566904	0.9914058947058626	0.9880923449997157	0.9910226401475744	0.9885837501654469	0.9903889733082906	0.9945311246826455	0.9936362664977476	0.9926977702891127	0.9951041946339674	0.9925208808754632	0.9944743195431264	0.9934678273944871	0.9943409807224841	0.994414609172831	0.9902692957334357	0.9945293336721006	0.9917718771581522	0.9881580629100282	0.9925170331374435	0.9949600053896879	1.0	0.9894211682546739
0.9829070734111972	0.9910295398247755	0.9907936456834928	0.9912217693563594	0.9913057520268721	0.9910366593357175	0.9890139917738433	0.9881227815000073	0.9857235032349484	0.9908892400252687	0.9882473371665383	0.9891091787488377	0.9904245989866453	0.9913216175585001	0.9901003497743673	0.9915820939197371	0.9900622369206906	0.9913128810347247	0.9908220504409769	0.9910273746182315	0.9896818356145274	0.9900397008279861	0.9909250253543718	0.9909147257334381	0.9867709655448215	0.9884813828084891	0.9910621993079151	0.9894211682546739	1.0
