/home/jshaw/scratch/2022_sketched_distance/references/SGB_genome_fastas_part5/15225/Bengtsson-PalmeJ_2015__TRAVELRES10__bin.84.fa	/home/jshaw/scratch/2022_sketched_distance/references/SGB_genome_fastas_part5/15225/Bengtsson-PalmeJ_2015__TRAVELRES27__bin.39.fa	/home/jshaw/scratch/2022_sketched_distance/references/SGB_genome_fastas_part5/15225/Bengtsson-PalmeJ_2015__TRAVELRES62__bin.82.fa	/home/jshaw/scratch/2022_sketched_distance/references/SGB_genome_fastas_part5/15225/Bengtsson-PalmeJ_2015__TRAVELRES6__bin.65.fa	/home/jshaw/scratch/2022_sketched_distance/references/SGB_genome_fastas_part5/15225/CosteaPI_2017__pluto4-11-30-0__bin.14.fa	/home/jshaw/scratch/2022_sketched_distance/references/SGB_genome_fastas_part5/15225/CosteaPI_2017__SID713B003-11-90-0__bin.69.fa	/home/jshaw/scratch/2022_sketched_distance/references/SGB_genome_fastas_part5/15225/CosteaPI_2017__SID713B053-11-90-0__bin.18.fa	/home/jshaw/scratch/2022_sketched_distance/references/SGB_genome_fastas_part5/15225/CosteaPI_2017__SID713B061-11-90-0__bin.11.fa	/home/jshaw/scratch/2022_sketched_distance/references/SGB_genome_fastas_part5/15225/HeQ_2017__SZAXPI029571-86__bin.34.fa	/home/jshaw/scratch/2022_sketched_distance/references/SGB_genome_fastas_part5/15225/LeChatelierE_2013__MH0220__bin.39.fa	/home/jshaw/scratch/2022_sketched_distance/references/SGB_genome_fastas_part5/15225/LeChatelierE_2013__MH0244__bin.23.fa	/home/jshaw/scratch/2022_sketched_distance/references/SGB_genome_fastas_part5/15225/LiJ_2017__H1M5XX814__bin.21.fa	/home/jshaw/scratch/2022_sketched_distance/references/SGB_genome_fastas_part5/15225/LiJ_2017__nHF611623__bin.25.fa	/home/jshaw/scratch/2022_sketched_distance/references/SGB_genome_fastas_part5/15225/LouisS_2016__AS68_0__bin.29.fa	/home/jshaw/scratch/2022_sketched_distance/references/SGB_genome_fastas_part5/15225/NielsenHB_2014__V1_UC35_4__bin.23.fa	/home/jshaw/scratch/2022_sketched_distance/references/SGB_genome_fastas_part5/15225/QinJ_2012__T2D-043__bin.16.fa	/home/jshaw/scratch/2022_sketched_distance/references/SGB_genome_fastas_part5/15225/RaymondF_2016__P14E90__bin.92.fa	/home/jshaw/scratch/2022_sketched_distance/references/SGB_genome_fastas_part5/15225/RaymondF_2016__P23C0__bin.29.fa	/home/jshaw/scratch/2022_sketched_distance/references/SGB_genome_fastas_part5/15225/RaymondF_2016__P23C7__bin.9.fa	/home/jshaw/scratch/2022_sketched_distance/references/SGB_genome_fastas_part5/15225/RaymondF_2016__P23C90__bin.54.fa	/home/jshaw/scratch/2022_sketched_distance/references/SGB_genome_fastas_part5/15225/RaymondF_2016__P25C0__bin.19.fa	/home/jshaw/scratch/2022_sketched_distance/references/SGB_genome_fastas_part5/15225/RaymondF_2016__P25C7__bin.10.fa	/home/jshaw/scratch/2022_sketched_distance/references/SGB_genome_fastas_part5/15225/RaymondF_2016__P38C7__bin.46.fa	/home/jshaw/scratch/2022_sketched_distance/references/SGB_genome_fastas_part5/15225/RaymondF_2016__P6C7__bin.13.fa	/home/jshaw/scratch/2022_sketched_distance/references/SGB_genome_fastas_part5/15225/RaymondF_2016__P6C90__bin.5.fa	/home/jshaw/scratch/2022_sketched_distance/references/SGB_genome_fastas_part5/15225/VatanenT_2016__G80439__bin.13.fa	/home/jshaw/scratch/2022_sketched_distance/references/SGB_genome_fastas_part5/15225/VogtmannE_2016__MMRS84085284ST-27-0-0__bin.2.fa	/home/jshaw/scratch/2022_sketched_distance/references/SGB_genome_fastas_part5/15225/VogtmannE_2016__MMRS86178473ST-27-0-0__bin.15.fa	/home/jshaw/scratch/2022_sketched_distance/references/SGB_genome_fastas_part5/15225/WenC_2017__N244__bin.3.fa	/home/jshaw/scratch/2022_sketched_distance/references/SGB_genome_fastas_part5/15225/XieH_2016__YSZC12003_37648__bin.37.fa	/home/jshaw/scratch/2022_sketched_distance/references/SGB_genome_fastas_part5/15225/ZeeviD_2015__PNP_Main_62__bin.42.fa	/home/jshaw/scratch/2022_sketched_distance/references/SGB_genome_fastas_part5/15225/ZellerG_2014__CCIS48174381ST-4-0__bin.35.fa	/home/jshaw/scratch/2022_sketched_distance/references/SGB_genome_fastas_part5/15225/ZellerG_2014__CCIS91228662ST-4-0__bin.28.fa	/home/jshaw/scratch/2022_sketched_distance/references/SGB_genome_fastas_part5/15225/ZellerG_2014__CCMD25963797ST-21-0__bin.52.fa
1.0	0.972797124799777	0.9723015182607715	0.9721206347879541	0.9694396000751693	0.9701546675876483	0.9710581062727981	0.9706549705796699	0.9710581062727981	0.9673054157790633	0.9752968312684808	0.970428862631704	0.9709749107042134	0.965048317728558	0.9730714367374433	0.9682168092204215	0.9768828145383319	0.9694396000751693	0.9695703641160452	0.970765981301193	0.9755258090644388	0.9726120437945895	0.9683820244574483	0.973094768397369	0.9736825263462225	0.9661671735232638	0.9727181455477739	0.9735750475370203	0.9712238586615486	0.9752238381712746	0.9725329052625344	0.9734203532919941	0.9749670637511768	0.9719594203976059
0.972797124799777	1.0	0.9733563060270405	0.9702373967014112	0.9689351808127792	0.9660355324709989	0.9688773546336847	0.9636755037996547	0.971913508667178	0.9626386029187702	0.9777787449937021	0.9689351808127792	0.9713822505386133	0.9655899952576866	0.9731033271397558	0.963126660335581	0.9703481924543887	0.9670925653027871	0.9674575100501549	0.9683522055106881	0.9675782461933446	0.9634652980016771	0.9634022545750047	0.9713286422335787	0.9677585071880479	0.9577118402311176	0.9728995138100798	0.973657299816982	0.9719661583820658	0.9762476401659692	0.9688194247304419	0.9678781239842785	0.9738067562949295	0.9715425449885252
0.9723015182607715	0.9733563060270405	1.0	0.9701885510585402	0.9688779433229582	0.9662915606977242	0.9686542450232577	0.9664077870662758	0.9706138736942764	0.9661693204492688	0.9750679259773011	0.969055792995723	0.9708244563394872	0.9647452056667157	0.9738674197173659	0.96676244410823	0.9686612395310664	0.9684741637956013	0.968428986096651	0.9704868630683423	0.9717407038509425	0.9679230853609144	0.9672577788386467	0.9701431931801046	0.9694520211742591	0.9654149144836669	0.9732111249603439	0.9721406872878636	0.9711585641097201	0.9740959208220858	0.969242764467953	0.9915787637904668	0.9730939175431276	0.9728187751189658
0.9721206347879541	0.9702373967014112	0.9701885510585402	1.0	0.967735733609511	0.9651983587100353	0.9689998579173337	0.9668423788226822	0.9705978610586077	0.9710646213906222	0.974447346676103	0.9692644207956758	0.970765981301193	0.9637720927557264	0.9732272281930932	0.9665412919884205	0.9710110690050088	0.9685091246549528	0.9685091246549528	0.9700881935609618	0.9722513781732393	0.9700585916419829	0.9665745485638513	0.9726949705700569	0.9719022656458495	0.9677391976852866	0.9720401278589115	0.9736518370256863	0.9702163653501235	0.973957191056642	0.9711571079320653	0.9713217914637966	0.9755510242431765	0.9719594203976059
0.9694396000751693	0.9689351808127792	0.9688779433229582	0.967735733609511	1.0	0.9676313132279857	0.9657447035696595	0.967956065206094	0.9764768668453935	0.9626217286605149	0.9724600568259416	0.9753941917322262	0.9750011850480278	0.9692765531841169	0.9695753986502176	0.9732769257785546	0.9686124552121659	0.9723822195061141	0.9724989055068692	0.9741637559493391	0.9690030266589101	0.9649517546605066	0.9743708588292612	0.9706613285623386	0.9701203859897475	0.9657932412184943	0.9691906586241319	0.9707028852385599	0.9762355219023696	0.9726924536473812	0.9673611332140052	0.9699510641193738	0.9710295454591259	0.9715534364769981
0.9701546675876483	0.9660355324709989	0.9662915606977242	0.9651983587100353	0.9676313132279857	1.0	0.9668245530161806	0.9707028852385599	0.9688274288182188	0.9599291862304129	0.9706279857454748	0.9671116027573818	0.9676313132279857	0.9621799161213586	0.967957730308848	0.9641225750517971	0.9657556080183956	0.9671591968415418	0.9673488736747372	0.9688274288182188	0.96703990234536	0.9640397030607059	0.9671013908351206	0.9679833639463521	0.9687164394685495	0.9632506122405409	0.9671116027573818	0.9690972738021696	0.9690972738021696	0.9710944793269326	0.9651996872479571	0.9677794081266685	0.9699372115049455	0.9703706711755248
0.9710581062727981	0.9688773546336847	0.9686542450232577	0.9689998579173337	0.9657447035696595	0.9668245530161806	1.0	0.9658004850611004	0.9649592974454665	0.9670385271057511	0.9687418299447984	0.9643288190208814	0.9647355429937083	0.9586160761974841	0.9657956486740574	0.9663186113302671	0.9710563671594244	0.963029495935464	0.9632654065029501	0.9648252316666047	0.9724534156269361	0.9695827720135125	0.9660929106623259	0.9739573562314172	0.9742250065162981	0.9737037847781318	0.9660553075617472	0.9781362218961784	0.9656213719266864	0.9686624183249327	0.9713379486381126	0.9705909309690307	0.9789625313980646	0.9641920927526301
0.9706549705796699	0.9636755037996547	0.9664077870662758	0.9668423788226822	0.967956065206094	0.9707028852385599	0.9658004850611004	1.0	0.9715534364769981	0.9586513373970323	0.9718782650036599	0.9704143270493323	0.9707028852385599	0.9648387941152983	0.9688809806051589	0.9645975214990063	0.9645503844506689	0.968830285691345	0.968830285691345	0.9708938375135676	0.9646943089280695	0.9628065687352574	0.9658561700669759	0.9690829682736856	0.9662316669880873	0.9580307981575839	0.9680601521957793	0.9696814629649627	0.9720164862757078	0.9713194050786832	0.965010606528461	0.9655127882897095	0.9716930477776622	0.9697801432953251
0.9710581062727981	0.971913508667178	0.9706138736942764	0.9705978610586077	0.9764768668453935	0.9688274288182188	0.9649592974454665	0.9715534364769981	1.0	0.9645314642777748	0.9723788672774146	0.9744999084080275	0.9796835438186033	0.9737862679410432	0.9694305942223806	0.9782384523246878	0.9694794935655443	0.9709252905588898	0.9711496210461786	0.9722424981031115	0.9713783803932532	0.9677966832184388	0.9747856142796205	0.9711291053494716	0.9714659061985613	0.9662908589153324	0.9680149722140757	0.9713723542078961	0.9915155209937881	0.9724128701085647	0.9701907516590546	0.9726368363537115	0.9691624007613183	0.9700884078960812
0.9673054157790633	0.9626386029187702	0.9661693204492688	0.9710646213906222	0.9626217286605149	0.9599291862304129	0.9670385271057511	0.9586513373970323	0.9645314642777748	1.0	0.9706359306620461	0.9645314642777748	0.9648198682850939	0.9601955943620385	0.9798784355238771	0.9577229574658359	0.9648772400006912	0.9643571719062358	0.9663888304594337	0.9664434750213586	0.9642429367966675	0.9587102799575066	0.9591163864562479	0.9682483312705666	0.9650030986996838	0.9607102446583846	0.9814287403069997	0.971720390275285	0.964647136469893	0.9715809820226319	0.9644734717487206	0.963273732586831	0.9727247910461371	0.9651057089682722
0.9752968312684808	0.9777787449937021	0.9750679259773011	0.974447346676103	0.9724600568259416	0.9706279857454748	0.9687418299447984	0.9718782650036599	0.9723788672774146	0.9706359306620461	1.0	0.9705120221381386	0.9724446010416118	0.968750645636416	0.9759598985626978	0.9718966256863065	0.9737895575173807	0.9690328685875859	0.9690675545894802	0.9695803176026785	0.9746436368062862	0.9706436862228821	0.9706602093647716	0.9762357852078968	0.9772616640951868	0.9710989428855041	0.9739510176741234	0.9748618176657391	0.967354970372199	0.9827164487711856	0.9745542754783739	0.9761118993675665	0.9712987228989673	0.9733507540894875
0.970428862631704	0.9689351808127792	0.969055792995723	0.9692644207956758	0.9753941917322262	0.9671116027573818	0.9643288190208814	0.9704143270493323	0.9744999084080275	0.9645314642777748	0.9705120221381386	1.0	0.9745328084754571	0.9691092247586036	0.9674695926553236	0.9742093368441296	0.9695744103696322	0.9706976174225495	0.9705863880611291	0.972356947162834	0.9705346613337762	0.9668325376868805	0.974035198454316	0.9707041342370419	0.9714170568948598	0.9637220436507693	0.9669749870267766	0.9678867098939525	0.9749899450910382	0.9699487600191038	0.9707005359402286	0.9713217914637966	0.9682774443106458	0.9699487600191038
0.9709749107042134	0.9713822505386133	0.9708244563394872	0.970765981301193	0.9750011850480278	0.9676313132279857	0.9647355429937083	0.9707028852385599	0.9796835438186033	0.9648198682850939	0.9724446010416118	0.9745328084754571	1.0	0.9884312538113731	0.9693839458433644	0.9896212450112144	0.9701846677732255	0.9712480505815468	0.9714007044698312	0.9725817439599523	0.9704276327050138	0.9670924753472568	0.9744125734881232	0.9706613285623386	0.9714659061985613	0.9667809055641572	0.9682306103874883	0.9702910135684684	0.9804984300745326	0.9719250839051267	0.9707464840946324	0.9723380668315404	0.9701674630024893	0.9699826264149877
0.965048317728558	0.9655899952576866	0.9647452056667157	0.9637720927557264	0.9692765531841169	0.9621799161213586	0.9586160761974841	0.9648387941152983	0.9737862679410432	0.9601955943620385	0.968750645636416	0.9691092247586036	0.9884312538113731	1.0	0.9648817440333219	0.9838723251418218	0.9636618172778022	0.9661658374764613	0.9668529776090662	0.9675257725420152	0.9642429367966675	0.9606661517765722	0.9686321632167522	0.9639746627378424	0.9659433752619427	0.9592067262323596	0.9648817440333219	0.9638346769778693	0.9755222752205662	0.9669378488848377	0.9639771254944733	0.9656361451376775	0.9652411248054026	0.9653303462117477
0.9730714367374433	0.9731033271397558	0.9738674197173659	0.9732272281930932	0.9695753986502176	0.967957730308848	0.9657956486740574	0.9688809806051589	0.9694305942223806	0.9798784355238771	0.9759598985626978	0.9674695926553236	0.9693839458433644	0.9648817440333219	1.0	0.9694060271037647	0.9720811084139649	0.9666133407097762	0.9667595817090425	0.968396951267788	0.9733962671276946	0.9692817878923737	0.968929794028952	0.973685375378807	0.973909662383515	0.9679157499428093	0.9865259738152687	0.9723819507779204	0.9700278741757982	0.9744143000457561	0.973263293790565	0.9757536400032346	0.9717562625307957	0.9701754857821335
0.9682168092204215	0.963126660335581	0.96676244410823	0.9665412919884205	0.9732769257785546	0.9641225750517971	0.9663186113302671	0.9645975214990063	0.9782384523246878	0.9577229574658359	0.9718966256863065	0.9742093368441296	0.9896212450112144	0.9838723251418218	0.9694060271037647	1.0	0.9636405041202871	0.9725019844515144	0.9727776126706208	0.9740777637889113	0.9621640534806156	0.9612148046675459	0.9693043375117665	0.966927317855035	0.9655939828744109	0.957709766271618	0.9678992368779085	0.969909730189857	0.9782771010771859	0.9713754132778125	0.9641225750517971	0.9636688190698978	0.9713276117128566	0.970405705857067
0.9768828145383319	0.9703481924543887	0.9686612395310664	0.9710110690050088	0.9686124552121659	0.9657556080183956	0.9710563671594244	0.9645503844506689	0.9694794935655443	0.9648772400006912	0.9737895575173807	0.9695744103696322	0.9701846677732255	0.9636618172778022	0.9720811084139649	0.9636405041202871	1.0	0.9695269868139492	0.9697162649520145	0.9712369285303508	0.9792852712883586	0.9766595215110068	0.9649402512930116	0.9722996527122197	0.970725312289312	0.9639219866719045	0.9713268329637742	0.9730744328105643	0.9715950581361658	0.9737062385759602	0.9786893515491937	0.9673736734956958	0.9752538615703176	0.9705085590941298
0.9694396000751693	0.9670925653027871	0.9684741637956013	0.9685091246549528	0.9723822195061141	0.9671591968415418	0.963029495935464	0.968830285691345	0.9709252905588898	0.9643571719062358	0.9690328685875859	0.9706976174225495	0.9712480505815468	0.9661658374764613	0.9666133407097762	0.9725019844515144	0.9695269868139492	1.0	0.997756631660619	0.9991260446062323	0.968437929039225	0.9645340203639894	0.9718998633128157	0.9707041342370419	0.9707752159248004	0.9659183684502158	0.9657788165989961	0.9700940555032866	0.9720585555752853	0.9685322249298348	0.9668471692438333	0.9697890993145333	0.9691092064912935	0.9673060774827891
0.9695703641160452	0.9674575100501549	0.968428986096651	0.9685091246549528	0.9724989055068692	0.9673488736747372	0.9632654065029501	0.968830285691345	0.9711496210461786	0.9663888304594337	0.9690675545894802	0.9705863880611291	0.9714007044698312	0.9668529776090662	0.9667595817090425	0.9727776126706208	0.9697162649520145	0.997756631660619	1.0	0.9980117280888968	0.968665156208096	0.9648131119380395	0.9717644444229041	0.9707041342370419	0.9710730324266847	0.9657932412184943	0.9660505691418686	0.9699753022631666	0.972212249696492	0.968603396206287	0.9669506197097774	0.9700585916419829	0.9698266327619953	0.9673724831017086
0.970765981301193	0.9683522055106881	0.9704868630683423	0.9700881935609618	0.9741637559493391	0.9688274288182188	0.9648252316666047	0.9708938375135676	0.9722424981031115	0.9664434750213586	0.9695803176026785	0.972356947162834	0.9725817439599523	0.9675257725420152	0.968396951267788	0.9740777637889113	0.9712369285303508	0.9991260446062323	0.9980117280888968	1.0	0.9703202487741325	0.9666361992868864	0.9737386218137705	0.9724527041196416	0.9724750838371402	0.9673234449893259	0.9666978112686215	0.9715239242092383	0.9726913882481478	0.9695825027208704	0.9688069250465233	0.9717321355127135	0.9696528042018949	0.9684019973814874
0.9755258090644388	0.9675782461933446	0.9717407038509425	0.9722513781732393	0.9690030266589101	0.96703990234536	0.9724534156269361	0.9646943089280695	0.9713783803932532	0.9642429367966675	0.9746436368062862	0.9705346613337762	0.9704276327050138	0.9642429367966675	0.9733962671276946	0.9621640534806156	0.9792852712883586	0.968437929039225	0.968665156208096	0.9703202487741325	1.0	0.9843493586239744	0.9653910511028968	0.9738817127840275	0.9704276327050138	0.9605630316566327	0.9722006714041903	0.9755715826183466	0.9711695035038898	0.9758448792025253	0.9839553682836888	0.9669206176433096	0.9774813093155231	0.9716375958262057
0.9726120437945895	0.9634652980016771	0.9679230853609144	0.9700585916419829	0.9649517546605066	0.9640397030607059	0.9695827720135125	0.9628065687352574	0.9677966832184388	0.9587102799575066	0.9706436862228821	0.9668325376868805	0.9670924753472568	0.9606661517765722	0.9692817878923737	0.9612148046675459	0.9766595215110068	0.9645340203639894	0.9648131119380395	0.9666361992868864	0.9843493586239744	1.0	0.9616777146771196	0.9701764603828481	0.9659058775879196	0.9563565879497027	0.9679230853609144	0.9720617541434543	0.9672216623437607	0.970874792910441	0.9814866327002942	0.9622094610127128	0.9732602947895674	0.9677966832184388
0.9683820244574483	0.9634022545750047	0.9672577788386467	0.9665745485638513	0.9743708588292612	0.9671013908351206	0.9660929106623259	0.9658561700669759	0.9747856142796205	0.9591163864562479	0.9706602093647716	0.974035198454316	0.9744125734881232	0.9686321632167522	0.968929794028952	0.9693043375117665	0.9649402512930116	0.9718998633128157	0.9717644444229041	0.9737386218137705	0.9653910511028968	0.9616777146771196	1.0	0.9684823126570448	0.965827331954567	0.9607102446583846	0.9680285413036159	0.9702835967641413	0.9740773462407442	0.9715830007119493	0.9638605373525175	0.9646357887034505	0.9708933852776137	0.9717191786965622
0.973094768397369	0.9713286422335787	0.9701431931801046	0.9726949705700569	0.9706613285623386	0.9679833639463521	0.9739573562314172	0.9690829682736856	0.9711291053494716	0.9682483312705666	0.9762357852078968	0.9707041342370419	0.9706613285623386	0.9639746627378424	0.973685375378807	0.966927317855035	0.9722996527122197	0.9707041342370419	0.9707041342370419	0.9724527041196416	0.9738817127840275	0.9701764603828481	0.9684823126570448	1.0	0.9963451957957489	0.9730093167226939	0.9732928343434815	0.9807743959438243	0.9712555162170438	0.975321231515339	0.9716520097233918	0.9713733697353857	0.9808057676764227	0.9718802724276498
0.9736825263462225	0.9677585071880479	0.9694520211742591	0.9719022656458495	0.9701203859897475	0.9687164394685495	0.9742250065162981	0.9662316669880873	0.9714659061985613	0.9650030986996838	0.9772616640951868	0.9714170568948598	0.9714659061985613	0.9659433752619427	0.973909662383515	0.9655939828744109	0.970725312289312	0.9707752159248004	0.9710730324266847	0.9724750838371402	0.9704276327050138	0.9659058775879196	0.965827331954567	0.9963451957957489	1.0	0.9682078736833982	0.9738643621448548	0.9806338000753786	0.9715633842929468	0.976392637810105	0.9701203859897475	0.9673736734956958	0.981217766199445	0.9723803144737228
0.9661671735232638	0.9577118402311176	0.9654149144836669	0.9677391976852866	0.9657932412184943	0.9632506122405409	0.9737037847781318	0.9580307981575839	0.9662908589153324	0.9607102446583846	0.9710989428855041	0.9637220436507693	0.9667809055641572	0.9592067262323596	0.9679157499428093	0.957709766271618	0.9639219866719045	0.9659183684502158	0.9657932412184943	0.9673234449893259	0.9605630316566327	0.9563565879497027	0.9607102446583846	0.9730093167226939	0.9682078736833982	1.0	0.9677981558603221	0.9871143539404346	0.9685549673655177	0.9681496601099434	0.9650962087749562	0.9611478666695876	0.9897716923938665	0.9670834429525274
0.9727181455477739	0.9728995138100798	0.9732111249603439	0.9720401278589115	0.9691906586241319	0.9671116027573818	0.9660553075617472	0.9680601521957793	0.9680149722140757	0.9814287403069997	0.9739510176741234	0.9669749870267766	0.9682306103874883	0.9648817440333219	0.9865259738152687	0.9678992368779085	0.9713268329637742	0.9657788165989961	0.9660505691418686	0.9666978112686215	0.9722006714041903	0.9679230853609144	0.9680285413036159	0.9732928343434815	0.9738643621448548	0.9677981558603221	1.0	0.9715239242092383	0.9692341639576464	0.9732488747070325	0.9731782145573115	0.9742797705506263	0.9695948534858015	0.9692749328021139
0.9735750475370203	0.973657299816982	0.9721406872878636	0.9736518370256863	0.9707028852385599	0.9690972738021696	0.9781362218961784	0.9696814629649627	0.9713723542078961	0.971720390275285	0.9748618176657391	0.9678867098939525	0.9702910135684684	0.9638346769778693	0.9723819507779204	0.969909730189857	0.9730744328105643	0.9700940555032866	0.9699753022631666	0.9715239242092383	0.9755715826183466	0.9720617541434543	0.9702835967641413	0.9807743959438243	0.9806338000753786	0.9871143539404346	0.9715239242092383	1.0	0.9709518403893745	0.9733967489908136	0.9751609892050224	0.9745145152245819	0.9929457799905527	0.9704867794818463
0.9712238586615486	0.9719661583820658	0.9711585641097201	0.9702163653501235	0.9762355219023696	0.9690972738021696	0.9656213719266864	0.9720164862757078	0.9915155209937881	0.964647136469893	0.967354970372199	0.9749899450910382	0.9804984300745326	0.9755222752205662	0.9700278741757982	0.9782771010771859	0.9715950581361658	0.9720585555752853	0.972212249696492	0.9726913882481478	0.9711695035038898	0.9672216623437607	0.9740773462407442	0.9712555162170438	0.9715633842929468	0.9685549673655177	0.9692341639576464	0.9709518403893745	1.0	0.9721174544898554	0.9707464840946324	0.9727851949026091	0.9686051977370926	0.9701613551342441
0.9752238381712746	0.9762476401659692	0.9740959208220858	0.973957191056642	0.9726924536473812	0.9710944793269326	0.9686624183249327	0.9713194050786832	0.9724128701085647	0.9715809820226319	0.9827164487711856	0.9699487600191038	0.9719250839051267	0.9669378488848377	0.9744143000457561	0.9713754132778125	0.9737062385759602	0.9685322249298348	0.968603396206287	0.9695825027208704	0.9758448792025253	0.970874792910441	0.9715830007119493	0.975321231515339	0.976392637810105	0.9681496601099434	0.9732488747070325	0.9733967489908136	0.9721174544898554	1.0	0.9743083816416626	0.9753458242000038	0.9717770262109029	0.9728852025193673
0.9725329052625344	0.9688194247304419	0.969242764467953	0.9711571079320653	0.9673611332140052	0.9651996872479571	0.9713379486381126	0.965010606528461	0.9701907516590546	0.9644734717487206	0.9745542754783739	0.9707005359402286	0.9707464840946324	0.9639771254944733	0.973263293790565	0.9641225750517971	0.9786893515491937	0.9668471692438333	0.9669506197097774	0.9688069250465233	0.9839553682836888	0.9814866327002942	0.9638605373525175	0.9716520097233918	0.9701203859897475	0.9650962087749562	0.9731782145573115	0.9751609892050224	0.9707464840946324	0.9743083816416626	1.0	0.9685758838824405	0.9772183674767785	0.9708381851315737
0.9734203532919941	0.9678781239842785	0.9915787637904668	0.9713217914637966	0.9699510641193738	0.9677794081266685	0.9705909309690307	0.9655127882897095	0.9726368363537115	0.963273732586831	0.9761118993675665	0.9713217914637966	0.9723380668315404	0.9656361451376775	0.9757536400032346	0.9636688190698978	0.9673736734956958	0.9697890993145333	0.9700585916419829	0.9717321355127135	0.9669206176433096	0.9622094610127128	0.9646357887034505	0.9713733697353857	0.9673736734956958	0.9611478666695876	0.9742797705506263	0.9745145152245819	0.9727851949026091	0.9753458242000038	0.9685758838824405	1.0	0.9752544996205739	0.9741381049701806
0.9749670637511768	0.9738067562949295	0.9730939175431276	0.9755510242431765	0.9710295454591259	0.9699372115049455	0.9789625313980646	0.9716930477776622	0.9691624007613183	0.9727247910461371	0.9712987228989673	0.9682774443106458	0.9701674630024893	0.9652411248054026	0.9717562625307957	0.9713276117128566	0.9752538615703176	0.9691092064912935	0.9698266327619953	0.9696528042018949	0.9774813093155231	0.9732602947895674	0.9708933852776137	0.9808057676764227	0.981217766199445	0.9897716923938665	0.9695948534858015	0.9929457799905527	0.9686051977370926	0.9717770262109029	0.9772183674767785	0.9752544996205739	1.0	0.9694243684198852
0.9719594203976059	0.9715425449885252	0.9728187751189658	0.9719594203976059	0.9715534364769981	0.9703706711755248	0.9641920927526301	0.9697801432953251	0.9700884078960812	0.9651057089682722	0.9733507540894875	0.9699487600191038	0.9699826264149877	0.9653303462117477	0.9701754857821335	0.970405705857067	0.9705085590941298	0.9673060774827891	0.9673724831017086	0.9684019973814874	0.9716375958262057	0.9677966832184388	0.9717191786965622	0.9718802724276498	0.9723803144737228	0.9670834429525274	0.9692749328021139	0.9704867794818463	0.9701613551342441	0.9728852025193673	0.9708381851315737	0.9741381049701806	0.9694243684198852	1.0
