	YuJ_2015__SZAXPI017586-111__bin.46	YuJ_2015__SZAXPI015213-15__bin.3	HeQ_2017__SZAXPI029460-123__bin.30	YuJ_2015__SZAXPI015258-57__bin.36	LiJ_2017__H2M514917__bin.38	QinJ_2012__CON-098__bin.12	HeQ_2017__RSZAXPI003105-143__bin.29	WenC_2017__N010__bin.15	VogtmannE_2016__MMRS93621581ST-27-0-0__bin.75	QinJ_2012__CON-084__bin.10	QinN_2014__LD-74__bin.17	QinJ_2012__CON-074__bin.14	YuJ_2015__SZAXPI003417-4__bin.21	YuJ_2015__SZAXPI015210-17__bin.10	QinJ_2012__CON-040__bin.45	LiJ_2017__H1M513803__bin.32	QinN_2014__HD-26__bin.35	WenC_2017__N287__bin.41	LiJ_2014__O2.UC8-0__bin.48	ChengpingW_2017__AS54raw__bin.17	QinJ_2012__T2D-087__bin.26	QinJ_2012__CON-094__bin.51	QinJ_2012__T2D-008__bin.19	WenC_2017__RA068__bin.5	FerrettiP_2018__CA_C10029IS2503FE_t3M15__bin.3	HeQ_2017__RSZAXPI003102-140__bin.5	QinJ_2012__CON-022__bin.36	QinN_2014__HD-58__bin.4	QinN_2014__LD-84__bin.67	LiJ_2014__O2.UC8-1__bin.57	QinN_2014__HD-81__bin.7	QinJ_2012__T2D-023__bin.48	HeQ_2017__RSZAXPI003081-115__bin.31	QinJ_2012__NOM022__bin.8	LeChatelierE_2013__MH0321__bin.36	VogtmannE_2016__MMRS67247116ST-27-0-0__bin.90	ChengpingW_2017__AS42raw__bin.81	VogtmannE_2016__MMRS56137463ST-27-0-0__bin.1	QinN_2014__HD-43__bin.29	QinJ_2012__NLM032__bin.22	QinN_2014__LD-16__bin.6
YuJ_2015__SZAXPI017586-111__bin.46	0.0	7569.0	11648.0	9250.0	10890.0	11023.0	6854.0	13297.0	11038.0	9547.0	12849.0	7861.0	7503.0	7842.0	6124.0	9843.0	12098.0	11369.0	12554.0	11562.0	11463.0	12458.0	10843.0	11172.0	11011.0	6963.0	10844.0	6450.0	11737.0	12356.0	10334.0	11122.0	7050.0	11831.0	12679.0	13036.0	25187.0	11480.0	13028.0	9624.0	13117.0
YuJ_2015__SZAXPI015213-15__bin.3	7569.0	0.0	7424.0	6444.0	7359.0	7069.0	4430.0	7007.0	6104.0	6484.0	8070.0	4437.0	5683.0	5231.0	5131.0	6121.0	7214.0	6690.0	7234.0	6167.0	7253.0	7538.0	6482.0	7283.0	5150.0	4442.0	6634.0	4498.0	7430.0	7657.0	7146.0	7462.0	4471.0	7306.0	7414.0	7358.0	15790.0	5222.0	7443.0	7245.0	6869.0
HeQ_2017__SZAXPI029460-123__bin.30	11648.0	7424.0	0.0	9972.0	13252.0	12494.0	191.0	13101.0	10655.0	9290.0	13869.0	7680.0	8772.0	8302.0	6600.0	9833.0	12202.0	11613.0	13418.0	11209.0	4049.0	12724.0	10337.0	13066.0	10122.0	8432.0	10993.0	6375.0	13344.0	13705.0	11805.0	13714.0	7974.0	12941.0	14097.0	13784.0	28083.0	10541.0	13898.0	9956.0	15315.0
YuJ_2015__SZAXPI015258-57__bin.36	9250.0	6444.0	9972.0	0.0	9135.0	9464.0	5585.0	9967.0	8135.0	7102.0	10709.0	6007.0	7142.0	6809.0	4892.0	7858.0	10317.0	9612.0	10634.0	9562.0	9540.0	10042.0	8554.0	9310.0	7997.0	5894.0	9110.0	5239.0	9419.0	10860.0	8726.0	9866.0	5945.0	10380.0	10304.0	9431.0	20273.0	8613.0	10454.0	8172.0	10488.0
LiJ_2017__H2M514917__bin.38	10890.0	7359.0	13252.0	9135.0	0.0	13535.0	7083.0	13984.0	11830.0	8642.0	15211.0	7292.0	8547.0	8729.0	5895.0	8999.0	13166.0	11476.0	16086.0	12016.0	12325.0	13898.0	10519.0	7897.0	11343.0	8269.0	11232.0	5962.0	12460.0	14824.0	3497.0	10549.0	8142.0	14047.0	14264.0	14433.0	28367.0	11635.0	16766.0	7396.0	16051.0
QinJ_2012__CON-098__bin.12	11023.0	7069.0	12494.0	9464.0	13535.0	0.0	8442.0	13173.0	10477.0	10095.0	13236.0	9190.0	8508.0	7294.0	6629.0	10224.0	12745.0	11263.0	12691.0	11307.0	11876.0	13368.0	10406.0	13136.0	10314.0	7157.0	10687.0	7603.0	12591.0	12894.0	11852.0	13623.0	7276.0	11695.0	12983.0	12900.0	26210.0	9811.0	15059.0	10367.0	12840.0
HeQ_2017__RSZAXPI003105-143__bin.29	6854.0	4430.0	191.0	5585.0	7083.0	8442.0	0.0	7586.0	7169.0	6222.0	7631.0	5427.0	5407.0	4158.0	3689.0	6078.0	7720.0	6601.0	7665.0	7373.0	2143.0	6992.0	6536.0	7035.0	7012.0	3951.0	6962.0	5070.0	8150.0	7718.0	6731.0	7792.0	3911.0	7169.0	7859.0	7977.0	17911.0	6078.0	8298.0	6051.0	9022.0
WenC_2017__N010__bin.15	13297.0	7007.0	13101.0	9967.0	13984.0	13173.0	7586.0	0.0	11477.0	10403.0	14563.0	9645.0	8866.0	8996.0	6658.0	6082.0	14039.0	11037.0	14566.0	11288.0	12726.0	14026.0	11484.0	13782.0	11027.0	4566.0	11304.0	7310.0	14177.0	14780.0	12559.0	15040.0	4847.0	13191.0	13700.0	13663.0	27977.0	12006.0	9641.0	11180.0	10996.0
VogtmannE_2016__MMRS93621581ST-27-0-0__bin.75	11038.0	6104.0	10655.0	8135.0	11830.0	10477.0	7169.0	11477.0	0.0	8100.0	12436.0	8990.0	8174.0	7010.0	5907.0	8620.0	11119.0	9337.0	11279.0	10033.0	10338.0	10435.0	8884.0	12388.0	9161.0	6370.0	9525.0	7944.0	10472.0	10988.0	10970.0	12001.0	6991.0	10691.0	11984.0	11113.0	20693.0	9835.0	12636.0	9590.0	11848.0
QinJ_2012__CON-084__bin.10	9547.0	6484.0	9290.0	7102.0	8642.0	10095.0	6222.0	10403.0	8100.0	0.0	10652.0	5985.0	7337.0	6546.0	5307.0	8516.0	10860.0	9727.0	10388.0	9558.0	9197.0	9635.0	8667.0	8886.0	8503.0	6030.0	9644.0	5742.0	9484.0	10566.0	8631.0	9101.0	5833.0	10347.0	10955.0	10457.0	22278.0	8229.0	11287.0	8288.0	11210.0
QinN_2014__LD-74__bin.17	12849.0	8070.0	13869.0	10709.0	15211.0	13236.0	7631.0	14563.0	12436.0	10652.0	0.0	9789.0	7539.0	10211.0	7511.0	10065.0	15277.0	11656.0	14287.0	11434.0	13611.0	13814.0	11832.0	14962.0	12871.0	8818.0	11567.0	7677.0	13402.0	13974.0	12616.0	14736.0	8835.0	13572.0	13871.0	13934.0	28217.0	12356.0	16349.0	11399.0	14828.0
QinJ_2012__CON-074__bin.14	7861.0	4437.0	7680.0	6007.0	7292.0	9190.0	5427.0	9645.0	8990.0	5985.0	9789.0	0.0	5041.0	3943.0	2910.0	6577.0	8893.0	7646.0	9202.0	8447.0	8007.0	8831.0	7312.0	7388.0	8743.0	3744.0	7488.0	5041.0	7977.0	9545.0	6380.0	6528.0	3771.0	8609.0	9496.0	8954.0	17801.0	9700.0	10915.0	4408.0	10645.0
YuJ_2015__SZAXPI003417-4__bin.21	7503.0	5683.0	8772.0	7142.0	8547.0	8508.0	5407.0	8866.0	8174.0	7337.0	7539.0	5041.0	0.0	7189.0	6651.0	6877.0	8942.0	8103.0	9391.0	7618.0	8983.0	9150.0	7462.0	8948.0	7039.0	7833.0	8019.0	6171.0	8478.0	10220.0	7608.0	9051.0	8063.0	8529.0	8823.0	9038.0	20169.0	6734.0	10957.0	8588.0	10323.0
YuJ_2015__SZAXPI015210-17__bin.10	7842.0	5231.0	8302.0	6809.0	8729.0	7294.0	4158.0	8996.0	7010.0	6546.0	10211.0	3943.0	7189.0	0.0	6507.0	6313.0	11663.0	7387.0	9538.0	6475.0	8139.0	8277.0	6556.0	8176.0	6114.0	6699.0	7204.0	4433.0	8390.0	8874.0	7923.0	8086.0	7160.0	8065.0	9909.0	8459.0	17476.0	6070.0	12299.0	7379.0	10700.0
QinJ_2012__CON-040__bin.45	6124.0	5131.0	6600.0	4892.0	5895.0	6629.0	3689.0	6658.0	5907.0	5307.0	7511.0	2910.0	6651.0	6507.0	0.0	5358.0	6827.0	7070.0	9406.0	5493.0	6906.0	7768.0	6146.0	7201.0	4914.0	6459.0	6470.0	3460.0	6242.0	8396.0	5879.0	6671.0	6659.0	7177.0	7246.0	7264.0	15546.0	3875.0	10277.0	5904.0	8154.0
LiJ_2017__H1M513803__bin.32	9843.0	6121.0	9833.0	7858.0	8999.0	10224.0	6078.0	6082.0	8620.0	8516.0	10065.0	6577.0	6877.0	6313.0	5358.0	0.0	10179.0	8801.0	10728.0	9762.0	9588.0	10347.0	9041.0	9267.0	7701.0	3634.0	9782.0	5639.0	10655.0	10634.0	8953.0	9907.0	3598.0	10403.0	10752.0	10283.0	23094.0	7839.0	6432.0	8599.0	9211.0
QinN_2014__HD-26__bin.35	12098.0	7214.0	12202.0	10317.0	13166.0	12745.0	7720.0	14039.0	11119.0	10860.0	15277.0	8893.0	8942.0	11663.0	6827.0	10179.0	0.0	11774.0	14598.0	12187.0	11720.0	12674.0	10793.0	13088.0	12053.0	7308.0	12020.0	7321.0	14279.0	13811.0	12091.0	13463.0	7046.0	12419.0	13939.0	14070.0	27236.0	12268.0	14982.0	10550.0	15448.0
WenC_2017__N287__bin.41	11369.0	6690.0	11613.0	9612.0	11476.0	11263.0	6601.0	11037.0	9337.0	9727.0	11656.0	7646.0	8103.0	7387.0	7070.0	8801.0	11774.0	0.0	12036.0	10439.0	11295.0	12003.0	10442.0	11628.0	8949.0	6238.0	10317.0	6374.0	11735.0	11979.0	10935.0	11997.0	5923.0	11810.0	12239.0	12204.0	24435.0	9337.0	11449.0	10163.0	11606.0
LiJ_2014__O2.UC8-0__bin.48	12554.0	7234.0	13418.0	10634.0	16086.0	12691.0	7665.0	14566.0	11279.0	10388.0	14287.0	9202.0	9391.0	9538.0	9406.0	10728.0	14598.0	12036.0	0.0	11323.0	13272.0	13277.0	11541.0	14611.0	10782.0	8852.0	10757.0	7555.0	13116.0	1327.0	12582.0	13752.0	8825.0	13185.0	12716.0	13323.0	27096.0	11434.0	15455.0	11945.0	15439.0
ChengpingW_2017__AS54raw__bin.17	11562.0	6167.0	11209.0	9562.0	12016.0	11307.0	7373.0	11288.0	10033.0	9558.0	11434.0	8447.0	7618.0	6475.0	5493.0	9762.0	12187.0	10439.0	11323.0	0.0	11413.0	11453.0	10470.0	11779.0	9852.0	5569.0	11687.0	6742.0	13574.0	10984.0	10890.0	11568.0	5938.0	11161.0	12906.0	11350.0	25130.0	9859.0	13443.0	11227.0	12300.0
QinJ_2012__T2D-087__bin.26	11463.0	7253.0	4049.0	9540.0	12325.0	11876.0	2143.0	12726.0	10338.0	9197.0	13611.0	8007.0	8983.0	8139.0	6906.0	9588.0	11720.0	11295.0	13272.0	11413.0	0.0	12398.0	10244.0	12667.0	10128.0	7917.0	10786.0	6286.0	13639.0	13826.0	11476.0	13339.0	7710.0	12484.0	13697.0	13048.0	26994.0	9680.0	14709.0	10585.0	15196.0
QinJ_2012__CON-094__bin.51	12458.0	7538.0	12724.0	10042.0	13898.0	13368.0	6992.0	14026.0	10435.0	9635.0	13814.0	8831.0	9150.0	8277.0	7768.0	10347.0	12674.0	12003.0	13277.0	11453.0	12398.0	0.0	9600.0	13987.0	10119.0	8625.0	11232.0	7256.0	12909.0	13204.0	12892.0	13788.0	8730.0	12560.0	12896.0	14030.0	28098.0	10481.0	14043.0	10845.0	13782.0
QinJ_2012__T2D-008__bin.19	10843.0	6482.0	10337.0	8554.0	10519.0	10406.0	6536.0	11484.0	8884.0	8667.0	11832.0	7312.0	7462.0	6556.0	6146.0	9041.0	10793.0	10442.0	11541.0	10470.0	10244.0	9600.0	0.0	10597.0	9176.0	5836.0	9587.0	6472.0	11109.0	11205.0	10363.0	11365.0	5821.0	10664.0	10793.0	11509.0	22776.0	8662.0	11545.0	9294.0	12166.0
WenC_2017__RA068__bin.5	11172.0	7283.0	13066.0	9310.0	7897.0	13136.0	7035.0	13782.0	12388.0	8886.0	14962.0	7388.0	8948.0	8176.0	7201.0	9267.0	13088.0	11628.0	14611.0	11779.0	12667.0	13987.0	10597.0	0.0	11341.0	8906.0	11324.0	5795.0	12704.0	14480.0	6306.0	10617.0	8757.0	13216.0	14175.0	14235.0	27744.0	12236.0	15437.0	7325.0	16359.0
FerrettiP_2018__CA_C10029IS2503FE_t3M15__bin.3	11011.0	5150.0	10122.0	7997.0	11343.0	10314.0	7012.0	11027.0	9161.0	8503.0	12871.0	8743.0	7039.0	6114.0	4914.0	7701.0	12053.0	8949.0	10782.0	9852.0	10128.0	10119.0	9176.0	11341.0	0.0	4977.0	8058.0	6813.0	10822.0	10010.0	9792.0	11534.0	4846.0	9066.0	9466.0	4510.0	19497.0	10536.0	12753.0	9110.0	10750.0
HeQ_2017__RSZAXPI003102-140__bin.5	6963.0	4442.0	8432.0	5894.0	8269.0	7157.0	3951.0	4566.0	6370.0	6030.0	8818.0	3744.0	7833.0	6699.0	6459.0	3634.0	7308.0	6238.0	8852.0	5569.0	7917.0	8625.0	5836.0	8906.0	4977.0	0.0	6215.0	3843.0	7869.0	8159.0	7318.0	8106.0	240.0	7373.0	7899.0	7466.0	16444.0	6113.0	3665.0	6644.0	6349.0
QinJ_2012__CON-022__bin.36	10844.0	6634.0	10993.0	9110.0	11232.0	10687.0	6962.0	11304.0	9525.0	9644.0	11567.0	7488.0	8019.0	7204.0	6470.0	9782.0	12020.0	10317.0	10757.0	11687.0	10786.0	11232.0	9587.0	11324.0	8058.0	6215.0	0.0	6820.0	12094.0	10926.0	11063.0	11580.0	6281.0	8059.0	10499.0	10666.0	24184.0	8184.0	11242.0	10090.0	10608.0
QinN_2014__HD-58__bin.4	6450.0	4498.0	6375.0	5239.0	5962.0	7603.0	5070.0	7310.0	7944.0	5742.0	7677.0	5041.0	6171.0	4433.0	3460.0	5639.0	7321.0	6374.0	7555.0	6742.0	6286.0	7256.0	6472.0	5795.0	6813.0	3843.0	6820.0	0.0	5862.0	7204.0	5620.0	5443.0	4539.0	7429.0	7289.0	7735.0	16681.0	6077.0	8038.0	5118.0	8236.0
QinN_2014__LD-84__bin.67	11737.0	7430.0	13344.0	9419.0	12460.0	12591.0	8150.0	14177.0	10472.0	9484.0	13402.0	7977.0	8478.0	8390.0	6242.0	10655.0	14279.0	11735.0	13116.0	13574.0	13639.0	12909.0	11109.0	12704.0	10822.0	7869.0	12094.0	5862.0	0.0	13677.0	11006.0	12379.0	7522.0	13307.0	13848.0	13291.0	26773.0	10285.0	14166.0	9933.0	14589.0
LiJ_2014__O2.UC8-1__bin.57	12356.0	7657.0	13705.0	10860.0	14824.0	12894.0	7718.0	14780.0	10988.0	10566.0	13974.0	9545.0	10220.0	8874.0	8396.0	10634.0	13811.0	11979.0	1327.0	10984.0	13826.0	13204.0	11205.0	14480.0	10010.0	8159.0	10926.0	7204.0	13677.0	0.0	13198.0	13679.0	7787.0	13219.0	12408.0	13306.0	26735.0	10559.0	15523.0	11673.0	14251.0
QinN_2014__HD-81__bin.7	10334.0	7146.0	11805.0	8726.0	3497.0	11852.0	6731.0	12559.0	10970.0	8631.0	12616.0	6380.0	7608.0	7923.0	5879.0	8953.0	12091.0	10935.0	12582.0	10890.0	11476.0	12892.0	10363.0	6306.0	9792.0	7318.0	11063.0	5620.0	11006.0	13198.0	0.0	9516.0	7568.0	12844.0	13360.0	13117.0	26875.0	9908.0	13248.0	7514.0	13963.0
QinJ_2012__T2D-023__bin.48	11122.0	7462.0	13714.0	9866.0	10549.0	13623.0	7792.0	15040.0	12001.0	9101.0	14736.0	6528.0	9051.0	8086.0	6671.0	9907.0	13463.0	11997.0	13752.0	11568.0	13339.0	13788.0	11365.0	10617.0	11534.0	8106.0	11580.0	5443.0	12379.0	13679.0	9516.0	0.0	7736.0	13609.0	13727.0	14146.0	28442.0	11421.0	14836.0	3659.0	15064.0
HeQ_2017__RSZAXPI003081-115__bin.31	7050.0	4471.0	7974.0	5945.0	8142.0	7276.0	3911.0	4847.0	6991.0	5833.0	8835.0	3771.0	8063.0	7160.0	6659.0	3598.0	7046.0	5923.0	8825.0	5938.0	7710.0	8730.0	5821.0	8757.0	4846.0	240.0	6281.0	4539.0	7522.0	7787.0	7568.0	7736.0	0.0	7222.0	7903.0	7305.0	16016.0	5940.0	4167.0	6980.0	6765.0
QinJ_2012__NOM022__bin.8	11831.0	7306.0	12941.0	10380.0	14047.0	11695.0	7169.0	13191.0	10691.0	10347.0	13572.0	8609.0	8529.0	8065.0	7177.0	10403.0	12419.0	11810.0	13185.0	11161.0	12484.0	12560.0	10664.0	13216.0	9066.0	7373.0	8059.0	7429.0	13307.0	13219.0	12844.0	13609.0	7222.0	0.0	11923.0	13329.0	27756.0	9754.0	13825.0	11156.0	12910.0
LeChatelierE_2013__MH0321__bin.36	12679.0	7414.0	14097.0	10304.0	14264.0	12983.0	7859.0	13700.0	11984.0	10955.0	13871.0	9496.0	8823.0	9909.0	7246.0	10752.0	13939.0	12239.0	12716.0	12906.0	13697.0	12896.0	10793.0	14175.0	9466.0	7899.0	10499.0	7289.0	13848.0	12408.0	13360.0	13727.0	7903.0	11923.0	0.0	12122.0	26952.0	10853.0	14095.0	11408.0	13658.0
VogtmannE_2016__MMRS67247116ST-27-0-0__bin.90	13036.0	7358.0	13784.0	9431.0	14433.0	12900.0	7977.0	13663.0	11113.0	10457.0	13934.0	8954.0	9038.0	8459.0	7264.0	10283.0	14070.0	12204.0	13323.0	11350.0	13048.0	14030.0	11509.0	14235.0	4510.0	7466.0	10666.0	7735.0	13291.0	13306.0	13117.0	14146.0	7305.0	13329.0	12122.0	0.0	25881.0	11340.0	14792.0	11281.0	13641.0
ChengpingW_2017__AS42raw__bin.81	25187.0	15790.0	28083.0	20273.0	28367.0	26210.0	17911.0	27977.0	20693.0	22278.0	28217.0	17801.0	20169.0	17476.0	15546.0	23094.0	27236.0	24435.0	27096.0	25130.0	26994.0	28098.0	22776.0	27744.0	19497.0	16444.0	24184.0	16681.0	26773.0	26735.0	26875.0	28442.0	16016.0	27756.0	26952.0	25881.0	0.0	19580.0	28760.0	23552.0	28424.0
VogtmannE_2016__MMRS56137463ST-27-0-0__bin.1	11480.0	5222.0	10541.0	8613.0	11635.0	9811.0	6078.0	12006.0	9835.0	8229.0	12356.0	9700.0	6734.0	6070.0	3875.0	7839.0	12268.0	9337.0	11434.0	9859.0	9680.0	10481.0	8662.0	12236.0	10536.0	6113.0	8184.0	6077.0	10285.0	10559.0	9908.0	11421.0	5940.0	9754.0	10853.0	11340.0	19580.0	0.0	14998.0	8924.0	12047.0
QinN_2014__HD-43__bin.29	13028.0	7443.0	13898.0	10454.0	16766.0	15059.0	8298.0	9641.0	12636.0	11287.0	16349.0	10915.0	10957.0	12299.0	10277.0	6432.0	14982.0	11449.0	15455.0	13443.0	14709.0	14043.0	11545.0	15437.0	12753.0	3665.0	11242.0	8038.0	14166.0	15523.0	13248.0	14836.0	4167.0	13825.0	14095.0	14792.0	28760.0	14998.0	0.0	12046.0	14236.0
QinJ_2012__NLM032__bin.22	9624.0	7245.0	9956.0	8172.0	7396.0	10367.0	6051.0	11180.0	9590.0	8288.0	11399.0	4408.0	8588.0	7379.0	5904.0	8599.0	10550.0	10163.0	11945.0	11227.0	10585.0	10845.0	9294.0	7325.0	9110.0	6644.0	10090.0	5118.0	9933.0	11673.0	7514.0	3659.0	6980.0	11156.0	11408.0	11281.0	23552.0	8924.0	12046.0	0.0	11903.0
QinN_2014__LD-16__bin.6	13117.0	6869.0	15315.0	10488.0	16051.0	12840.0	9022.0	10996.0	11848.0	11210.0	14828.0	10645.0	10323.0	10700.0	8154.0	9211.0	15448.0	11606.0	15439.0	12300.0	15196.0	13782.0	12166.0	16359.0	10750.0	6349.0	10608.0	8236.0	14589.0	14251.0	13963.0	15064.0	6765.0	12910.0	13658.0	13641.0	28424.0	12047.0	14236.0	11903.0	0.0
