	KarlssonFH_2013__S517__bin.51	BritoIL_2016__WL.11.ST__bin.23	LeChatelierE_2013__MH0247__bin.73	ZellerG_2014__CCIS90903952ST-3-0__bin.20	ZeeviD_2015__PNP_Main_65__bin.27	ZeeviD_2015__PNP_Main_216__bin.37	SchirmerM_2016__G88853__bin.18	ZellerG_2014__CCIS74239020ST-4-0__bin.25	LiJ_2014__MH0374__bin.3	BritoIL_2016__M1.24.ST__bin.68	BritoIL_2016__M1.37.ST__bin.55	CosteaPI_2017__tigress-11-60-0__bin.19	ZeeviD_2015__PNP_Main_391__bin.18	BritoIL_2016__M2.40.ST__bin.42	LeChatelierE_2013__MH0422__bin.89	CosteaPI_2017__tigress-11-2-0__bin.2	BritoIL_2016__M2.11.ST__bin.69	ZeeviD_2015__PNP_Main_357__bin.9	ZeeviD_2015__PNP_Validation_63__bin.18	ZeeviD_2015__PNP_Main_311__bin.24	YuJ_2015__SZAXPI017591-140__bin.72	WenC_2017__RA030__bin.18	LeChatelierE_2013__MH0428__bin.46	ZeeviD_2015__PNP_Main_310__bin.38	FengQ_2015__SID31549__bin.26	CosteaPI_2017__tigress-11-0-0__bin.31	ZeeviD_2015__PNP_Main_589__bin.70	SchirmerM_2016__G89030__bin.39	CosteaPI_2017__SID713B007-11-0-0__bin.12	LiJ_2014__MH0345__bin.67	CM_madagascar__V48_03_2FE__bin.12	ZeeviD_2015__PNP_Main_287__bin.67	SchirmerM_2016__G89199__bin.19	LeChatelierE_2013__MH0447__bin.112	BritoIL_2016__M2.36.ST__bin.81	ZeeviD_2015__PNP_Main_34__bin.13	BritoIL_2016__W1.44.ST__bin.5	SchirmerM_2016__G89113__bin.12	CosteaPI_2017__tigress-11-7-0__bin.36
KarlssonFH_2013__S517__bin.51	0.0	46369.0	14862.0	29184.0	48831.0	33326.0	35765.0	28659.0	17472.0	30005.0	30641.0	29228.0	31813.0	29029.0	26044.0	26936.0	46539.0	29836.0	25786.0	8474.0	54043.0	45873.0	29714.0	31430.0	22298.0	29442.0	19975.0	26829.0	27814.0	14569.0	49057.0	26006.0	23520.0	27516.0	32343.0	30219.0	55723.0	35977.0	30206.0
BritoIL_2016__WL.11.ST__bin.23	46369.0	0.0	23165.0	44354.0	32631.0	46170.0	36309.0	43059.0	23391.0	46477.0	44690.0	45356.0	46302.0	41453.0	46604.0	42098.0	23685.0	45251.0	40804.0	46660.0	44034.0	41929.0	45432.0	47323.0	36127.0	46137.0	34012.0	41423.0	45538.0	46812.0	33797.0	41810.0	37529.0	44814.0	2968.0	45068.0	26421.0	43360.0	46722.0
LeChatelierE_2013__MH0247__bin.73	14862.0	23165.0	0.0	14855.0	25432.0	17447.0	17472.0	14078.0	17021.0	16440.0	17059.0	15347.0	17345.0	15757.0	15495.0	14155.0	24199.0	14912.0	14247.0	15481.0	28439.0	21947.0	15985.0	15811.0	10955.0	15023.0	9221.0	13123.0	15131.0	15603.0	26172.0	12912.0	11499.0	13808.0	18461.0	16664.0	28717.0	17845.0	15352.0
ZellerG_2014__CCIS90903952ST-3-0__bin.20	29184.0	44354.0	14855.0	0.0	48142.0	31179.0	35158.0	27091.0	17342.0	28099.0	29091.0	26153.0	30673.0	28318.0	28426.0	24516.0	44896.0	28417.0	24491.0	29097.0	50607.0	44785.0	28477.0	29222.0	22402.0	26560.0	19460.0	26293.0	27803.0	30010.0	47181.0	24830.0	23502.0	26924.0	30954.0	29044.0	52684.0	33260.0	26846.0
ZeeviD_2015__PNP_Main_65__bin.27	48831.0	32631.0	25432.0	48142.0	0.0	49583.0	37776.0	46654.0	26051.0	49745.0	47806.0	48577.0	49319.0	44676.0	50097.0	45933.0	35352.0	48183.0	44063.0	49195.0	47751.0	43335.0	48290.0	49636.0	38366.0	49296.0	37963.0	44057.0	48882.0	49249.0	35645.0	44119.0	39890.0	48919.0	21777.0	47738.0	36854.0	47140.0	49952.0
ZeeviD_2015__PNP_Main_216__bin.37	33326.0	46170.0	17447.0	31179.0	49583.0	0.0	36501.0	30753.0	18960.0	31595.0	32375.0	32846.0	32681.0	30771.0	33594.0	30367.0	46670.0	30481.0	28377.0	33015.0	54243.0	45762.0	29937.0	33897.0	26262.0	33076.0	23785.0	25441.0	31503.0	33423.0	49834.0	27465.0	25130.0	32029.0	31633.0	29090.0	55167.0	37786.0	33342.0
SchirmerM_2016__G88853__bin.18	35765.0	36309.0	17472.0	35158.0	37776.0	36501.0	0.0	34594.0	19027.0	35994.0	35032.0	35581.0	35900.0	33313.0	36696.0	34066.0	36738.0	35433.0	31720.0	36610.0	38894.0	35098.0	34868.0	37336.0	28822.0	36080.0	24738.0	32511.0	36504.0	34916.0	41176.0	32731.0	30387.0	34453.0	24623.0	34239.0	42075.0	34075.0	36204.0
ZellerG_2014__CCIS74239020ST-4-0__bin.25	28659.0	43059.0	14078.0	27091.0	46654.0	30753.0	34594.0	0.0	17447.0	29271.0	30060.0	25285.0	30297.0	28901.0	27552.0	24436.0	42965.0	28771.0	25684.0	29094.0	47943.0	43957.0	28368.0	28419.0	21572.0	25728.0	20529.0	25996.0	27035.0	28519.0	46430.0	24694.0	22631.0	26880.0	29793.0	28780.0	50692.0	33386.0	26004.0
LiJ_2014__MH0374__bin.3	17472.0	23391.0	17021.0	17342.0	26051.0	18960.0	19027.0	17447.0	0.0	17016.0	17422.0	18932.0	18346.0	16095.0	18193.0	16498.0	24622.0	17452.0	17057.0	17169.0	29480.0	24558.0	19135.0	18479.0	12355.0	18475.0	10680.0	14926.0	18073.0	17843.0	26938.0	15723.0	13084.0	16746.0	18330.0	17443.0	29682.0	20082.0	18742.0
BritoIL_2016__M1.24.ST__bin.68	30005.0	46477.0	16440.0	28099.0	49745.0	31595.0	35994.0	29271.0	17016.0	0.0	3501.0	29898.0	32836.0	4918.0	30841.0	27720.0	47151.0	29945.0	27173.0	30269.0	52577.0	45901.0	31293.0	31402.0	22346.0	30156.0	20803.0	26646.0	29044.0	30963.0	48792.0	26820.0	24054.0	28458.0	32263.0	30615.0	56755.0	34671.0	30645.0
BritoIL_2016__M1.37.ST__bin.55	30641.0	44690.0	17059.0	29091.0	47806.0	32375.0	35032.0	30060.0	17422.0	3501.0	0.0	31102.0	33498.0	1746.0	31485.0	28740.0	44967.0	30391.0	27793.0	31369.0	51724.0	45474.0	32286.0	32329.0	23026.0	31450.0	21161.0	27269.0	30145.0	32115.0	47590.0	27867.0	24674.0	29398.0	30811.0	31302.0	54403.0	34591.0	31806.0
CosteaPI_2017__tigress-11-60-0__bin.19	29228.0	45356.0	15347.0	26153.0	48577.0	32846.0	35581.0	25285.0	18932.0	29898.0	31102.0	0.0	31429.0	29201.0	29237.0	874.0	45998.0	29412.0	26094.0	30070.0	53407.0	45783.0	30405.0	30832.0	21937.0	424.0	21465.0	24729.0	29345.0	30706.0	49085.0	25179.0	22946.0	28887.0	32355.0	30219.0	55114.0	33899.0	408.0
ZeeviD_2015__PNP_Main_391__bin.18	31813.0	46302.0	17345.0	30673.0	49319.0	32681.0	35900.0	30297.0	18346.0	32836.0	33498.0	31429.0	0.0	31814.0	31216.0	29395.0	47211.0	29929.0	29575.0	32378.0	53321.0	45665.0	30637.0	32683.0	24888.0	31849.0	22743.0	27979.0	32344.0	32292.0	49953.0	27780.0	25322.0	31162.0	31754.0	29112.0	54865.0	36776.0	32306.0
BritoIL_2016__M2.40.ST__bin.42	29029.0	41453.0	15757.0	28318.0	44676.0	30771.0	33313.0	28901.0	16095.0	4918.0	1746.0	29201.0	31814.0	0.0	29660.0	27809.0	42573.0	29109.0	27341.0	29733.0	47403.0	42037.0	30696.0	30866.0	22449.0	29902.0	20422.0	26255.0	28628.0	30804.0	44183.0	26221.0	23833.0	28257.0	28486.0	29328.0	50125.0	32970.0	30495.0
LeChatelierE_2013__MH0422__bin.89	26044.0	46604.0	15495.0	28426.0	50097.0	33594.0	36696.0	27552.0	18193.0	30841.0	31485.0	29237.0	31216.0	29660.0	0.0	26525.0	46438.0	30809.0	27077.0	26954.0	53909.0	46077.0	28548.0	30314.0	19750.0	29463.0	20137.0	27932.0	28120.0	27193.0	49112.0	25429.0	24041.0	26520.0	32820.0	30413.0	55958.0	34897.0	29916.0
CosteaPI_2017__tigress-11-2-0__bin.2	26936.0	42098.0	14155.0	24516.0	45933.0	30367.0	34066.0	24436.0	16498.0	27720.0	28740.0	874.0	29395.0	27809.0	26525.0	0.0	42267.0	26907.0	25111.0	27491.0	48146.0	43603.0	27957.0	28333.0	21099.0	989.0	20428.0	24553.0	26833.0	27834.0	46995.0	24129.0	22469.0	26943.0	29434.0	27830.0	51064.0	32157.0	916.0
BritoIL_2016__M2.11.ST__bin.69	46539.0	23685.0	24199.0	44896.0	35352.0	46670.0	36738.0	42965.0	24622.0	47151.0	44967.0	45998.0	47211.0	42573.0	46438.0	42267.0	0.0	44616.0	41185.0	46324.0	46744.0	42285.0	45411.0	45400.0	36595.0	45847.0	33824.0	41242.0	45657.0	45991.0	35824.0	40673.0	37549.0	44199.0	16050.0	44325.0	27205.0	43352.0	46586.0
ZeeviD_2015__PNP_Main_357__bin.9	29836.0	45251.0	14912.0	28417.0	48183.0	30481.0	35433.0	28771.0	17452.0	29945.0	30391.0	29412.0	29929.0	29109.0	30809.0	26907.0	44616.0	0.0	26692.0	29952.0	52384.0	45484.0	28333.0	30433.0	23171.0	29374.0	21465.0	23761.0	29054.0	30466.0	47643.0	25451.0	23470.0	29560.0	31646.0	28177.0	54999.0	35804.0	29348.0
ZeeviD_2015__PNP_Validation_63__bin.18	25786.0	40804.0	14247.0	24491.0	44063.0	28377.0	31720.0	25684.0	17057.0	27173.0	27793.0	26094.0	29575.0	27341.0	27077.0	25111.0	41185.0	26692.0	0.0	26292.0	46590.0	40247.0	27373.0	27976.0	21331.0	26745.0	20201.0	24707.0	25967.0	26555.0	43217.0	24195.0	21458.0	25489.0	28439.0	27433.0	47710.0	31130.0	26914.0
ZeeviD_2015__PNP_Main_311__bin.24	8474.0	46660.0	15481.0	29097.0	49195.0	33015.0	36610.0	29094.0	17169.0	30269.0	31369.0	30070.0	32378.0	29733.0	26954.0	27491.0	46324.0	29952.0	26292.0	0.0	54983.0	45898.0	28335.0	31448.0	22435.0	30546.0	20604.0	27565.0	27473.0	17070.0	49842.0	26423.0	24334.0	28239.0	32295.0	29655.0	55493.0	36153.0	31128.0
YuJ_2015__SZAXPI017591-140__bin.72	54043.0	44034.0	28439.0	50607.0	47751.0	54243.0	38894.0	47943.0	29480.0	52577.0	51724.0	53407.0	53321.0	47403.0	53909.0	48146.0	46744.0	52384.0	46590.0	54983.0	0.0	36152.0	50826.0	55261.0	39878.0	54223.0	37811.0	46382.0	53970.0	53890.0	48112.0	46857.0	41529.0	50994.0	30745.0	51156.0	52314.0	47390.0	54854.0
WenC_2017__RA030__bin.18	45873.0	41929.0	21947.0	44785.0	43335.0	45762.0	35098.0	43957.0	24558.0	45901.0	45474.0	45783.0	45665.0	42037.0	46077.0	43603.0	42285.0	45484.0	40247.0	45898.0	36152.0	0.0	46289.0	46613.0	34994.0	46326.0	33581.0	40895.0	46225.0	45416.0	43659.0	41382.0	37165.0	44150.0	27269.0	45265.0	47506.0	42310.0	47132.0
LeChatelierE_2013__MH0428__bin.46	29714.0	45432.0	15985.0	28477.0	48290.0	29937.0	34868.0	28368.0	19135.0	31293.0	32286.0	30405.0	30637.0	30696.0	28548.0	27957.0	45411.0	28333.0	27373.0	28335.0	50826.0	46289.0	0.0	30731.0	22823.0	31156.0	21160.0	25765.0	28582.0	29449.0	49464.0	25768.0	23066.0	28807.0	32270.0	27218.0	54533.0	35038.0	31531.0
ZeeviD_2015__PNP_Main_310__bin.38	31430.0	47323.0	15811.0	29222.0	49636.0	33897.0	37336.0	28419.0	18479.0	31402.0	32329.0	30832.0	32683.0	30866.0	30314.0	28333.0	45400.0	30433.0	27976.0	31448.0	55261.0	46613.0	30731.0	0.0	23456.0	31636.0	21509.0	24884.0	30387.0	30911.0	49604.0	11234.0	25518.0	29504.0	33080.0	29444.0	56435.0	36384.0	31745.0
FengQ_2015__SID31549__bin.26	22298.0	36127.0	10955.0	22402.0	38366.0	26262.0	28822.0	21572.0	12355.0	22346.0	23026.0	21937.0	24888.0	22449.0	19750.0	21099.0	36595.0	23171.0	21331.0	22435.0	39878.0	34994.0	22823.0	23456.0	0.0	22411.0	16499.0	21137.0	20788.0	21324.0	37166.0	20565.0	19257.0	20701.0	23059.0	23895.0	41524.0	26433.0	22775.0
CosteaPI_2017__tigress-11-0-0__bin.31	29442.0	46137.0	15023.0	26560.0	49296.0	33076.0	36080.0	25728.0	18475.0	30156.0	31450.0	424.0	31849.0	29902.0	29463.0	989.0	45847.0	29374.0	26745.0	30546.0	54223.0	46326.0	31156.0	31636.0	22411.0	0.0	21620.0	25078.0	29962.0	31279.0	49830.0	25905.0	23419.0	29435.0	32485.0	30724.0	55729.0	33951.0	200.0
ZeeviD_2015__PNP_Main_589__bin.70	19975.0	34012.0	9221.0	19460.0	37963.0	23785.0	24738.0	20529.0	10680.0	20803.0	21161.0	21465.0	22743.0	20422.0	20137.0	20428.0	33824.0	21465.0	20201.0	20604.0	37811.0	33581.0	21160.0	21509.0	16499.0	21620.0	0.0	19754.0	19463.0	21237.0	36377.0	19305.0	18291.0	6383.0	22134.0	20612.0	40901.0	23296.0	22051.0
SchirmerM_2016__G89030__bin.39	26829.0	41423.0	13123.0	26293.0	44057.0	25441.0	32511.0	25996.0	14926.0	26646.0	27269.0	24729.0	27979.0	26255.0	27932.0	24553.0	41242.0	23761.0	24707.0	27565.0	46382.0	40895.0	25765.0	24884.0	21137.0	25078.0	19754.0	0.0	26267.0	27581.0	45104.0	21321.0	20977.0	25839.0	28183.0	23588.0	48917.0	32283.0	25410.0
CosteaPI_2017__SID713B007-11-0-0__bin.12	27814.0	45538.0	15131.0	27803.0	48882.0	31503.0	36504.0	27035.0	18073.0	29044.0	30145.0	29345.0	32344.0	28628.0	28120.0	26833.0	45657.0	29054.0	25967.0	27473.0	53970.0	46225.0	28582.0	30387.0	20788.0	29962.0	19463.0	26267.0	0.0	28459.0	49429.0	24481.0	22639.0	25757.0	32335.0	30577.0	54915.0	34490.0	29989.0
LiJ_2014__MH0345__bin.67	14569.0	46812.0	15603.0	30010.0	49249.0	33423.0	34916.0	28519.0	17843.0	30963.0	32115.0	30706.0	32292.0	30804.0	27193.0	27834.0	45991.0	30466.0	26555.0	17070.0	53890.0	45416.0	29449.0	30911.0	21324.0	31279.0	21237.0	27581.0	28459.0	0.0	49368.0	25705.0	24442.0	28497.0	32225.0	30723.0	55451.0	36757.0	32175.0
CM_madagascar__V48_03_2FE__bin.12	49057.0	33797.0	26172.0	47181.0	35645.0	49834.0	41176.0	46430.0	26938.0	48792.0	47590.0	49085.0	49953.0	44183.0	49112.0	46995.0	35824.0	47643.0	43217.0	49842.0	48112.0	43659.0	49464.0	49604.0	37166.0	49830.0	36377.0	45104.0	49429.0	49368.0	0.0	44226.0	40358.0	47427.0	22683.0	47913.0	37559.0	47449.0	50036.0
ZeeviD_2015__PNP_Main_287__bin.67	26006.0	41810.0	12912.0	24830.0	44119.0	27465.0	32731.0	24694.0	15723.0	26820.0	27867.0	25179.0	27780.0	26221.0	25429.0	24129.0	40673.0	25451.0	24195.0	26423.0	46857.0	41382.0	25768.0	11234.0	20565.0	25905.0	19305.0	21321.0	24481.0	25705.0	44226.0	0.0	21543.0	24429.0	28894.0	25462.0	49577.0	32219.0	25824.0
SchirmerM_2016__G89199__bin.19	23520.0	37529.0	11499.0	23502.0	39890.0	25130.0	30387.0	22631.0	13084.0	24054.0	24674.0	22946.0	25322.0	23833.0	24041.0	22469.0	37549.0	23470.0	21458.0	24334.0	41529.0	37165.0	23066.0	25518.0	19257.0	23419.0	18291.0	20977.0	22639.0	24442.0	40358.0	21543.0	0.0	23259.0	25050.0	24940.0	43894.0	28233.0	23621.0
LeChatelierE_2013__MH0447__bin.112	27516.0	44814.0	13808.0	26924.0	48919.0	32029.0	34453.0	26880.0	16746.0	28458.0	29398.0	28887.0	31162.0	28257.0	26520.0	26943.0	44199.0	29560.0	25489.0	28239.0	50994.0	44150.0	28807.0	29504.0	20701.0	29435.0	6383.0	25839.0	25757.0	28497.0	47427.0	24429.0	23259.0	0.0	30329.0	27487.0	54112.0	31398.0	29698.0
BritoIL_2016__M2.36.ST__bin.81	32343.0	2968.0	18461.0	30954.0	21777.0	31633.0	24623.0	29793.0	18330.0	32263.0	30811.0	32355.0	31754.0	28486.0	32820.0	29434.0	16050.0	31646.0	28439.0	32295.0	30745.0	27269.0	32270.0	33080.0	23059.0	32485.0	22134.0	28183.0	32335.0	32225.0	22683.0	28894.0	25050.0	30329.0	0.0	30727.0	18057.0	30282.0	33182.0
ZeeviD_2015__PNP_Main_34__bin.13	30219.0	45068.0	16664.0	29044.0	47738.0	29090.0	34239.0	28780.0	17443.0	30615.0	31302.0	30219.0	29112.0	29328.0	30413.0	27830.0	44325.0	28177.0	27433.0	29655.0	51156.0	45265.0	27218.0	29444.0	23895.0	30724.0	20612.0	23588.0	30577.0	30723.0	47913.0	25462.0	24940.0	27487.0	30727.0	0.0	54847.0	34637.0	30898.0
BritoIL_2016__W1.44.ST__bin.5	55723.0	26421.0	28717.0	52684.0	36854.0	55167.0	42075.0	50692.0	29682.0	56755.0	54403.0	55114.0	54865.0	50125.0	55958.0	51064.0	27205.0	54999.0	47710.0	55493.0	52314.0	47506.0	54533.0	56435.0	41524.0	55729.0	40901.0	48917.0	54915.0	55451.0	37559.0	49577.0	43894.0	54112.0	18057.0	54847.0	0.0	52024.0	56277.0
SchirmerM_2016__G89113__bin.12	35977.0	43360.0	17845.0	33260.0	47140.0	37786.0	34075.0	33386.0	20082.0	34671.0	34591.0	33899.0	36776.0	32970.0	34897.0	32157.0	43352.0	35804.0	31130.0	36153.0	47390.0	42310.0	35038.0	36384.0	26433.0	33951.0	23296.0	32283.0	34490.0	36757.0	47449.0	32219.0	28233.0	31398.0	30282.0	34637.0	52024.0	0.0	34603.0
CosteaPI_2017__tigress-11-7-0__bin.36	30206.0	46722.0	15352.0	26846.0	49952.0	33342.0	36204.0	26004.0	18742.0	30645.0	31806.0	408.0	32306.0	30495.0	29916.0	916.0	46586.0	29348.0	26914.0	31128.0	54854.0	47132.0	31531.0	31745.0	22775.0	200.0	22051.0	25410.0	29989.0	32175.0	50036.0	25824.0	23621.0	29698.0	33182.0	30898.0	56277.0	34603.0	0.0
